10.061375
17.118275
19.809725
21.901075
23.363975
28.52655
31.032375
31.790075
31.94735
33.473075
46.143625
47.416325
51.958775
53.8825
56.001875
57.65925
60.9331
64.82625
65.54175
65.99235
66.3108
66.446025
76.0954
90.1544
90.23275
90.293325
93.3954
98.9477
101.8751
108.92905
109.330575
109.412075
110.987775
118.456825
120.192425
120.4343
121.546375
126.153975
126.316325
130.08005
130.977325
131.464925
133.57895
135.3242
135.3342
137.149425
139.909225
139.993625
140.0056
140.011325
140.0236
140.38565
145.4125
146.511125
161.0437
161.560375
162.174375
164.643125
167.946825
168.021175
168.35325
168.747975
168.987225
169.071225
169.118575
170.261525
176.473775
176.559025
177.581825
177.741925
180.58155
183.37125
184.6081
186.730975
190.9584
191.025475
191.4153
192.1353
192.2318
192.5309
193.3722
193.4162
193.714425
194.5494
194.658125
197.515225
197.574625
197.99135
202.542775
202.7998
202.871225
202.95855
203.387025
203.52425
203.5819
203.612075
205.5839
206.156075
211.215875
213.98465
214.055525
215.692375
215.805625
216.199025
219.59465
221.185725
222.498125
222.583875
230.280125
231.4742
234.50925
234.518925
235.40365
236.397775
236.446275
237.57835
240.42605
240.657725
241.70775
247.8486
247.8821
247.99855
