0.83065
2.51765
2.6802
3.5325
3.5591
3.74735
3.755175
4.197775
4.472625
4.707925
4.92675
5.825025
6.91745
7.014
7.879425
7.91635
8.040725
8.09835
8.6137
9.2109
9.59955
9.637875
9.65
10.089
10.444725
10.684325
11.043225
11.3473
11.749425
11.926675
12.30535
12.408725
12.61705
14.3678
14.53585
14.91065
15.359775
15.9343
16.468725
16.77565
17.036975
18.0898
18.4213
18.423725
18.426775
18.7252
19.143425
19.169275
19.67195
19.7467
19.809
20.120475
21.0162
22.385825
22.9539
23.6333
24.853825
25.47505
25.920225
26.56735
27.329225
27.871175
28.877075
29.3913
29.473775
30.533575
31.122025
33.1122
33.809775
34.844325
35.791025
36.782525
36.906275
36.970025
37.2566
37.71705
38.8446
39.13405
39.144475
40.134
40.394325
40.44275
43.086975
43.177125
44.418225
44.826125
45.615925
45.787175
46.122925
46.3442
46.7135
47.068075
47.195575
47.344325
47.3906
47.488375
47.79325
47.79615
48.109675
48.6374
51.435525
51.756575
52.245725
53.5642
53.813525
53.906475
54.6039
54.607725
57.38145
58.602725
59.15065
59.884275
60.057525
60.165775
60.6603
60.674525
60.7771
60.7799
61.004225
61.026975
61.03
61.033625
61.04435
61.05225
61.05325
62.456175
62.96065
63.428825
63.46475
63.715825
64.3988
64.745975
64.803675
64.982525
65.409825
66.1992
66.45885
67.021175
67.02435
68.026425
70.5849
71.054475
71.05795
71.51065
71.801175
73.38835
74.668925
75.053675
76.47645
77.0714
77.526225
78.434575
78.443225
78.806825
79.134425
79.491575
79.496275
80.18235
81.06875
83.091175
83.95215
83.954825
84.044725
86.067975
86.673
86.6769
87.90805
89.0336
89.27075
90.771125
90.95605
92.504225
93.129025
93.244125
93.26725
94.32155
94.323475
94.325075
94.32685
94.329025
94.821275
95.058525
95.3225
96.463575
98.507925
98.675775
98.9084
99.717275
99.723175
101.33905
101.54625
102.284625
102.9041
103.65085
104.19205
104.304075
104.581725
104.63035
105.187525
106.636775
107.72255
108.1433
108.150775
109.7483
110.233675
110.4485
110.759975
110.821075
111.645825
113.60955
113.8583
113.909175
114.08265
114.120225
114.51755
115.97315
116.1749
116.5685
117.530275
118.47425
119.4091
119.412725
120.463375
120.5906
120.968
121.445925
121.928725
122.23355
123.042175
123.1004
123.616575
124.26515
124.541475
125.01745
126.517175
126.675925
126.67785
126.6912
127.18465
127.781775
128.06225
130.528
132.506575
132.789625
132.991075
133.521575
134.606025
135.229375
136.217425
136.711925
137.134675
137.6824
138.2388
138.27305
140.3467
140.349975
142.666525
142.6684
147.274925
147.611075
147.88375
148.280225
148.698775
150.240075
151.177675
151.756575
153.98855
153.9911
154.50895
154.641425
155.25715
155.275825
155.598625
156.8465
157.112525
157.4738
159.407725
162.326675
163.348475
163.692475
164.1691
164.6863
165.932875
166.0525
166.50165
167.253175
167.64095
167.9063
167.934025
167.988725
168.107225
168.2018
168.43905
169.19125
169.968225
170.16075
170.1687
170.250175
170.251625
170.254525
170.263975
170.26785
170.270625
170.273025
170.27595
170.279
170.626575
170.89515
171.396
171.3986
171.499725
172.024375
173.457075
173.912775
174.247825
174.3088
174.377525
174.5523
174.98345
175.263975
175.26715
176.479575
176.595775
176.6114
176.71975
176.766275
176.8366
176.887375
176.8975
177.464375
177.466925
177.476
177.4781
177.48375
177.4859
177.56305
177.6567
177.6722
177.69085
177.72035
178.207025
178.2094
178.2335
178.4212
179.7221
179.72415
179.72625
179.7285
179.731825
179.805725
179.873925
180.03245
180.07295
180.20395
180.42755
180.471325
180.989025
181.34685
181.599
182.398875
182.879075
183.20885
184.703225
184.998225
185.34655
185.62855
186.150975
187.216075
187.608775
188.385175
189.731725
190.131725
190.3024
190.452975
190.787325
190.967425
191.332475
191.371925
191.704525
191.7407
191.74475
192.177925
192.49015
192.5925
192.8536
194.311775
194.3757
194.648
194.76185
195.2849
195.287
195.289075
195.569075
195.9425
196.626525
197.344825
197.4302
197.635975
197.85165
198.588275
198.976325
200.184775
200.18945
201.877425
202.1364
202.285525
202.4522
202.843325
202.918225
202.986225
203.3347
203.426625
203.862375
204.29015
204.596275
205.187675
205.7402
205.77165
206.03325
206.09145
206.10195
206.115275
206.138
206.6288
206.63175
206.6428
206.857175
206.859575
206.883975
207.161475
207.17885
207.203325
207.40505
208.069925
209.424675
209.438675
212.14765
212.86675
213.45115
214.70915
214.976225
215.221825
215.3453
215.798225
215.9673
216.04965
216.263425
216.3593
216.674525
222.973225
223.158375
223.44045
223.450975
223.9318
224.05175
224.0682
224.1363
224.3494
225.17795
228.2934
229.1105
229.1219
231.152075
231.920475
232.798225
234.1667
234.63565
236.666425
237.403925
238.42805
242.854325
243.663325
245.2128
245.24405
245.746225
245.930325
246.5727
247.207725
247.210325
248.37695
248.780025
249.0003
