0.39095
0.460075
0.5058
2.75925
3.70595
3.767625
3.774925
3.812175
3.817175
7.344275
9.6151
13.55845
14.998475
15.024875
15.112775
15.178375
15.220025
16.764525
17.492925
21.11625
21.181675
25.127325
25.146575
25.1739
25.20085
29.999475
30.260275
31.54095
37.087925
37.10635
37.130075
37.1989
37.22
37.3586
37.37865
37.3996
37.4236
37.4526
38.585125
38.6255
38.74165
38.75445
38.787625
38.8135
38.88245
38.9043
38.910075
38.9606
39.00085
39.34565
39.36
39.3855
39.435925
39.4765
40.445725
42.511975
43.49145
44.75365
44.80635
44.868
44.89185
44.894375
44.90115
45.80145
45.821025
45.96575
46.036225
46.0504
46.0539
46.081925
46.091325
46.116125
46.321325
46.35495
46.92035
47.095625
47.12155
47.2758
47.2813
47.352
47.404225
47.5256
47.55185
49.69815
49.71335
49.72355
51.180625
52.578325
53.833
53.90695
54.604725
55.192125
56.96695
57.007325
57.03205
57.036525
59.100225
60.21995
60.263925
60.288975
60.299625
60.329
60.33495
60.3719
60.38695
60.4258
60.5684
60.59255
60.62075
60.642275
60.783175
60.82945
60.92905
60.94485
61.012075
61.045475
61.1454
61.16325
61.493425
63.0137
63.147275
63.18235
63.18835
65.212875
65.289425
65.39815
65.4472
66.3054
66.349525
66.493075
66.525625
66.579925
69.58815
70.21475
71.137825
71.192375
71.19905
71.249775
71.334175
71.38025
72.750075
76.14315
77.23655
77.756325
77.772125
78.519575
78.534575
78.579625
78.6083
78.64215
78.666775
78.719925
78.7927
78.802925
80.1723
80.635525
81.605375
81.959075
82.030275
86.303775
86.3258
86.40075
86.91625
88.042275
88.11695
88.1476
88.181525
88.24975
88.3379
88.40875
88.457625
91.082475
91.984425
92.6461
92.668375
92.675925
92.694525
92.6985
92.716125
92.718525
92.74555
92.76575
92.791275
92.8146
92.827675
92.8313
92.85825
92.903625
93.488425
93.6983
93.736225
93.758575
93.7754
93.79175
93.796525
94.303575
94.3265
94.332325
94.3455
94.348325
94.400075
94.453625
94.46255
94.51895
94.56285
94.643
95.081375
95.246825
95.2965
97.50065
98.192925
98.82005
98.86065
98.915025
99.103125
101.93405
102.886025
106.644425
106.662175
106.838825
107.6531
110.49395
110.559925
110.56425
110.704825
110.999175
111.0065
111.0477
111.050925
111.092825
111.109075
111.1226
111.125725
111.142175
111.146125
111.19115
112.3051
113.7172
113.7468
113.753575
113.796975
113.80455
113.825825
114.046225
114.0649
114.070125
114.3418
114.48585
114.688475
114.762375
114.7717
114.787325
114.790475
114.839775
114.847825
114.863075
114.87025
118.181325
120.0295
120.105775
120.17725
120.21135
120.4278
121.0225
121.395075
121.40385
121.494575
123.7244
124.45805
124.508025
125.104425
125.160175
126.43135
126.459025
126.470075
126.491375
126.52555
126.573925
126.59045
126.602875
126.700975
126.727175
126.7627
126.803
126.8488
128.5997
128.7489
130.08995
130.100675
130.139975
130.179675
130.2762
133.413
133.59865
134.2566
134.2807
134.2837
134.35295
134.461975
135.356025
136.646775
138.76185
139.29235
139.32765
139.935875
141.543225
142.811925
145.06155
146.551925
146.9831
147.530375
147.53475
149.002275
150.38825
151.49945
153.5691
153.662375
153.785825
153.8737
153.89645
153.933275
153.9418
156.0122
156.1339
156.1382
156.171475
156.664725
160.06445
160.96695
165.944825
165.980975
166.047625
166.05075
166.053225
166.055475
166.05945
166.062225
166.065375
166.067625
166.0708
166.0728
166.07555
166.082625
166.090525
166.103125
166.110775
166.11465
166.117175
166.12255
166.125075
166.12845
166.131325
166.1343
166.138775
166.14125
166.145325
166.14855
166.152325
166.15675
166.159775
166.163725
166.16785
166.17215
166.175575
166.18075
166.18535
166.189
166.192575
166.19885
166.2097
166.2188
166.22215
166.22935
166.233925
166.237575
166.24435
166.248975
166.2533
166.257275
166.2625
166.268525
166.2737
166.2798
166.2859
166.29405
166.2998
166.303225
166.306975
166.318425
166.3271
166.337975
166.342375
166.353775
166.362125
166.3686
166.376225
166.384275
166.391525
166.3962
166.39925
166.40445
166.4232
166.4299
166.433625
166.437825
166.441625
166.448375
166.452475
166.45745
166.463775
166.466125
166.473325
166.4812
166.48465
166.489675
166.4938
166.500675
166.517475
166.530175
166.538625
166.575425
166.601075
166.624975
166.645025
166.65315
166.677925
166.7479
166.75185
166.756925
166.763725
166.76735
166.7744
166.78385
166.792075
166.8005
166.805475
166.820175
166.82925
166.837575
166.8541
166.866775
166.88835
166.8934
166.9102
166.925775
166.930475
166.961925
166.9817
166.995225
167.01415
167.0278
167.04485
167.0595
167.076975
167.094575
167.123775
167.13905
167.14895
167.157275
167.1636
167.191875
167.227125
167.24015
167.28515
167.360075
167.41995
167.4642
167.51015
167.5504
167.569225
167.578275
167.58725
167.6052
167.6702
167.705575
167.8818
167.886
167.890725
167.9036
167.9065
167.91455
167.937375
167.964425
167.974575
167.984175
167.993225
167.99845
168.0033
168.006475
168.011225
168.016625
168.020525
168.02455
168.03245
168.042575
168.047825
168.06025
168.068525
168.08425
168.10875
168.127475
168.131725
168.146925
168.1579
168.1654
168.1712
168.1787
168.185875
168.19345
168.199825
168.21195
168.2164
168.23115
168.238175
168.242825
168.248425
168.257825
168.2713
168.2785
168.2856
168.29405
168.301925
168.309
168.33265
168.348075
168.3606
168.409225
168.4411
168.7453
168.820875
168.851775
168.87165
168.91815
169.577025
169.8255
169.8539
169.9219
170.01195
170.05175
170.062275
170.083325
170.094025
170.176225
170.2054
170.243525
170.296325
170.38165
170.516675
170.541225
170.558025
170.578075
170.5915
170.595075
170.64755
170.685525
170.711575
170.73755
171.001
171.040375
171.06735
171.117425
171.756475
173.05535
173.12275
173.90935
174.2691
174.339425
176.5647
176.6003
176.658825
176.681675
176.7291
176.836125
177.288375
177.33
177.3551
177.380875
177.488075
177.5083
177.67755
179.561425
179.69045
179.7039
179.7613
179.90465
179.927425
179.987325
180.173525
180.44715
180.500725
180.5368
180.539725
180.5632
180.58435
180.5963
180.607675
180.618025
180.628875
180.657375
182.05485
185.45655
185.512
185.57555
186.73215
190.5485
190.703025
190.911475
190.935225
191.0145
191.0592
191.0819
191.107
191.1273
191.155225
191.721575
191.7923
192.173375
192.1925
192.3241
192.3467
192.3869
192.52165
192.551225
192.747425
192.93915
192.96575
193.0022
193.102575
193.133975
193.154875
193.17685
193.31535
193.34095
193.419375
193.436525
193.467875
193.496225
193.5218
193.527325
193.53895
193.608825
193.7789
193.857425
193.97215
194.06005
194.08475
194.109025
194.208475
194.2282
194.253075
194.31645
194.340475
194.38715
194.4106
194.438025
194.5801
194.718425
194.975475
195.308575
195.910825
196.72135
197.03295
197.07085
197.1005
197.1383
197.1637
197.234625
197.257625
197.27495
197.289725
197.2986
197.350475
197.366475
197.382425
197.454675
197.47565
197.5018
199.005975
199.7597
200.148675
200.543325
200.637075
201.689475
202.1008
202.120825
202.50505
202.571075
202.67405
202.782925
202.807525
202.839725
202.9181
202.9594
203.53595
203.580625
203.63675
203.78345
203.810875
203.847075
203.87325
203.9126
204.47145
204.536175
204.552825
204.5625
204.575875
204.63845
204.84885
204.898025
204.9061
205.119525
205.164325
205.20895
205.268475
205.29185
205.345975
205.5852
205.6156
205.963125
206.188
209.366375
210.024575
211.2002
213.18345
214.625675
215.488675
215.575825
215.639525
215.6687
215.6838
215.7691
216.044875
216.16975
216.1798
217.79735
218.93305
220.84845
222.052925
222.502425
222.584325
223.502575
223.848725
223.8733
224.0119
224.03225
224.947575
225.32185
227.060825
228.69155
230.25895
230.263175
240.628275
240.64665
246.53415
248.050375
248.0524
248.055325
248.061575
