2.788175
5.2019
9.465775
10.038375
10.90305
11.32655
11.330075
11.617525
16.6251
16.644075
17.084375
18.526725
23.37275
27.16055
30.198275
31.796975
33.06245
33.987975
37.687225
38.086875
38.47535
44.8003
44.9518
45.039725
45.13525
45.517375
46.062925
46.412475
46.4157
46.65075
47.2047
47.2461
47.42585
47.723075
47.7254
47.72755
47.7308
48.046225
48.28985
48.294725
48.97715
53.8703
59.071675
59.143875
61.520375
61.80535
64.401675
65.318375
66.014375
66.2469
66.778325
66.7806
66.783525
67.114575
67.461
71.3903
71.4488
71.740975
71.74445
71.747975
74.02115
76.1418
76.43945
77.5796
77.588625
78.6671
79.798075
81.12035
81.3929
84.35075
84.967425
86.326625
90.218925
90.2341
92.8853
94.039925
94.35325
94.540075
94.708425
95.03005
95.032525
95.03575
95.76005
98.960625
99.73825
100.371975
101.40875
101.786725
102.691275
104.228875
104.58595
104.6295
104.6948
104.967375
106.637625
109.409275
111.077
111.1094
111.171975
111.42025
111.42395
111.7151
115.424425
115.437225
121.57605
121.89145
122.31255
126.78925
126.80365
126.969675
127.195675
130.4436
130.883975
130.92855
131.411825
132.29355
132.302775
132.95245
134.333775
134.336725
135.39275
135.45835
139.324525
140.685875
144.674825
147.883325
147.8964
147.909525
147.9219
147.9387
147.949
148.191775
149.00675
152.451225
154.4153
161.525375
161.581225
162.063725
162.414875
166.669875
166.9934
168.159825
168.792625
168.797175
168.901925
168.949925
169.0677
169.094825
169.557775
169.5822
169.61655
169.741725
170.052825
170.1013
170.1356
170.14755
170.19705
170.2255
170.233
170.918225
170.9204
170.922625
171.314525
171.317325
171.647325
173.700575
174.15285
174.38195
174.6207
174.926025
176.44275
176.695275
177.15325
177.7359
178.0316
178.0339
178.03655
178.04375
178.2124
178.4974
180.438425
180.964775
180.9675
181.216875
181.219825
185.551675
186.7239
191.007425
191.487225
191.522725
191.53795
191.5563
191.56275
191.7556
192.48875
193.219975
194.048475
195.1999
195.495525
195.49835
195.94645
196.297225
196.764725
197.2974
197.438375
197.776375
197.7803
197.785525
198.329925
198.526425
198.528925
198.531625
198.8872
198.8936
200.335725
200.344725
200.3529
200.36595
200.373575
200.381275
200.387525
200.6431
200.6525
200.94065
200.944225
201.62525
203.160425
203.163475
203.209175
203.575
204.53295
204.60195
204.997
205.2342
205.257725
205.2801
205.3393
205.472525
205.4815
205.654675
205.6841
205.702375
205.708725
205.773175
205.778725
205.789175
205.8139
206.0136
206.016
206.101825
206.319
206.321475
206.324025
206.61625
206.618075
206.619775
206.621625
206.623925
206.89705
206.899475
206.902
207.161975
207.166525
207.492525
213.97595
215.8912
215.981775
216.017225
216.043575
216.55435
216.559425
216.8022
216.805025
216.808275
217.58435
219.5951
219.914025
220.697825
221.182575
221.4963
222.419875
222.51155
222.870625
227.706025
229.4707
234.431375
235.382075
236.364775
238.419975
245.090825
245.345875
247.008325
248.304625
