0.335375
0.74005
0.747775
2.113475
3.40855
3.47735
5.1916
7.285975
10.473175
11.29875
11.620425
11.66075
12.01335
12.016375
12.41845
13.894025
13.898125
14.94645
14.991225
15.0174
15.0282
15.050075
15.1165
15.21
15.512
17.0533
18.43735
18.4416
18.809975
19.6791
20.18925
21.839125
23.012875
23.019625
23.330525
24.78865
24.884925
24.887675
25.0831
25.922725
28.39485
28.409025
28.804725
28.814075
29.1476
30.21345
30.243575
30.52735
30.530975
31.21175
32.271825
32.60375
33.4272
33.87455
33.877825
33.882225
34.331525
34.337075
34.78445
35.264225
35.758575
36.35325
37.047
37.0525
37.16215
37.276475
37.403675
37.492725
37.50775
37.752575
38.563925
38.803225
39.13595
39.381125
39.42775
39.438225
39.733775
39.9984
40.005025
40.1789
40.391425
40.7516
41.501475
41.50455
41.511875
41.8692
42.492525
42.81685
43.389475
43.40535
44.8378
44.8872
45.9056
46.021575
46.0386
47.650625
48.0254
48.273275
48.612375
48.968575
49.25805
49.5526
49.6958
50.0489
50.1321
50.452875
50.81325
51.1703
52.215075
52.532075
52.825725
54.5321
54.5919
54.647925
54.9711
55.465325
55.469575
55.9802
56.2993
57.6093
58.413475
59.007975
59.4474
60.162125
60.25485
60.282175
60.301075
60.322875
60.348975
60.355975
60.380525
60.528075
60.579775
60.708
60.94605
61.522325
61.530775
65.1015
65.226375
65.261775
65.2744
65.772675
65.993125
66.02965
66.0673
66.126825
66.7667
67.053775
67.43835
67.785075
67.805825
68.088375
69.1626
70.46275
71.732675
72.66865
72.672375
74.64845
75.549725
77.470425
77.474475
78.149775
78.1553
78.45515
78.6462
80.97645
80.984425
81.4243
82.54415
82.980625
84.37425
87.226025
87.231725
87.55675
88.120675
88.36525
88.379825
88.413175
88.419775
88.4272
88.4544
88.493425
89.70705
90.519225
90.658525
90.684825
90.9769
90.98035
92.720575
93.8128
93.82815
93.836675
93.8629
93.949925
94.539925
95.7495
96.4116
96.419775
96.73685
96.74015
97.046975
97.05865
97.77865
97.8505
98.144425
98.149025
98.7304
99.7115
99.718475
100.03095
100.04895
100.357275
100.3604
101.74745
101.761725
102.181825
102.65235
102.65595
102.659725
103.184075
103.70255
104.258675
104.2807
104.2889
104.519375
105.014425
105.017075
105.020075
105.025225
105.6113
105.9299
105.932925
105.937325
107.104725
107.6957
107.70575
107.70805
108.1048
108.121425
109.29245
109.29905
109.30605
109.72535
109.729225
109.733425
110.707925
110.858575
110.97335
111.0161
111.746425
113.66315
113.84425
114.025775
114.17985
114.2661
114.27705
114.314975
114.390675
114.467625
114.4772
115.0866
115.093625
115.42285
115.426625
115.934475
116.23285
116.254275
116.576125
116.580675
116.653925
117.2804
119.627375
120.01955
120.083725
120.222775
120.843075
121.33745
121.408975
121.434375
121.914425
122.210625
123.428225
123.435975
124.35135
126.409575
126.451025
126.57965
129.988425
130.2037
130.4153
130.419875
131.32785
131.33165
131.7434
132.25025
132.2611
132.870075
132.875625
133.87295
133.8851
134.23935
134.326475
135.7887
136.651525
136.68555
137.128925
137.47025
137.474025
137.787475
138.0741
139.790425
139.7991
140.381225
140.38395
140.386775
140.7342
141.068725
141.524875
141.533875
142.339375
142.776225
142.779725
142.794525
142.8048
143.245025
143.25185
143.2921
143.30515
143.332025
143.366125
143.394625
143.762125
143.765625
145.3614
146.46985
146.630975
146.895425
146.89895
147.3317
147.33785
147.4906
148.1696
151.078125
151.423675
151.466125
151.764175
151.7672
151.778025
153.17775
153.47625
153.6437
153.7734
153.780325
154.920075
156.035175
156.042975
156.0585
156.111375
156.326225
156.361625
159.719625
161.323375
161.7993
161.8119
164.100725
164.12925
164.57235
165.029125
166.07695
166.082925
166.097675
166.1676
166.21835
166.65455
166.694725
168.057825
168.27675
168.294125
168.331925
168.3449
168.6708
168.698
168.716975
168.744175
168.977575
168.98725
168.991
168.99685
169.0013
169.133175
169.172025
169.488925
169.795725
170.129875
170.700825
170.924475
170.927525
170.931325
171.32295
171.331175
171.712025
172.37685
173.438625
173.753725
174.34425
174.595675
174.895575
174.8988
175.258575
176.022825
176.3005
176.67445
176.80435
177.17895
177.2361
177.66985
177.7003
177.750325
178.02745
178.029925
178.034125
178.2267
179.828
180.45
180.498325
181.007325
181.26225
181.6042
182.356175
182.360475
182.723325
182.72755
182.733
182.784625
183.26025
183.43895
183.85055
183.853325
183.856625
183.8606
184.182525
184.6249
185.42625
185.470525
185.9983
186.705575
186.755175
187.045725
187.574775
188.0061
188.338525
188.68075
190.25205
190.4172
190.9124
190.945175
191.122275
191.32815
191.34705
191.3534
191.35795
191.3635
191.3674
191.3723
191.382475
191.618175
192.532075
193.21055
193.448525
193.67075
194.07565
194.280375
195.148675
195.1535
195.489425
195.939025
195.94255
197.42695
198.2862
198.29795
198.340475
198.531925
198.536075
198.827775
201.3421
201.7004
202.67335
203.2199
204.39325
204.4623
205.325125
205.508925
205.781275
205.807525
206.07145
206.125175
206.1381
206.3422
206.34525
206.349625
206.930275
207.14235
208.647125
209.0383
210.313225
210.347575
211.201075
211.7284
212.14585
212.150125
212.158275
212.2097
212.56655
212.5703
212.8369
213.148325
214.315225
214.31835
214.326625
214.63025
215.167975
215.515775
216.17585
216.232625
216.2515
216.30105
216.5532
216.80785
217.804675
219.56535
219.586925
219.63595
219.9144
219.919
219.923825
219.929575
219.93645
219.945875
220.26655
220.281325
221.141425
221.996475
223.374975
223.385825
223.879025
224.049575
224.0656
225.31815
225.625275
226.449525
226.825975
227.320875
228.116275
229.4279
230.06075
230.107925
230.119375
230.260025
230.6017
230.6046
230.987675
231.615625
231.921725
231.92505
233.22035
234.826025
234.829775
235.372675
235.382075
236.783375
237.868625
237.872075
237.881325
237.8885
238.385825
238.63175
238.989675
238.993825
240.429975
240.5554
240.946425
240.953325
241.8257
243.165575
243.660425
244.595775
245.296
245.30605
245.8205
246.46865
247.047925
248.043125
248.369175
248.557025
