6.560775
11.40375
12.305675
12.35665
12.468175
12.49745
12.521875
12.55
12.576725
12.605975
12.618925
12.68035
12.747
12.783925
12.853175
13.07825
14.646375
15.4579
18.8689
19.053575
19.134925
19.185525
19.28705
27.0066
28.0451
29.01095
34.735675
38.035525
41.045675
44.3949
44.450225
44.790275
45.14995
46.437175
47.48085
47.5401
50.09775
52.382025
52.4302
52.4809
52.84665
52.87355
52.932025
52.9564
53.00485
53.0508
53.12755
53.313725
53.389625
53.450125
53.49765
53.792125
55.6461
55.72865
55.8129
60.1591
62.856925
62.86955
62.983975
63.414875
68.07195
68.635975
68.662225
68.761025
68.8365
69.15625
71.755225
71.76675
74.5613
74.5932
74.6363
74.748725
74.862025
75.0617
75.212525
77.50775
77.604175
77.649175
77.686675
77.775275
80.417325
80.428
80.530125
80.55745
80.6173
80.685275
80.943975
80.95755
81.03885
81.0853
81.139075
83.3421
87.899725
87.91445
88.12185
89.35045
92.2255
93.911175
93.9559
93.988175
94.092625
95.1394
96.335
96.37275
96.715525
96.7533
96.784375
96.8446
96.8741
96.98235
97.137925
97.28695
97.7154
100.77725
107.109425
108.213725
108.28045
108.70275
111.4991
111.516925
111.5863
116.083325
116.08965
116.119175
116.17565
116.557225
121.251475
121.2638
121.322575
121.367975
121.4322
129.152475
129.1589
129.21265
129.262625
129.3026
129.32945
129.380525
129.445875
129.49555
129.54735
129.575275
129.65165
129.707225
129.7522
129.8045
129.853025
130.191925
130.331825
130.505975
131.82345
134.428675
134.460125
134.5993
134.654325
134.711725
134.7362
134.75205
134.769475
134.794375
134.809825
134.848625
134.879575
134.911225
134.96055
134.981825
135.042425
135.077125
135.115175
135.147575
135.17165
135.2242
135.249375
135.283475
135.324125
135.351825
135.381775
135.431725
135.46245
135.48635
135.513575
135.539
135.564625
135.602725
135.629225
135.662425
135.703975
135.745025
135.79545
135.818125
135.876825
135.9007
135.919
135.962
136.003975
136.028675
136.05265
136.07205
136.10105
136.14065
136.17765
136.213975
136.2383
136.274075
136.304825
136.33725
136.3956
136.4461
136.491075
136.5214
136.558
136.582475
136.62415
136.673925
136.716925
136.7593
136.828775
136.8812
136.9195
136.96745
136.985825
137.01265
137.0543
137.109075
137.14015
137.1596
137.209075
137.239775
137.2877
137.3211
137.339325
137.372825
137.42705
137.459875
137.49285
137.529425
137.558425
137.596075
137.6179
137.648025
137.6676
137.68795
137.72055
137.77325
137.80875
137.846
137.872625
137.907425
137.967175
137.9792
137.99365
138.02855
138.0575
138.084925
138.117625
138.15555
138.204325
138.418675
138.460325
138.521775
138.58905
138.760275
139.154175
141.0596
141.09325
142.948575
142.9712
143.030375
143.05345
143.08085
143.140875
143.3026
143.4113
146.75725
146.811025
146.9096
148.39355
148.816275
149.414925
149.820175
149.89825
151.251975
152.6411
153.387375
153.724875
153.7546
154.2638
154.90585
155.0619
156.1135
156.556725
156.995775
157.10385
157.616825
158.0264
158.13535
158.23145
158.539675
159.792675
159.85435
160.204975
160.28575
160.302975
160.32455
160.36375
160.407275
160.428625
160.494625
160.52255
160.55485
160.574925
160.602025
160.645325
160.686025
160.719275
160.810425
160.8645
160.9059
160.961225
161.01795
161.05465
161.090625
161.1117
161.1761
161.234825
161.2723
161.59965
161.68235
164.775325
165.460025
166.51275
166.54665
167.044925
167.486625
168.028025
169.00405
169.606025
169.65565
169.703925
170.0507
170.501225
172.10625
172.62645
173.592925
175.1736
176.51055
177.22845
177.578525
180.408425
180.435025
180.458425
180.482975
180.514975
180.568225
180.5945
180.6443
180.6899
180.7242
180.78845
181.123375
181.37165
183.382125
183.522425
183.808625
185.082375
185.62755
186.03385
186.49625
187.239225
191.791325
192.260825
194.776675
194.91375
195.265775
195.7188
195.8093
200.733175
200.811275
200.880175
201.027675
201.099975
201.125225
201.1647
201.202
201.249475
201.275825
201.30195
201.339025
201.4028
201.477475
201.530275
201.683025
201.740275
201.8102
202.049725
202.135725
202.17085
202.2173
202.25265
202.29295
202.33705
202.357125
202.396325
202.439725
202.48155
202.5404
202.604675
202.721525
202.777625
202.881275
203.551325
203.95505
204.29155
204.34905
204.417925
204.4393
204.4564
204.510675
204.544275
204.575525
204.612
204.648175
204.685575
204.715025
204.741
204.759225
204.780675
204.805175
204.828775
204.8579
204.93205
204.964125
205.0014
205.02445
205.050525
205.0727
205.101925
205.1377
205.1951
205.2819
205.41645
205.47945
205.546325
205.969775
205.971925
205.99245
206.011475
206.02605
206.04545
206.07685
206.137525
206.149
206.20185
206.245225
206.28235
206.302025
206.335225
206.3552
206.3844
206.417475
206.44295
206.5067
206.5815
206.6263
206.694525
206.744425
206.79015
206.80995
206.849375
206.919725
206.9431
206.9861
207.118975
207.199125
207.280675
207.3415
207.4792
207.6301
212.0503
213.251325
213.321725
213.8381
213.8613
213.900925
213.953275
214.0025
214.08355
214.4125
216.13055
216.156375
216.17715
216.293325
216.603025
218.28805
218.3429
218.36295
218.388525
218.42485
218.468575
218.4967
218.514725
218.548625
218.583275
218.6355
218.65725
218.717725
218.780075
218.8166
218.962075
218.9959
219.112075
219.196175
219.666475
221.12225
221.62805
221.93005
221.9395
221.95155
221.958575
221.97505
221.993025
222.026275
222.052725
222.0679
222.094325
222.123875
222.1601
222.205175
222.22765
222.253525
222.323175
222.350725
222.389025
222.955625
223.31015
224.4565
225.637725
227.963475
227.974625
228.0102
228.0467
228.0929
228.152575
228.4549
230.430375
230.84735
231.93585
233.7087
235.811925
236.29855
236.666225
238.1048
238.17005
238.204925
238.25055
238.3257
238.582075
238.67195
240.999
241.022125
244.80475
245.6477
245.69195
245.793975
