0.07805
0.31745
0.462475
0.486975
0.570675
0.6077
0.668975
0.986725
1.274375
1.46625
1.6771
1.7246
1.911475
2.001525
2.08365
2.43435
2.68705
2.765025
3.0368
3.233475
3.6038
3.694525
3.80045
3.8745
3.91195
4.186
4.256525
4.417725
4.759225
4.79625
5.302675
5.79705
5.831775
6.266325
6.88705
7.017
7.244075
7.285525
7.365325
7.58985
8.10655
8.30015
8.43235
8.694675
8.774125
8.808975
9.151525
9.154675
9.158075
9.7821
10.417
10.8358
11.4498
11.827875
12.169
12.181125
13.824175
13.848725
14.15085
14.524375
14.58675
14.7405
15.36445
15.82785
15.8833
16.022825
16.039925
16.40255
16.4288
16.495575
17.115275
17.12115
17.237575
17.8143
18.282525
18.866025
18.9871
19.071475
19.37745
19.810075
20.0937
20.403
20.4422
20.72505
21.1235
21.29385
21.692475
22.3202
22.36425
22.60515
22.65335
22.8158
22.93825
23.199675
23.671775
24.414525
24.419175
24.543075
24.953075
25.054225
25.104875
25.4669
25.48555
25.711775
25.872475
26.295025
26.44585
26.92425
27.376425
27.399875
28.491125
28.513025
28.543075
28.846075
28.979525
29.2445
29.25405
29.454275
29.505
29.621975
29.696625
29.727975
30.138875
30.317125
30.750975
31.716125
31.73235
31.7414
31.74395
32.4669
32.508425
32.883625
34.4314
34.640825
35.070725
35.074025
35.078375
35.204025
35.31985
35.56325
35.590475
36.0214
36.439225
36.900825
37.364775
37.37105
37.60665
37.946125
38.5374
39.49415
39.89335
41.046625
41.0543
41.4338
41.448625
41.4643
41.827875
41.83985
42.132625
42.217
42.56085
42.596375
42.7591
42.96475
43.051375
43.26595
43.54285
44.007125
44.276075
44.287975
44.295475
44.299325
44.864575
44.8802
44.966775
45.016375
45.148775
45.241125
45.391975
45.4036
45.862225
45.88485
46.076575
46.132
46.710575
46.720975
47.283725
47.375025
47.441625
47.714125
48.012325
48.098925
48.163325
48.377975
48.621275
48.69865
49.009975
49.331325
49.340175
49.35725
49.416325
49.728425
49.86665
50.05145
50.13505
50.2841
50.311725
50.316625
50.4839
50.5475
50.735875
51.024325
51.367725
51.623875
51.632025
51.663175
51.790525
51.832625
51.863325
51.9174
51.98005
52.1834
52.31375
52.4359
52.64375
52.8952
53.233875
53.242725
53.2639
53.42825
53.476775
53.673325
53.688625
53.970925
54.08045
54.1738
54.238225
54.53295
54.570625
54.88785
55.2536
55.6133
55.6201
55.655075
55.7232
55.835475
56.15605
56.1839
56.23565
56.4724
56.5347
56.89195
56.9195
57.315175
57.3182
57.391725
57.4695
57.838925
58.1903
58.521175
58.53265
58.59265
58.609975
58.796725
58.87515
59.0833
59.1396
59.282025
59.453675
59.508175
59.596125
59.73365
59.8538
59.959775
60.01615
60.11205
60.1418
60.216125
60.579525
60.5962
60.8061
60.951
61.11665
61.159975
61.326025
61.400975
61.5491
61.56125
61.669975
61.756125
61.888625
61.935075
62.0251
62.612275
62.8172
62.9095
63.0031
63.301275
63.32505
63.334225
63.36855
63.462875
63.476875
63.541025
63.8125
64.023675
64.0783
64.09355
64.1862
64.56415
64.617725
65.027525
65.374375
65.624875
65.72925
66.0352
66.4328
66.616275
66.635875
66.7075
67.019225
67.13965
67.2145
67.4975
67.6371
68.0281
68.037925
68.187575
68.322975
68.54355
68.556225
68.56895
68.746325
68.91
69.06285
69.129725
69.26715
69.294275
69.573475
70.3488
70.52985
70.577725
71.24645
71.346775
71.405725
71.7263
71.758825
72.233375
72.246725
72.278425
72.511425
72.678375
72.971875
73.2974
73.617425
73.642525
73.65875
73.884075
73.92165
73.92605
74.2345
74.323
74.377725
74.58865
74.6805
74.848
74.89955
74.963675
75.155075
75.400275
75.450375
75.759975
75.7708
75.796525
75.8368
76.035175
76.206875
76.74275
76.750125
76.780375
76.945975
77.057525
77.101525
77.154575
77.232175
77.560275
77.651225
77.938925
77.957675
77.97335
78.2586
78.276025
78.326525
78.673975
78.696375
79.136675
79.483675
79.917975
80.00645
80.02785
80.30785
80.359
80.3664
80.4889
80.53185
80.694025
80.92105
80.94525
80.96175
81.134725
81.4708
81.49065
81.517025
81.6333
81.805125
81.842775
82.233375
82.24785
82.3595
82.38255
82.568825
82.661825
82.757025
82.853725
83.0131
83.02585
83.088225
83.179875
83.234475
83.304375
83.420425
83.760475
83.793325
83.853325
84.0189
84.12685
84.394825
84.4758
84.479525
84.759175
84.781425
84.8273
85.022175
85.053
85.0958
85.12735
85.238325
85.5494
85.6172
85.712575
85.99785
86.0176
86.057975
86.3275
86.3625
86.516325
86.605125
86.662775
86.7993
87.117975
87.470375
87.502575
87.5325
87.610425
87.975625
88.0028
88.0913
88.376175
88.610775
88.740675
88.784425
88.869625
89.0018
89.313
89.3294
89.362725
89.63905
89.660325
89.75295
90.12005
90.145675
90.17855
90.314425
90.37995
90.48795
90.5675
90.6057
90.76345
91.033675
91.045275
91.09575
91.1406
91.22985
91.26225
91.33935
91.45345
91.476375
91.500825
91.553925
91.587125
91.776075
91.787875
91.903
92.17065
92.206275
92.35525
92.397175
92.7465
92.803375
92.9619
93.0863
93.115625
93.6969
93.730325
93.752025
93.877025
93.885075
93.9436
94.015
94.0855
94.4321
94.47865
94.7148
94.741675
94.79785
94.94045
94.9722
95.403675
95.4108
95.420175
95.4484
95.826275
95.873375
96.01905
96.062725
96.118325
96.156125
96.238175
96.293975
96.744225
96.808925
96.9917
97.215625
97.255625
97.29405
97.391625
97.6329
97.68425
97.7187
98.03495
98.0481
98.39195
98.40905
98.451975
98.484475
98.744175
98.7621
98.769625
98.94435
98.983675
99.15165
99.168
99.39205
99.6966
99.702475
99.718625
99.74905
99.8783
99.88695
99.923275
100.0051
100.069325
100.129375
100.269175
100.317825
100.367125
100.396175
100.64865
100.68875
100.753575
100.799375
100.9166
100.94915
101.2463
101.25795
101.340825
101.4587
101.5097
101.6243
101.67615
101.940475
102.036
102.0894
102.16675
102.3113
102.3635
102.424425
102.548125
102.8022
102.808825
102.8406
102.917625
102.999625
103.0769
103.08205
103.14665
103.218025
103.272
103.310425
103.35335
103.420125
103.452525
103.515675
103.557275
103.6149
103.69945
103.737175
103.829125
103.935875
103.979775
104.0851
104.139
104.2158
104.24895
104.310075
104.37895
104.486875
104.782825
104.78715
104.7982
104.820425
104.9576
105.0377
105.3262
105.54335
105.5716
105.913425
105.926075
105.95315
106.068875
106.09665
106.134925
106.1802
106.4102
106.4972
106.506675
106.583675
106.6875
106.879375
107.04905
107.068
107.1607
107.309725
107.407625
107.4414
107.70125
107.847475
107.909325
108.03515
108.06655
108.09355
108.209875
108.31835
108.4014
108.453275
108.703325
108.7114
108.72505
108.84035
108.865675
108.917925
109.20555
109.228175
109.331725
109.3557
109.694125
109.701575
109.74
109.806975
109.925825
110.1264
110.172425
110.30005
110.399825
110.5965
110.624875
110.6606
110.781475
110.905025
110.963725
111.018175
111.0834
111.12425
111.514275
111.624675
111.699625
112.005525
112.046475
112.051925
112.121125
112.1309
112.2683
112.341625
112.60385
112.66755
112.85835
112.882875
113.14905
113.2294
113.337775
113.518425
113.55775
113.8442
113.88775
114.040075
114.180175
114.216625
114.263025
114.340625
114.391125
114.449575
114.711625
114.765375
114.7804
114.786625
114.9961
115.0359
115.125825
115.23455
115.274125
115.3034
115.519525
115.563825
115.72855
115.795275
115.949925
116.132475
116.228175
116.5003
116.5086
116.61325
116.628125
116.6607
116.7259
116.891325
116.976775
117.062825
117.39445
117.4924
117.53365
117.5543
117.587725
117.637925
117.8059
117.958875
117.99415
118.105925
118.2373
118.503025
118.5144
118.53455
118.58305
118.661275
118.773
118.940625
119.006375
119.05305
119.137325
119.252775
119.328525
119.473725
119.6622
119.730175
119.874175
119.904925
119.956325
120.190525
120.299475
120.3348
120.696825
120.748775
120.780625
120.8634
120.9024
120.9758
121.0926
121.133875
121.253925
121.419325
121.45945
121.529825
121.598
121.803325
121.853275
122.119975
122.1312
122.197925
122.359075
122.486975
122.5488
122.562625
122.751975
122.9469
123.01865
123.0702
123.334025
123.35375
123.41395
123.46135
123.5405
123.58725
123.65955
123.7613
123.7807
123.84355
124.02975
124.196525
124.207925
124.25085
124.31915
124.373675
124.48075
124.519625
124.54145
124.6107
124.660025
124.709225
124.83935
124.893725
124.9117
125.0224
125.126575
125.272325
125.315875
125.334675
125.647275
125.666
125.685225
125.740025
125.876975
125.907025
125.96125
126.03165
126.081225
126.164425
126.2323
126.2544
126.27805
126.570275
126.682825
126.8072
126.88065
127.199025
127.2036
127.2319
127.333375
127.413575
127.517575
127.8162
127.8265
127.863525
127.894775
128.0277
128.049575
128.105925
128.190375
128.2566
128.3469
128.3728
128.4307
128.509825
128.535075
128.5716
128.645925
128.6849
128.7001
128.7816
128.84795
128.96885
128.995625
129.056625
129.102825
129.151075
129.265725
129.305075
129.347625
129.395725
129.482675
129.574675
129.67315
129.73725
129.843675
130.02185
130.04235
130.251475
130.254125
130.47485
130.62215
130.705575
131.008125
131.33935
131.3978
131.726275
132.1097
132.5331
132.94815
132.96095
133.082875
133.4693
133.7717
133.9862
134.020725
134.285925
134.32445
134.6556
134.8087
134.96505
135.05615
135.1315
135.259375
135.4938
135.644625
136.2282
136.8461
136.89035
137.02535
137.427175
138.074475
138.15565
138.231
138.340775
138.671475
138.678325
139.12075
139.1437
139.3912
139.425625
139.7243
140.1102
140.5497
140.59125
140.999475
141.1593
141.389125
141.40525
141.5254
141.963425
142.03185
142.099575
142.5188
142.5632
142.76365
142.8532
142.884225
142.94425
142.996625
143.049825
143.1821
143.203525
143.2193
143.2668
143.303325
143.33965
143.37745
143.426275
143.779125
143.80235
143.8116
143.95115
144.013525
144.07795
144.13075
144.1466
144.18555
144.26255
144.352575
144.4761
144.544975
144.570025
144.59275
144.599575
144.619575
144.656975
144.685225
144.72565
144.784275
144.7982
144.849375
144.92135
145.0196
145.060875
145.064975
145.138475
145.16475
145.1977
145.25115
145.29885
145.3324
145.3577
145.386725
145.4173
145.443
145.4809
145.52565
145.601425
145.640575
145.6723
145.723
145.76385
145.8196
145.86905
145.909
145.9391
145.995975
146.017
146.033725
146.06055
146.119375
146.1599
146.1903
146.230225
146.2763
146.298375
146.336075
146.3647
146.4495
146.524225
146.557575
146.654675
146.721425
146.747225
146.764475
146.831875
146.909
146.97075
147.0123
147.059825
147.10925
147.1538
147.17735
147.240425
147.282375
147.3695
147.41585
147.478825
147.55465
147.58945
147.633575
147.7148
147.739675
147.84925
147.907525
147.931125
147.98715
148.0299
148.0583
148.126525
148.148375
148.163225
148.2286
148.298925
148.336175
148.381025
148.42535
148.501375
148.583475
148.634325
148.6583
148.670975
148.679975
148.72615
148.794325
148.830825
148.8801
148.8965
148.927125
148.96295
149.078
149.136225
149.166175
149.2368
149.274
149.34165
149.3889
149.4505
149.5255
149.655625
149.731175
149.7989
149.805125
149.861125
149.883075
149.94125
150.002325
150.04505
150.200925
150.246825
150.292475
150.31965
150.40175
150.43995
150.467725
150.5035
150.543325
150.67305
150.745975
150.8032
150.8852
150.914675
150.977
151.009725
151.052525
151.096725
151.1534
151.238625
151.28735
151.36815
151.430425
151.471825
151.52425
151.56395
151.662125
151.6908
151.752175
151.792975
151.84375
152.0239
152.067225
152.094875
152.118975
152.1568
152.22935
152.286275
152.3782
152.42205
152.466475
152.506475
152.549975
152.58445
152.6111
152.6653
152.762025
152.79835
152.94175
152.9885
153.0946
153.103
153.123625
153.159425
153.187125
153.2419
153.2849
153.32645
153.341375
153.3762
153.426625
153.46725
153.508775
153.65715
153.69455
153.73145
153.8434
153.9216
153.970075
154.016275
154.07505
154.098025
154.106675
154.1362
154.178175
154.239575
154.352075
154.408975
154.461425
154.508925
154.5891
154.616525
154.636525
154.65235
154.733675
154.786025
154.8239
154.883475
154.914575
154.96305
154.996375
155.0633
155.080275
155.148125
155.188
155.27315
155.320275
155.374775
155.4322
155.552125
155.584625
155.65975
155.688675
155.752675
155.8088
155.82965
155.8727
155.91895
155.99885
156.033
156.090475
156.1127
156.144575
156.17935
156.31305
156.3271
156.34795
156.374675
156.42025
156.48675
156.56335
156.6348
156.6721
156.69125
156.715375
156.738575
156.87175
156.89435
156.99875
157.04785
157.07425
157.1351
157.20535
157.373525
157.4091
157.45445
157.50545
157.5825
157.64975
157.6622
157.681225
157.736475
157.791475
157.8193
157.8963
157.960075
158.01355
158.0688
158.106525
158.150475
158.22515
158.334425
158.545575
158.5693
158.57945
158.664575
158.78715
158.8144
158.929225
158.9581
158.989775
159.027125
159.0634
159.118125
159.17455
159.2284
159.2695
159.34235
159.380275
159.421125
159.432625
159.49885
159.553425
159.625625
159.669425
159.71165
159.7777
159.81795
159.8672
159.926175
159.982275
160.146625
160.193475
160.225425
160.241625
160.275425
160.324025
160.360675
160.3936
160.4349
160.46235
160.522225
160.5577
160.60425
160.6253
160.682475
160.720725
160.7462
160.76355
160.833025
160.901475
160.924175
160.9545
160.9964
161.04805
161.09025
161.17475
161.2529
161.34125
161.380775
161.44055
161.5401
161.55085
161.55805
161.564775
161.5826
161.6087
161.7782
161.789125
161.849425
161.8969
161.948
162.0003
162.10505
162.155675
162.205775
162.250825
162.280775
162.3076
162.347575
162.46495
162.568175
162.6052
162.615275
162.64395
162.6884
162.722875
162.792825
162.82385
162.8764
162.920275
162.993975
163.00545
163.0492
163.108325
163.120775
163.12985
163.23925
163.513
163.5379
163.582675
163.6382
163.731125
163.780525
163.80225
163.846825
163.97025
164.04745
164.112775
164.20825
164.2732
164.323475
164.397025
164.41995
164.4446
164.47335
164.527625
164.6904
164.7553
164.771375
164.832375
164.922825
164.951425
164.961625
165.064575
165.114275
165.1923
165.222525
165.304775
165.3757
165.42225
165.4807
165.56665
165.644175
165.683175
165.84465
165.883025
165.92285
166.04235
166.1098
166.124425
166.137925
166.270325
166.3511
166.385375
166.42175
166.443475
166.481375
166.5435
166.56075
166.595725
166.73795
166.8154
166.82065
166.82495
166.8367
166.891
166.949025
167.061675
167.097825
167.1194
167.145425
167.43565
167.44155
167.486025
167.535
167.62765
167.709225
167.829525
167.8944
167.946075
168.04605
168.1213
168.219525
168.30335
168.33155
168.38565
168.42645
168.477825
168.526425
168.565575
168.650825
168.776425
168.83
168.887125
168.932925
168.954525
168.972875
168.989825
169.049775
169.090425
169.14855
169.186075
169.248875
169.284475
169.404425
169.442125
169.4569
169.52665
169.630725
169.6565
169.685375
169.79425
169.962775
170.037
170.0483
170.079425
170.153425
170.399775
170.419925
170.43485
170.513225
170.56035
170.608275
170.6388
170.668325
170.77655
170.852525
170.900525
170.9338
170.980475
171.024875
171.073975
171.10925
171.131875
171.226875
171.244
171.312975
171.356475
171.42105
171.477475
171.518325
171.538825
171.54715
171.589825
171.6324
171.6742
171.7483
171.813225
171.86875
171.8967
171.905475
171.9563
172.035375
172.060775
172.0842
172.129425
172.173275
172.2422
172.279925
172.311125
172.56585
172.585675
172.6114
172.61925
172.668525
172.734925
172.802625
172.892325
172.947725
172.99465
173.032775
173.081225
173.1346
173.2229
173.263125
173.2901
173.327425
173.3875
173.43285
173.473175
173.501525
173.562075
173.6558
173.74205
173.81685
173.841925
173.8606
173.911175
173.922975
173.9798
174.02935
174.06305
174.136875
174.1806
174.19665
174.3466
174.37405
174.634675
174.654625
174.745025
174.7919
174.82595
174.984675
175.0882
175.144725
175.179425
175.259725
175.3064
175.371625
175.4824
175.59265
175.63485
175.66275
175.7752
175.83715
175.8844
175.9436
176.040675
176.07975
176.18925
176.2528
176.31455
176.3243
176.3784
176.422475
176.71915
176.7483
176.82115
176.850925
176.899175
176.9283
177.090325
177.13715
177.17205
177.2097
177.38935
177.41035
177.418325
177.491275
177.52025
177.65215
177.748175
177.7948
177.818925
177.874925
177.9386
177.98885
178.047125
178.13505
178.1531
178.220475
178.24975
178.289025
178.3591
178.488725
178.57335
178.652375
178.7289
178.7803
178.806225
178.8824
178.943
178.9946
179.031975
179.16525
179.249775
179.269875
179.32325
179.392225
179.4194
179.436975
179.63035
179.65425
179.70375
179.767175
179.83345
179.911425
179.9453
179.97825
180.10545
180.168475
180.2714
180.333425
180.39095
180.488925
180.57255
180.628875
180.837325
181.106025
181.12965
181.147025
181.360275
181.4675
181.499675
181.66645
181.829275
181.912125
181.9998
182.1149
182.14345
182.18235
182.23845
182.431
182.5072
182.5522
182.598275
182.6435
182.695925
182.8279
182.886775
182.951225
182.984825
183.1259
183.166325
183.25885
183.359925
183.391825
183.562175
183.73045
183.765
183.784675
183.994175
184.0049
184.05885
184.161625
184.2104
184.31825
184.347525
184.4431
184.49675
184.540525
184.672075
184.7726
184.783625
184.870075
184.9874
185.01165
185.046375
185.065525
185.2121
185.25175
185.5611
185.57445
185.581425
185.646125
185.7393
186.009175
186.018725
186.029875
186.0588
186.11305
186.215
186.48235
186.493425
186.499975
186.58315
186.65
186.70135
186.7806
187.071675
187.085375
187.1536
187.276175
187.460175
187.515875
187.642875
187.72095
187.76985
187.799025
187.8991
188.0298
188.07765
188.143525
188.2675
188.32455
188.3344
188.428425
188.716725
188.903225
188.999225
189.0215
189.1057
189.248675
189.285375
189.316375
189.332975
189.3791
189.43655
189.82815
189.847375
189.891
190.029875
190.051825
190.1314
190.275275
190.37885
190.434125
190.5423
190.749
190.767875
190.841425
190.8765
190.9389
190.988275
191.20855
191.261475
191.3493
191.431925
191.66435
191.756075
192.094075
192.229375
192.323625
192.3765
192.4454
192.76545
192.814575
192.8628
192.967675
193.126275
193.202725
193.350725
193.401425
193.672925
193.7378
194.05195
194.142475
194.197675
194.2541
194.330025
194.4967
194.599
194.61675
194.693425
194.871875
195.1198
195.147975
195.218175
195.2543
195.411875
195.457225
195.5699
195.686875
195.823625
195.95655
195.969825
196.361
196.3898
196.579925
196.79575
196.824425
196.840075
197.06645
197.083825
197.123375
197.2089
197.322775
197.378075
197.47685
197.49445
197.564475
197.619825
197.649
197.810125
197.92485
197.96885
198.08925
198.14555
198.249775
198.297025
198.5024
198.54905
198.6391
198.674925
198.725125
198.85785
198.92955
198.982825
199.040925
199.277875
199.398125
199.46275
199.5028
199.609375
199.67685
199.788325
199.831975
200.039125
200.082275
200.34985
200.3713
200.381575
200.586575
200.642225
200.700975
200.743475
200.79695
200.87115
201.0674
201.181375
201.2119
201.250975
201.34375
201.412675
201.461325
201.545975
201.587575
201.777475
201.92425
202.101525
202.132575
202.321975
202.413825
202.476775
202.567375
202.7421
202.836675
202.886275
202.9665
203.037225
203.24415
203.310425
203.445
203.508125
203.55085
203.626125
203.663075
203.683075
203.742575
203.817925
203.999825
204.017
204.080475
204.12115
204.21995
204.42105
204.462625
204.606725
204.704825
204.75155
204.850925
204.891875
204.951025
204.96785
205.0753
205.350875
205.36135
205.4288
205.743125
205.803875
205.976875
205.9923
206.074075
206.091975
206.14015
206.183525
206.387225
206.476875
206.5786
206.831475
207.03605
207.077025
207.1674
207.2507
207.283225
207.3479
207.428175
207.629425
207.716825
207.7675
208.128725
208.1503
208.1776
208.3322
208.33995
208.3474
208.352025
208.355425
208.693175
208.73595
208.772825
209.06675
209.1039
209.1149
209.16525
209.4648
209.4717
209.5057
209.6011
209.6195
209.908875
209.98205
209.993825
210.0755
210.1139
210.12955
210.199075
210.418175
210.510475
210.523725
210.566175
210.616875
210.6596
210.74625
210.8062
210.931875
211.0709
211.09775
211.103375
211.122425
211.16055
211.210725
211.25535
211.310325
211.337075
211.404175
211.4283
211.486675
211.5666
211.589975
211.700625
211.8957
211.9522
212.0083
212.0274
212.056325
212.185325
212.25435
212.3155
212.44465
212.50755
212.588425
212.65085
212.9171
212.948975
212.963625
212.980525
213.044475
213.15395
213.236975
213.279275
213.3634
213.7066
213.74645
213.779025
213.8088
213.875375
213.917
213.97975
214.02875
214.13
214.459575
214.4649
214.673325
214.777275
214.808125
214.96085
215.0785
215.09485
215.121475
215.19165
215.29505
215.4576
215.512625
215.69525
215.759025
215.9034
215.948025
216.017175
216.102525
216.151975
216.22145
216.265725
216.29235
216.346975
216.36015
216.383625
216.475625
216.492725
216.5231
216.555375
216.712575
216.742575
216.770525
216.806325
216.853
216.883325
216.994575
217.0405
217.093425
217.131975
217.189475
217.25495
217.37095
217.378775
217.40015
217.47795
217.522625
217.5733
217.617825
217.654225
217.715975
217.740275
217.836425
217.8594
217.94135
218.00505
218.062225
218.09185
218.1424
218.3526
218.381875
218.412625
218.4472
218.475425
218.544
218.571775
218.640525
218.67715
218.719575
218.749325
218.7938
218.84395
219.119875
219.22945
219.25205
219.277775
219.330325
219.34865
219.5352
219.645975
219.655925
219.683175
219.739425
220.0214
220.030775
220.063525
220.085725
220.112575
220.27505
220.3238
220.393575
220.4074
220.419825
220.466175
220.481
220.61165
220.6968
220.748675
220.78415
220.83385
220.8844
221.080075
221.1122
221.13265
221.2101
221.24
221.29695
221.379425
221.4182
221.496025
221.5377
221.57915
221.6116
221.6404
221.6729
221.74435
221.8364
221.9165
221.94535
221.981675
222.03205
222.097325
222.101
222.172275
222.179475
222.2271
222.2558
222.30015
222.353325
222.37305
222.45275
222.882425
222.914425
222.9529
223.264575
223.269375
223.2796
223.2839
223.2937
223.35275
223.561675
223.63675
223.645
223.6508
223.692075
223.738925
223.82125
223.98975
224.035975
224.06865
224.31235
224.3922
224.397475
224.469225
224.5197
224.534375
224.569275
224.606175
224.65605
224.70345
224.724175
224.79095
224.872575
224.98435
225.01025
225.071975
225.119975
225.23145
225.260325
225.324725
225.361525
225.3866
225.410375
225.5143
225.5375
225.5834
225.619325
225.777875
225.942225
225.953375
225.969175
226.0121
226.05105
226.0961
226.1103
226.144575
226.1911
226.271125
226.30385
226.347975
226.38555
226.433
226.456625
226.533075
226.6209
226.667125
226.779425
226.8821
226.923925
226.93675
227.034525
227.05055
227.094075
227.202175
227.21755
227.3318
227.370075
227.424975
227.450075
227.510075
227.548425
227.60335
227.645
227.73415
227.807725
227.84955
227.877525
227.9655
228.0257
228.06765
228.117775
228.232475
228.329825
228.412675
228.53195
228.634925
228.6997
228.71495
228.7371
228.7615
228.829875
228.845075
229.112425
229.130725
229.15945
229.27575
229.318075
229.376125
229.418875
229.493925
229.54665
229.586075
229.613025
229.655225
229.692825
229.7368
229.773075
229.82315
229.8619
229.886175
229.93525
229.95165
229.9839
230.050425
230.06075
230.103875
230.153525
230.1873
230.207975
230.27865
230.4302
230.464275
230.498025
230.530925
230.580725
230.663625
230.672
230.71485
230.7543
230.8231
230.853625
230.9151
230.952175
230.98555
231.04045
231.23475
231.25415
231.29725
231.31795
231.36895
231.4699
231.532025
231.58595
231.6509
231.752925
231.77595
231.792375
231.802725
231.832075
231.844375
231.870125
231.933875
231.9801
232.011875
232.07015
232.109875
232.135625
232.164175
232.2001
232.2145
232.275525
232.281525
232.33675
232.362975
232.393225
232.48555
232.623875
232.63155
232.644375
232.680225
232.728525
232.774475
232.807025
232.8491
232.897775
232.930925
232.95395
232.971725
232.9883
232.9936
233.056325
233.075475
233.1549
233.19495
233.212025
233.31215
233.36455
233.3974
233.41525
233.440325
233.5212
233.580425
233.674475
233.723125
233.769275
233.828275
233.850975
233.96915
233.99335
234.047325
234.059125
234.063525
234.10465
234.142725
234.220425
234.2534
234.28985
234.33085
234.3824
234.41435
234.460875
234.47695
234.5093
234.531125
234.568075
234.593475
234.660325
234.723275
234.740425
234.75535
234.79605
234.8384
234.900575
234.9785
235.048175
235.063175
235.114025
235.122375
235.17405
235.2009
235.230025
235.284825
235.347175
235.3803
235.3973
235.437525
235.457575
235.495375
235.548725
235.572475
235.6139
235.652775
235.704075
235.80645
235.838925
235.85065
235.872375
235.92885
235.94915
236.000725
236.041375
236.0578
236.1455
236.186425
236.211875
236.2701
236.364275
236.386975
236.4371
236.630325
236.698025
236.7365
236.79705
236.84375
237.075825
237.078425
237.092425
237.109225
237.151125
237.1623
237.21915
237.235725
237.269425
237.293075
237.32645
237.372225
237.4316
237.470075
237.50955
237.5836
237.639725
237.6802
237.737825
237.815175
237.8621
237.9113
238.032675
238.0633
238.0822
238.13685
238.1723
238.1892
238.269325
238.315475
238.339075
238.380225
238.409125
238.4574
238.596625
238.63005
238.731575
238.83215
238.860625
238.906975
238.924375
238.930625
238.947575
238.952125
239.03995
239.128875
239.15025
239.179075
239.2281
239.3011
239.33605
239.425825
239.52975
239.639725
239.67745
239.725525
239.750525
239.828925
239.851525
239.93925
240.037075
240.07475
240.1256
240.19365
240.231325
240.314825
240.39375
240.417075
240.475325
240.518825
240.76385
240.802775
240.848025
240.88955
240.99205
241.01175
241.14025
241.3659
241.375175
241.384
241.40185
241.418825
241.5269
241.5838
241.676775
241.68955
241.695225
241.699725
241.76265
241.817875
241.878825
241.92555
241.93865
242.000525
242.014425
242.0454
242.1054
242.151575
242.1893
242.281225
242.31255
242.372225
242.42385
242.5218
242.568375
242.57675
242.607975
242.615175
242.6393
242.67615
242.701425
242.868325
242.914775
242.9539
243.03635
243.087675
243.13195
243.175575
243.2366
243.314125
243.345975
243.38745
243.530725
243.563625
243.62505
243.6544
243.683475
243.7383
243.7829
243.84965
243.945575
243.990575
244.056975
244.1087
244.15725
244.29405
244.357325
244.40735
244.448275
244.487725
244.50655
244.623525
244.6425
244.7186
244.7653
244.79315
244.839475
244.919075
244.9808
245.04585
245.071475
245.109
245.117275
245.163675
245.2036
245.2684
245.3129
245.49795
245.513475
245.54165
245.559775
245.660575
245.70485
245.7268
245.7723
245.916275
245.944325
246.007925
246.0385
246.117875
246.152675
246.235175
246.273125
246.32555
246.402675
246.462125
246.498375
246.7007
246.7507
246.870025
246.922925
246.970325
247.01495
247.1574
247.23005
247.259725
247.271625
247.29665
247.48505
247.511175
247.546375
247.598325
247.6374
247.6936
247.79525
247.8614
247.952775
248.028325
248.0821
248.092125
248.118625
248.1699
248.191775
248.372125
248.389925
