0.068175
0.2351
0.399975
0.429875
0.470525
0.525625
0.558
0.635775
0.67045
0.72265
0.844875
0.971175
1.06185
1.131975
1.209975
1.432825
1.4836
1.50395
1.585775
1.643425
1.70145
1.756275
1.84355
1.911825
1.960425
2.022675
2.086425
2.211875
2.259
2.35005
2.38145
2.4521
2.532575
2.61235
2.71825
2.791925
2.92525
3.0498
3.126625
3.1638
3.204225
3.352425
3.4266
3.495375
3.5937
3.70255
3.8545
3.930625
3.997975
4.067925
4.231
4.3223
4.401775
4.448175
4.648475
4.725125
4.79245
4.906675
4.99145
5.1411
5.2562
5.303075
5.39235
5.560325
5.663525
5.723825
5.808175
6.064475
6.084675
6.1855
6.233375
6.304475
6.3868
6.567675
6.6223
6.70645
6.742625
6.837725
6.91325
7.0265
7.0602
7.138525
7.20615
7.28805
7.306875
7.40085
7.548525
7.596125
7.6376
7.69105
7.73415
7.796875
7.866225
7.9519
8.09225
8.1121
8.219625
8.2833
8.381025
8.475825
8.55665
8.658225
8.683275
8.738925
8.801575
8.909925
9.09925
9.153125
9.16185
9.245
9.26875
9.332925
9.3835
9.463525
9.5379
9.5888
9.640025
9.749625
9.795475
9.9319
9.971275
10.087875
10.139475
10.39715
10.436875
10.5251
10.59015
10.658825
10.7118
10.76825
10.905225
10.95335
11.1052
11.224825
11.307275
11.4045
11.4196
11.480725
11.540675
11.6841
11.6992
11.73655
11.78485
11.8291
11.861275
11.899575
11.924725
11.953375
12.02175
12.0872
12.158025
12.32535
12.4223
12.6171
12.66365
12.77045
12.810875
12.8701
12.894625
12.9005
12.978975
13.1201
13.150075
13.214525
13.2633
13.3712
13.501425
13.546
13.6165
13.807025
13.836
13.886775
13.987575
14.13325
14.17255
14.235525
14.354075
14.543875
14.571625
14.588725
14.6616
14.764125
14.790375
14.852225
14.99395
15.1764
15.34625
15.360825
15.3751
15.491575
15.56305
15.618725
15.712125
15.7693
15.813475
15.901525
15.97585
16.02545
16.06425
16.121925
16.227175
16.34325
16.3973
16.4172
16.496575
16.55315
16.69405
16.73735
16.804975
16.9334
17.10565
17.11845
17.1758
17.195625
17.281
17.358825
17.437825
17.495125
17.6321
17.7185
17.743625
17.80105
17.824375
17.861525
17.926275
17.978625
18.031275
18.189475
18.283525
18.34865
18.42995
18.521075
18.6311
18.7085
18.738275
18.79035
18.849925
18.8849
18.902025
18.9624
19.083675
19.12315
19.222
19.305625
19.370625
19.4779
19.621425
19.677125
19.698725
19.7377
19.79255
19.83105
19.875225
19.9862
20.088925
20.09685
20.17055
20.20035
20.402775
20.420025
20.470575
20.5262
20.67875
20.700725
20.711275
20.757125
20.86
20.97545
21.03775
21.12665
21.1925
21.32825
21.418225
21.485725
21.523525
21.5984
21.68355
21.78925
21.808175
21.8689
21.958575
22.035
22.1249
22.19065
22.312775
22.337025
22.417575
22.4752
22.567175
22.61545
22.704525
22.785
22.833775
22.873925
22.980775
23.115975
23.199725
23.318825
23.382
23.510575
23.600725
23.652175
23.7458
23.820225
23.860175
24.002025
24.081525
24.112025
24.295675
24.420425
24.4351
24.50725
24.56865
24.617375
24.71535
24.938675
24.968325
25.015475
25.11025
25.16785
25.278725
25.3923
25.47
25.492025
25.522625
25.61025
25.6979
25.8048
25.865125
25.89675
25.952325
26.050175
26.112925
26.263925
26.29375
26.394075
26.501825
26.55595
26.68085
26.73285
26.7893
26.878975
27.00555
27.093925
27.172175
27.28155
27.363625
27.398
27.54505
27.613325
27.77925
27.869675
27.93935
28.0746
28.14755
28.2022
28.496025
28.59495
28.691225
28.741225
28.793025
28.82605
28.877075
28.9754
29.008925
29.115325
29.24065
29.311875
29.3723
29.446725
29.4818
29.538575
29.597725
29.66385
29.7196
29.779375
29.889
30.016675
30.106
30.2055
30.306575
30.36485
30.4182
30.553375
30.68165
30.7526
30.829625
30.896825
30.951125
31.137725
31.21445
31.308675
31.358525
31.402325
31.519
31.566225
31.627875
31.7057
31.717225
31.7413
31.794925
31.8169
31.9178
31.962675
31.99935
32.0469
32.0802
32.1828
32.247
32.314275
32.345875
32.4729
32.5209
32.5962
32.6235
32.729875
32.8137
32.849575
32.88485
32.9577
33.03595
33.109075
33.132125
33.21515
33.264175
33.3716
33.5779
33.590125
33.650625
33.6926
33.745625
33.8474
33.913575
33.974425
34.035025
34.119625
34.3818
34.4582
34.5791
34.625025
34.70325
34.769975
34.81875
35.0214
35.081975
35.184925
35.249175
35.4085
35.506675
35.578575
35.604375
35.6801
35.72695
35.77235
35.797375
35.902
35.97385
36.03595
36.050775
36.1095
36.184925
36.213025
36.386125
36.4332
36.474325
36.550875
36.623825
36.665125
36.762225
36.8471
36.8823
36.932275
36.9811
37.32225
37.348975
37.356
37.445
37.554475
37.585975
37.633625
37.792775
37.917525
37.94275
37.955175
38.0074
38.063125
38.1239
38.16485
38.2103
38.2718
38.351875
38.514575
38.538725
38.58495
38.637725
38.7176
38.776225
38.843625
38.956325
39.040725
39.0819
39.130625
39.16495
39.224125
39.31685
39.328625
39.531675
39.589475
39.744075
39.902875
39.94305
39.983925
40.04295
40.142725
40.180975
40.315875
40.54585
40.566775
40.59735
40.66345
40.72535
40.809875
40.897275
41.045
41.058025
41.10255
41.171225
41.2157
41.33525
41.48145
41.496625
41.58375
41.6567
41.762525
41.82905
41.8602
41.885325
41.9468
42.0851
42.1428
42.1974
42.2815
42.35895
42.44675
42.52715
42.601675
42.69775
42.7849
42.940825
43.0717
43.214625
43.25895
43.35655
43.449775
43.4768
43.530725
43.575675
43.651375
43.741325
43.851325
43.996175
44.018025
44.0246
44.0333
44.128525
44.201925
44.28055
44.29135
44.339125
44.3769
44.4712
44.5762
44.68655
44.860775
44.882
44.97095
45.013225
45.14445
45.184775
45.272825
45.353075
45.409525
45.4731
45.519725
45.539425
45.5996
45.7145
45.887875
45.941425
46.02765
46.095125
46.188275
46.271725
46.38695
46.424825
46.55415
46.70875
46.728175
46.7858
46.8446
46.885925
46.932575
47.05415
47.23405
47.288425
47.2955
47.3828
47.433375
47.495675
47.56165
47.609325
47.70465
47.7662
47.8346
47.912975
47.96645
47.998375
48.01795
48.03405
48.132325
48.1473
48.19865
48.3189
48.400925
48.43695
48.516025
48.6067
48.707875
48.792325
48.847
48.887925
49.012725
49.092675
49.31365
49.33055
49.343425
49.399175
49.44935
49.545825
49.5654
49.59735
49.706675
49.751975
49.7672
49.785575
49.8192
49.835925
49.870175
49.909175
50.0236
50.059575
50.1026
50.169125
50.207725
50.27035
50.4401
50.5216
50.5628
50.59555
50.656525
50.712925
50.7489
50.79525
50.8451
51.014375
51.073575
51.16945
51.264575
51.33175
51.519775
51.5833
51.605575
51.65735
51.779275
51.8395
51.923
51.967625
52.020075
52.183125
52.211725
52.26505
52.344775
52.40355
52.492125
52.576075
52.59855
52.63925
52.749025
52.804625
52.847675
52.8886
52.937075
52.967975
53.042625
53.078725
53.173975
53.229575
53.309575
53.361975
53.44095
53.465625
53.52485
53.57705
53.67535
53.735625
53.984875
54.05515
54.1145
54.147325
54.2484
54.375875
54.4457
54.5363
54.678675
54.876675
54.910025
55.09505
55.220075
55.2348
55.33905
55.44665
55.5479
55.63805
55.7249
55.7871
55.8684
55.9524
56.01145
56.1057
56.16425
56.2525
56.407225
56.4699
56.52485
56.8727
56.891325
56.96305
57.0964
57.268825
57.309575
57.331425
57.458
57.4852
57.62135
57.770325
57.8903
58.035225
58.088175
58.13605
58.318925
58.401075
58.52565
58.542125
58.602425
58.667525
58.737125
58.7973
58.9092
59.046
59.07865
59.185875
59.232625
59.30465
59.360425
59.456025
59.53815
59.590475
59.6371
59.697525
59.774625
59.865825
59.9
59.95485
60.02755
60.10315
60.166675
60.22915
60.32115
60.376775
60.48565
60.5338
60.597275
60.7574
60.81625
60.87865
60.975775
61.11465
61.16685
61.245025
61.335775
61.43545
61.58275
61.6783
61.7176
61.831475
61.8983
61.92915
61.975875
62.032225
62.07275
62.16185
62.269225
62.363075
62.44685
62.48285
62.55535
62.6117
62.65485
62.723775
62.795675
62.84025
62.93845
62.99055
63.049925
63.15405
63.22725
63.290675
63.32945
63.36755
63.389975
63.466125
63.5908
63.740425
63.812175
63.818825
63.860475
63.904075
64.0331
64.103325
64.12955
64.17725
64.235475
64.34305
64.549375
64.57815
64.6588
64.756225
64.84005
64.995025
65.184525
65.268375
65.3749
65.4777
65.5575
65.619525
65.715475
65.85025
65.955875
66.0711
66.17635
66.284325
66.419875
66.51805
66.60415
66.703925
66.7595
66.8489
66.9163
66.992425
67.0111
67.0523
67.114075
67.169225
67.21905
67.314375
67.37875
67.51145
67.60525
67.6782
67.724475
67.77005
67.782725
67.8145
67.8752
67.9172
67.967775
67.99885
68.04995
68.15095
68.1937
68.2532
68.3821
68.500425
68.558975
68.581125
68.639975
68.709825
68.74105
68.811375
68.90475
69.010225
69.07425
69.120275
69.13775
69.156875
69.2423
69.332475
69.4274
69.51085
69.589825
69.625625
69.6938
69.741375
69.918025
70.083325
70.207475
70.336925
70.35895
70.38575
70.455125
70.5114
70.550875
70.614875
70.690725
70.78095
70.8012
70.824325
70.907925
71.08375
71.12065
71.19885
71.2441
71.3427
71.418925
71.455475
71.55925
71.653675
71.682475
71.71345
71.78115
71.824425
71.894275
71.920875
72.029525
72.1106
72.159275
72.197425
72.2189
72.2306
72.2743
72.3508
72.4096
72.482825
72.58095
72.619575
72.6617
72.70275
72.778575
72.9195
72.9765
73.018975
73.08605
73.119575
73.232475
73.287075
73.369825
73.433125
73.5292
73.597275
73.63305
73.70575
73.764025
73.8037
73.9023
74.00045
74.06785
74.120875
74.2071
74.256175
74.36475
74.41335
74.54855
74.661675
74.7212
74.801625
74.87975
74.9083
74.966175
75.05665
75.11775
75.140875
75.20145
75.2946
75.406175
75.42115
75.5318
75.62835
75.746575
75.782375
75.831675
75.9392
76.03445
76.1141
76.189175
76.2401
76.34045
76.43305
76.5304
76.629825
76.723825
76.763025
76.863425
76.9488
77.0138
77.0818
77.223025
77.290375
77.425725
77.56815
77.578425
77.636075
77.696525
77.791825
77.832875
77.892025
77.926875
77.9754
78.01475
78.1831
78.265775
78.2978
78.384425
78.501775
78.642925
78.693225
78.730325
78.84515
78.945025
79.121225
79.145575
79.179825
79.2235
79.3242
79.370875
79.471075
79.549925
79.658875
79.736975
79.8853
79.91815
79.9816
80.11205
80.28485
80.33015
80.423275
80.48505
80.526425
80.63695
80.685275
80.779725
80.817475
80.8537
80.926125
81.027
81.1151
81.1683
81.32005
81.45255
81.4935
81.50815
81.5778
81.644875
81.7273
81.821675
81.877375
81.9526
82.13685
82.238025
82.279275
82.33565
82.400375
82.498975
82.58505
82.6936
82.822575
82.946175
83.047225
83.12245
83.18025
83.253675
83.362
83.617775
83.68945
83.7489
83.843825
83.903
83.97895
84.023075
84.064125
84.14165
84.2742
84.37475
84.4403
84.4983
84.5283
84.6112
84.66965
84.7793
84.92685
85.04785
85.061125
85.1234
85.166775
85.339275
85.43925
85.503275
85.55735
85.62215
85.66175
85.8194
86.0025
86.0171
86.089925
86.13345
86.252075
86.315
86.372925
86.462225
86.544425
86.62495
86.684075
86.74465
86.7775
86.796175
86.895725
86.968575
86.9962
87.047025
87.126375
87.18555
87.27545
87.396675
87.481625
87.51725
87.560375
87.611075
87.673725
87.744375
87.901675
88.000175
88.089175
88.144225
88.1984
88.288025
88.327675
88.355725
88.3854
88.434525
88.56115
88.58585
88.6645
88.776275
88.882025
88.9291
88.97435
89.156675
89.312275
89.32645
89.353275
89.429075
89.4947
89.6002
89.633275
89.67545
89.750525
89.918425
90.080825
90.14365
90.1656
90.2351
90.305125
90.424975
90.49745
90.6056
90.687275
90.7614
90.92305
91.003775
91.033975
91.06805
91.1297
91.18445
91.244425
91.30875
91.3914
91.533775
91.6522
91.6984
91.7714
91.809325
91.8737
91.962
92.058975
92.123925
92.169475
92.216475
92.31125
92.39015
92.433575
92.749775
92.7833
92.860375
92.97595
93.027475
93.12175
93.191975
93.270025
93.3805
93.47795
93.58675
93.701225
93.721725
93.792
93.829925
93.87745
93.9741
94.01905
94.097025
94.16605
94.25005
94.333925
94.403775
94.42325
94.590075
94.740875
94.74845
94.776725
94.81895
94.871625
94.960425
94.986375
95.0417
95.087575
95.211225
95.3789
95.405125
95.423925
95.491875
95.59485
95.794225
95.80895
95.834125
95.914525
95.998875
96.020375
96.1151
96.1579
96.246075
96.285025
96.3534
96.45235
96.48815
96.65235
96.7892
96.8361
96.887625
96.965275
97.011375
97.12055
97.147575
97.15775
97.22135
97.2771
97.32285
97.346225
97.4577
97.548625
97.625625
97.633325
97.679925
97.753025
97.798525
97.974425
98.03365
98.097475
98.2534
98.385575
98.407175
98.454175
98.505125
98.642325
98.76335
98.7922
98.8207
98.904525
98.981375
99.097725
99.163275
99.20335
99.39315
99.4562
99.6249
99.712375
99.785375
99.8555
99.8959
99.9721
100.0913
100.12305
100.164825
100.23865
100.272225
100.308925
100.48325
100.66365
100.738025
100.769675
100.7955
100.816675
100.858175
100.93815
101.036475
101.128025
101.246525
101.32115
101.34425
101.410125
101.50205
101.619325
101.683875
101.807225
101.9053
101.95585
102.029725
102.125375
102.23215
102.280975
102.416875
102.4985
102.57
102.763425
102.810125
102.823475
102.882725
102.914575
102.97605
103.0207
103.09105
103.1274
103.17385
103.250075
103.3039
103.3572
103.463225
103.504575
103.5926
103.672125
103.754025
103.82025
103.8612
103.92575
103.9685
104.06615
104.13575
104.24665
104.3211
104.39025
104.45185
104.567525
104.65105
104.8054
104.873425
104.942325
105.043425
105.105975
105.1667
105.223425
105.27115
105.325575
105.3857
105.488875
105.563575
105.62955
105.7685
105.9038
105.92165
105.9285
105.994625
106.058525
106.097625
106.18675
106.295375
106.4954
106.51475
106.5634
106.643425
106.71205
106.764
107.0326
107.050875
107.078625
107.151925
107.252275
107.288425
107.352
107.4158
107.447925
107.48415
107.524325
107.5741
107.6591
107.7612
107.8583
108.0332
108.106125
108.186375
108.260725
108.322
108.3798
108.47205
108.551675
108.60515
108.6456
108.662175
108.67055
108.73205
108.770125
108.804675
108.839775
108.868475
108.956625
109.1503
109.212075
109.23355
109.319
109.3537
109.375975
109.45065
109.537475
109.69385
109.713275
109.7872
109.912625
109.984625
110.05335
110.1293
110.211725
110.353075
110.399925
110.4176
110.46535
110.585925
110.6314
110.6973
110.759875
110.823375
110.91125
111.00315
111.05695
111.1393
111.227325
111.32255
111.351425
111.39
111.5079
111.538175
111.6136
111.67305
111.72655
111.77385
111.87775
111.962475
112.036575
112.05585
112.13835
112.1708
112.249375
112.31635
112.430575
112.5741
112.61475
112.73765
112.867675
112.91065
113.002325
113.0853
113.1779
113.23885
113.351725
113.5098
113.582125
113.670325
113.7253
113.8283
113.834675
113.8635
113.9988
114.06625
114.16665
114.219925
114.29885
114.373375
114.468375
114.585075
114.612625
114.69305
114.716175
114.768875
114.801325
114.846725
115.00825
115.06185
115.149625
115.212825
115.272525
115.3532
115.50105
115.5261
115.5974
115.67595
115.721525
115.812525
115.957925
115.984925
116.075675
116.1537
116.23005
116.278825
116.33075
116.394375
116.468475
116.498225
116.521075
116.55745
116.593325
116.65585
116.71365
116.825675
116.85365
116.898725
116.9354
116.966725
117.010025
117.069825
117.124175
117.2131
117.36285
117.45725
117.47675
117.506375
117.596775
117.64195
117.739275
117.8948
117.9511
117.97135
118.0614
118.110175
118.165575
118.23055
118.4126
118.535175
118.548425
118.59605
118.6562
118.752375
118.879875
118.985825
119.0139
119.0735
119.1106
119.236675
119.300725
119.365375
119.425625
119.452875
119.553175
119.6582
119.723
119.824525
119.8738
119.979275
120.10355
120.186025
120.209175
120.33535
120.4069
120.47895
120.535175
120.63055
120.75695
120.8502
120.8927
120.94795
121.08815
121.1221
121.1468
121.248775
121.317175
121.351275
121.4334
121.545325
121.62195
121.795875
121.8214
121.91015
122.1607
122.192025
122.275325
122.3387
122.436175
122.47685
122.53515
122.614225
122.716075
122.791875
122.8895
122.9725
123.027125
123.0456
123.082575
123.269575
123.322175
123.422
123.470675
123.542975
123.60215
123.645125
123.70205
123.7569
123.8828
123.9393
123.98315
124.051725
124.2147
124.23265
124.3368
124.467825
124.562475
124.60665
124.750025
124.890625
124.926925
125.0299
125.08865
125.157525
125.32095
125.3941
125.567275
125.659025
125.6757
125.73905
125.8368
125.907675
125.957375
126.078275
126.116375
126.147775
126.208775
126.238575
126.373625
126.440325
126.487425
126.522425
126.552675
126.58935
126.6312
126.6823
126.74255
126.822625
126.909475
126.99405
127.059575
127.13945
127.197325
127.251975
127.375075
127.44975
127.574
127.78495
127.8338
127.903125
128.028725
128.0569
128.0929
128.21795
128.2897
128.39385
128.4305
128.493725
128.541725
128.57655
128.65105
128.691275
128.7215
128.785325
128.8043
128.839525
128.958075
129.0211
129.060875
129.152925
129.26895
129.322675
129.350825
129.3772
129.45385
129.4959
129.52165
129.615675
129.67535
129.718125
129.7563
129.8905
129.930375
129.950375
129.99915
130.05305
130.08665
130.252425
130.264775
130.3657
130.507725
130.567975
130.588825
130.680875
130.73085
130.870325
130.986125
131.015975
131.10945
131.20405
131.263725
131.35325
131.374725
131.382525
131.492425
131.6198
131.73465
131.781225
131.85215
131.9221
131.99605
132.079775
132.1039
132.133675
132.181725
132.29215
132.383975
132.460075
132.510575
132.5201
132.5614
132.63405
132.730475
132.7822
132.935925
132.95495
133.0119
133.085275
133.1785
133.345925
133.435025
133.5007
133.62425
133.7291
133.769975
133.87075
133.938425
134.011525
134.085575
134.174575
134.312075
134.393225
134.48805
134.626225
134.694675
134.798825
134.849025
134.914775
135.0249
135.076075
135.197075
135.355325
135.44135
135.493425
135.660875
135.804475
136.05305
136.155225
136.28025
136.39325
136.4889
136.593325
136.716375
136.8675
137.02455
137.089525
137.17685
137.255325
137.3084
137.394875
137.56695
137.649525
137.772375
137.98875
138.0732
138.119675
138.161125
138.22135
138.311325
138.399575
138.48
138.6639
138.679975
138.69085
138.8393
138.910725
138.96835
139.083075
139.130775
139.140225
139.234025
139.29015
139.38185
139.439975
139.49955
139.550675
139.5981
139.726975
139.7557
139.76575
139.81635
139.872325
139.92205
140.02175
140.135625
140.153
140.305025
140.4623
140.56315
140.662325
140.7031
140.789175
140.948975
141.0292
141.051425
141.148925
141.20615
141.3886
141.42475
141.4453
141.469625
141.569775
141.742925
141.901325
141.98395
142.0009
142.102975
142.185075
142.2674
142.384875
142.518175
142.530925
142.54345
142.636325
142.7448
142.8341
142.8917
142.9494
142.98615
143.02245
143.047925
143.107575
143.18465
143.19855
143.208475
143.2266
143.2596
143.292675
143.3091
143.338625
143.378825
143.43845
143.482375
143.5547
143.652525
143.7482
143.7887
143.868575
143.9694
144.126725
144.141775
144.3181
144.464325
144.5779
144.587175
144.678525
144.730275
145.062725
145.1591
145.21095
145.323
145.362875
145.40125
145.536675
145.6433
145.676625
145.8128
145.901275
145.94975
145.98435
146.055525
146.12185
146.205825
146.2477
146.3057
146.363125
146.40195
146.4379
146.464425
146.5224
146.5703
146.642675
146.743725
146.776625
146.84845
146.864625
146.897425
147.0353
147.0804
147.126575
147.165775
147.209225
147.2301
147.29495
147.443075
147.526275
147.568025
147.576275
147.678675
147.722975
147.762475
147.880925
147.971075
148.000225
148.0595
148.112575
148.1462
148.214175
148.307125
148.36165
148.437075
148.488875
148.591075
148.632225
148.684125
148.718975
148.758675
148.853375
148.913
148.9486
149.018425
149.09015
149.1564
149.236575
149.28265
149.34855
149.435725
149.463125
149.532275
149.57865
149.79095
149.80695
149.8736
149.90845
149.94445
150.0447
150.14395
150.227725
150.306125
150.37145
150.4146
150.476225
150.533275
150.607075
150.7795
150.917375
150.938125
150.9941
151.052525
151.1061
151.226575
151.37795
151.456125
151.502675
151.562225
151.59545
151.63825
151.67725
151.713675
151.733775
151.84295
151.90505
152.04265
152.09635
152.107525
152.1372
152.16675
152.211125
152.2696
152.32635
152.39735
152.602475
152.630625
152.636475
152.680475
152.753575
152.8201
152.939625
153.098625
153.1065
153.139425
153.1978
153.2657
153.313775
153.360975
153.424875
153.466775
153.6123
153.700625
153.714475
153.87905
153.98495
154.04105
154.0968
154.118275
154.154675
154.20945
154.264475
154.32565
154.423725
154.59545
154.607175
154.69175
154.756075
154.7999
154.85985
154.910575
154.945225
154.965525
155.029975
155.073725
155.1443
155.20215
155.26535
155.3409
155.4048
155.553825
155.59255
155.6484
155.70285
155.787525
155.862325
155.9601
156.0537
156.118825
156.274575
156.340675
156.372675
156.422975
156.4847
156.6537
156.674525
156.7172
156.762025
156.83485
156.88005
156.925625
156.959125
157.05745
157.10925
157.1657
157.27585
157.353825
157.391125
157.464775
157.49395
157.541175
157.637275
157.696175
157.75855
157.7986
157.904725
157.94295
157.984025
158.059725
158.116825
158.19715
158.25015
158.356225
158.550625
158.570575
158.6307
158.725975
158.8024
158.8421
158.9162
158.97195
159.099075
159.16855
159.24185
159.28435
159.413025
159.4853
159.573925
159.757175
159.7883
159.84455
159.903325
159.95455
160.001725
160.128625
160.215575
160.28695
160.37075
160.414075
160.453075
160.578475
160.65125
160.733175
160.776775
160.86695
160.938525
161.0029
161.0556
161.10575
161.199825
161.3465
161.395425
161.445575
161.5477
161.5647
161.617775
161.72725
161.787575
161.85265
161.908575
162.001625
162.1308
162.238975
162.271125
162.34345
162.386925
162.476675
162.584475
162.597775
162.6529
162.7475
162.777225
162.830125
162.912175
162.9958
163.115275
163.201325
163.316725
163.492025
163.520275
163.582225
163.658
163.776175
163.8399
163.891425
163.953425
164.096975
164.2147
164.27505
164.355675
164.404675
164.464575
164.48515
164.689225
164.771775
164.813625
164.874025
164.9241
164.98485
165.06185
165.1309
165.187475
165.242225
165.4175
165.498625
165.546375
165.589075
165.65815
165.731775
165.805125
165.8455
165.860625
165.903525
165.944425
166.07305
166.13195
166.170475
166.22415
166.299475
166.466675
166.535775
166.56245
166.611925
166.641125
166.718925
166.82415
166.8624
166.906825
167.0007
167.066425
167.093025
167.130825
167.16905
167.24
167.304725
167.42455
167.44
167.455225
167.5507
167.6225
167.6502
167.689325
167.756675
167.8162
167.890575
167.927375
167.955125
168.056675
168.235025
168.3247
168.340925
168.416725
168.541625
168.59355
168.819225
168.971525
169.0339
169.083875
169.20775
169.32615
169.410475
169.5054
169.6308
169.723175
169.81935
169.8787
169.9438
170.046175
170.052575
170.10635
170.1536
170.210125
170.303425
170.392825
170.423275
170.440175
170.482425
170.527925
170.59145
170.61365
170.69625
170.741
170.824025
170.865025
170.918425
171.054775
171.201975
171.2954
171.31095
171.40925
171.5306
171.573025
171.6476
171.75115
171.914675
171.9658
172.05785
172.0993
172.1647
172.196775
172.259875
172.3897
172.55525
172.59625
172.6139
172.6289
172.688775
172.756525
172.799425
172.823825
172.857475
172.940725
173.0422
173.09995
173.13745
173.17535
173.232875
173.25865
173.323825
173.35295
173.4629
173.564475
173.65055
173.854275
173.882675
173.960375
174.030325
174.0621
174.116525
174.2088
174.274575
174.34595
174.4549
174.588125
174.637075
174.657325
174.7096
174.8136
174.838925
174.891925
174.994875
175.038175
175.096725
175.162925
175.1896
175.2356
175.292175
175.331575
175.3776
175.4271
175.4946
175.53945
175.5869
175.639875
175.6614
175.8076
175.8669
175.909825
175.9758
176.016975
176.111475
176.19005
176.267025
176.365675
176.441375
176.5511
176.6204
176.638725
176.67805
176.698475
176.72815
176.80235
176.8473
176.887225
177.034125
177.06385
177.1359
177.18755
177.2548
177.3311
177.39745
177.426175
177.51715
177.5497
177.709725
177.770475
177.835775
177.862375
177.921875
178.0045
178.04355
178.105475
178.202875
178.360975
178.4311
178.483125
178.541775
178.628625
178.714025
178.75495
178.782175
178.91
178.99045
179.0296
179.105575
179.166125
179.222075
179.365575
179.47175
179.5274
179.613075
179.654775
179.750875
179.8556
179.892175
179.922625
179.965675
180.025
180.063675
180.134825
180.16335
180.2192
180.3384
180.380925
180.457075
180.509625
180.539175
180.603675
180.67995
180.71675
180.75385
180.7895
180.824
180.872025
180.97015
181.10285
181.151325
181.159875
181.2257
181.283225
181.3361
181.393875
181.447975
181.542975
181.63205
181.6534
181.800025
181.86035
181.985475
182.031125
182.1258
182.223925
182.295275
182.368125
182.4014
182.442125
182.49845
182.58835
182.6343
182.701475
182.824775
182.902675
182.951275
183.0205
183.08055
183.11225
183.181825
183.319925
183.37065
183.423425
183.464225
183.5276
183.637375
183.740575
183.755225
183.7726
183.88235
183.9391
184.008275
184.033475
184.0562
184.14245
184.22265
184.29925
184.374775
184.42415
184.509975
184.632375
184.694875
184.74975
184.81525
184.85665
184.954225
185.0496
185.0602
185.165425
185.232875
185.25805
185.321275
185.44635
185.51895
185.566575
185.58225
185.634375
185.686775
185.7061
185.74605
185.88415
185.944525
186.0111
186.021825
186.081575
186.0946
186.114525
186.14995
186.217675
186.344225
186.416625
186.504925
186.514275
186.566075
186.62555
186.670925
186.699275
186.724125
186.79835
186.8667
187.072775
187.121475
187.151575
187.167575
187.200525
187.2837
187.343675
187.43185
187.532375
187.63605
187.72605
187.80085
187.920525
187.9957
188.0788
188.106
188.17175
188.236
188.261775
188.330375
188.374325
188.41
188.456975
188.534225
188.618125
188.707825
188.7699
188.836925
188.88205
188.98745
189.0433
189.090025
189.11985
189.21715
189.280025
189.310675
189.36935
189.40275
189.490225
189.5324
189.57605
189.826225
189.8392
189.847975
189.91595
189.975475
190.01025
190.12625
190.21165
190.278125
190.340775
190.423725
190.461675
190.488575
190.5947
190.7549
190.79475
190.85515
190.9008
190.946825
191.048825
191.165175
191.228125
191.254075
191.279225
191.4128
191.471275
191.60655
191.664275
191.69145
191.743125
191.784275
191.822675
191.88345
191.90515
191.9416
191.966725
191.98565
192.02985
192.05055
192.0893
192.154075
192.192025
192.2693
192.305775
192.382175
192.437325
192.473925
192.507675
192.70175
192.748975
192.803975
192.8723
192.943125
193.04035
193.076525
193.126275
193.1688
193.311525
193.3733
193.40955
193.4554
193.527775
193.57355
193.60165
193.6926
193.790025
193.846475
193.92815
193.984525
194.042225
194.0681
194.172025
194.30495
194.32065
194.344525
194.3832
194.43405
194.4867
194.60325
194.627
194.66575
194.72065
194.78165
194.8234
194.86655
194.923525
194.950175
195.010775
195.0533
195.1008
195.1635
195.2392
195.29125
195.354775
195.399125
195.4586
195.51355
195.56215
195.632425
195.72395
195.8066
195.862525
195.9035
195.931875
195.9997
196.071875
196.152025
196.22825
196.351775
196.384225
196.4525
196.500825
196.625325
196.674275
196.739275
196.7878
196.8073
196.8527
196.9615
197.03155
197.05915
197.095525
197.16145
197.26165
197.408525
197.465
197.546625
197.667975
197.745475
197.866425
197.9217
197.947625
198.04155
198.100675
198.2883
198.345825
198.443025
198.509975
198.5823
198.6278
198.666125
198.720075
198.774975
198.820625
198.8675
198.88855
198.93955
198.97695
199.0529
199.2608
199.279175
199.3339
199.398475
199.436425
199.471525
199.528125
199.5945
199.711475
199.762525
199.799425
199.87035
199.931775
200.03595
200.057275
200.10055
200.163425
200.3628
200.376325
200.389325
200.4524
200.5113
200.5674
200.711975
200.754
200.77225
200.8418
200.94505
201.0371
201.06055
201.139925
201.170775
201.21025
201.23705
201.257425
201.286275
201.35345
201.43835
201.505125
201.5492
201.59875
201.609475
201.654375
201.7281
201.8822
201.952675
201.98425
202.02685
202.0595
202.133675
202.178275
202.245175
202.2972
202.32905
202.452
202.50895
202.57045
202.6122
202.759425
202.8424
202.89695
202.9715
203.043575
203.113325
203.209175
203.24
203.299475
203.39655
203.4562
203.55605
203.61675
203.638725
203.679175
203.714725
203.7493
203.845025
203.931825
204.00525
204.022175
204.0777
204.127225
204.267175
204.3308
204.41885
204.481625
204.515625
204.577425
204.632175
204.6768
204.741
204.828825
204.87465
204.9586
205.00585
205.10285
205.15575
205.3284
205.378025
205.423625
205.5063
205.580925
205.643675
205.68835
205.772275
205.80105
205.8399
205.9867
206.050925
206.07095
206.08795
206.143225
206.21005
206.2886
206.396775
206.976
207.036675
207.17955
207.3265
207.4248
207.630575
207.71055
207.731725
207.8431
207.924025
208.134325
208.146025
208.255375
208.341075
208.36495
208.376175
208.38565
208.4749
208.566675
208.618425
208.713575
208.750225
208.781725
208.9002
208.96905
209.07505
209.155775
209.23525
209.30175
209.380975
209.446
209.499525
209.539625
209.627375
209.714625
209.995925
210.00555
210.11505
210.313625
210.400675
210.528775
210.62295
210.6972
210.76605
210.843525
210.970875
211.100125
211.1185
211.3056
211.473175
211.69015
211.8449
211.973075
211.99445
212.0513
212.099475
212.152275
212.16875
212.2451
212.288525
212.44505
212.4877
212.569825
212.6122
212.725175
212.859725
212.936725
212.9878
213.028175
213.0661
213.155825
213.29875
213.3617
213.45765
213.609875
213.7165
213.785975
213.839625
213.89955
213.931725
213.981975
214.021975
214.05715
214.16725
214.2404
214.266875
214.37835
214.459475
214.510425
214.543525
214.590375
214.660975
214.76645
214.805575
214.84065
214.881925
214.94305
215.0557
215.184025
215.2682
215.352625
215.45085
215.52265
215.616825
215.69725
215.74645
215.887875
215.935275
216.0661
216.189775
216.2593
216.3699
216.401525
216.440175
216.498
216.5526
216.649425
216.7202
216.759325
216.908625
216.998975
217.0646
217.145325
217.234775
217.3282
217.45725
217.579275
217.66075
217.783575
218.01745
218.097525
218.15575
218.220375
218.317875
218.372475
218.436875
218.485675
218.561125
218.66455
218.743075
218.80395
218.86395
218.919475
219.078925
219.176125
219.254775
219.268275
219.29125
219.372025
219.467825
219.5481
219.644675
219.698625
219.7382
219.820275
219.89065
220.020075
220.0832
220.119475
220.209825
220.335225
220.417375
220.495175
220.584925
220.645125
220.712575
220.77095
220.790175
220.84835
220.915825
221.085325
221.124
221.16915
221.265625
221.401075
221.45265
221.56605
221.658825
221.736775
221.81685
221.854225
221.997025
222.084125
222.1266
222.2057
222.24125
222.287275
222.39915
222.45145
222.568625
222.7254
222.897325
222.95405
223.0173
223.18415
223.26185
223.2757
223.339625
223.44435
223.562175
223.64705
223.65925
223.75
223.86215
223.996125
224.01805
224.077875
224.1226
224.3266
224.439625
224.495075
224.537525
224.5711
224.62095
224.677625
224.769825
224.808725
224.86465
224.978025
225.00905
225.077275
225.158175
225.265375
225.364575
225.475
225.569
225.6384
225.76165
225.938
225.9702
226.0395
226.0716
226.10375
226.1473
226.21835
226.289825
226.468375
226.5541
226.58655
226.651325
226.68075
226.73915
226.782425
226.85435
227.0723
227.13855
227.194775
227.240475
227.36435
227.406475
227.47745
227.578925
227.630325
227.724125
227.8041
227.8702
227.931425
227.977225
228.064375
228.16135
228.23415
228.33575
228.358375
228.3845
228.4597
228.6067
228.712075
228.808
228.8237
228.8649
229.000225
229.1199
229.191625
229.238975
229.2708
229.36515
229.4532
229.527225
229.60795
229.641075
229.7669
229.86385
230.0515
230.1738
230.28395
230.320225
230.42965
230.477825
230.53
230.597825
230.660825
230.72585
230.778625
230.9457
230.9901
231.029425
231.098725
231.2009
231.258875
231.3054
231.3939
231.46765
231.486575
231.542575
231.58485
231.69465
231.736425
231.796525
231.8294
231.86745
231.9401
231.9934
232.06995
232.157875
232.218575
232.316525
232.385125
232.539925
232.61425
232.644225
232.713275
232.79165
232.8125
232.850275
232.89765
232.961975
233.008775
233.05135
233.12065
233.40195
233.41085
233.462975
233.511225
233.588375
233.633575
233.716775
233.776025
233.82385
233.84385
233.9331
234.0237
234.06995
234.12785
234.25435
234.35705
234.432075
234.482525
234.539875
234.60665
234.701075
234.773375
234.816
234.855275
234.9304
234.976275
235.053825
235.106775
235.17285
235.236675
235.2813
235.3972
235.4346
235.52925
235.564325
235.666225
235.827075
235.864625
235.94445
235.99115
236.065475
236.13185
236.310575
236.4024
236.440375
236.48465
236.52235
236.69275
236.7484
236.825875
236.847825
236.93775
237.0874
237.13205
237.174525
237.246575
237.3426
237.4263
237.5041
237.537825
237.727675
237.8353
237.887725
238.045575
238.091025
238.135975
238.2173
238.27695
238.304025
238.351925
238.48975
238.56485
238.6197
238.694125
238.870625
238.88885
238.9512
238.975675
239.025675
239.1236
239.157075
239.308625
239.364275
239.4638
239.61235
239.7421
239.77185
239.81465
239.907
240.1086
240.13325
240.174225
240.302375
240.575825
240.6501
240.749325
240.811225
240.87925
240.941725
241.01265
241.067825
241.101675
241.35905
241.382275
241.4345
241.577
241.701075
241.7097
241.719375
241.798375
241.908625
242.00445
242.06105
242.128825
242.238425
242.269975
242.39845
242.5042
242.600275
242.674175
242.72385
242.881575
243.03995
243.051125
243.124225
243.17795
243.20815
243.320725
243.433175
243.52145
243.563975
243.658475
243.732675
243.866425
243.96735
244.00485
244.0303
244.10685
244.19525
244.277775
244.355325
244.378675
244.44815
244.4763
244.524175
244.59775
244.644875
244.75855
244.7922
244.9682
245.068525
245.1186
245.20675
245.3678
245.509225
245.534175
245.576525
245.647225
245.72225
245.784425
245.93555
245.991125
246.030625
246.092275
246.132825
246.145125
246.1581
246.21815
246.367025
246.447825
246.50855
246.56285
246.682125
246.730925
246.83725
246.8735
246.95665
247.1165
247.2342
247.29265
247.460225
247.51955
247.5769
247.613725
247.705775
247.784875
247.854475
247.888325
247.98975
248.15715
248.241025
248.343475
248.365975
248.42875
