1.126125
1.202025
2.525675
6.7625
9.232725
9.615375
10.57
11.6073
11.61025
11.61455
12.092825
12.417875
13.43415
15.718775
17.373975
18.52845
18.549475
18.828825
19.0427
19.3146
19.927375
20.1338
21.7819
21.789025
21.79095
21.7933
22.0684
23.673875
24.35375
24.35655
24.35945
35.33175
35.628275
36.143825
36.149275
36.902725
38.339275
39.01075
40.08505
41.27475
41.2986
41.377725
43.260075
44.0546
44.364775
45.214275
45.442575
45.445075
45.4471
45.4542
47.3612
48.956075
49.758825
50.13245
51.147825
52.52185
52.903925
53.043525
53.104425
53.1927
53.4083
54.549225
54.552475
54.5605
55.94135
57.41985
58.4081
58.4107
58.413125
58.417975
58.963575
58.96815
58.973175
60.1987
60.758775
61.737075
61.78525
63.02155
63.1716
63.367325
63.411275
65.27635
67.771225
68.15425
68.694025
69.568425
71.0039
71.0071
71.010925
73.79975
74.79175
75.344525
77.686275
77.722475
77.78535
80.4748
80.996425
81.0292
83.2937
84.3685
84.886325
85.541275
85.669425
85.674775
86.01215
86.0183
91.367075
92.35365
92.963625
93.589775
96.059425
97.093025
97.14505
97.228725
97.798875
97.80145
97.8037
100.1027
100.8816
101.0441
101.15235
101.155825
101.5091
103.295875
105.2967
106.892575
108.3109
109.089775
109.092675
111.298575
111.352175
112.58435
114.141925
114.191175
114.1947
114.226875
114.30285
114.552275
114.555725
114.55855
114.57055
114.862175
114.9165
114.9224
115.067325
115.43355
116.24515
116.931
117.235
118.4771
118.803125
121.0556
121.403875
123.650875
127.865675
128.97815
129.586675
129.76535
130.171675
133.44385
134.040325
134.566575
138.479675
138.793775
139.945075
141.746275
145.2491
145.280275
146.1061
146.5386
148.346775
148.34945
148.352225
148.92275
148.93715
149.063875
149.321825
153.8107
154.2204
154.2228
154.225125
154.231675
154.38175
156.627925
157.73365
159.799825
160.455275
162.40105
164.73545
165.649075
166.43475
166.438525
168.06225
170.440225
170.442975
170.44505
170.4505
170.658075
170.702
172.05515
174.079975
176.540875
180.761075
182.875525
182.912975
186.92915
186.931975
186.938225
187.322975
187.5482
187.6926
187.972275
187.9746
187.97675
187.97945
189.1019
189.110175
190.237725
190.84975
192.9041
192.9078
192.909825
195.1014
195.155075
197.060725
198.105425
199.12765
199.13575
203.0401
204.7259
204.945775
205.518675
206.374825
206.6784
207.322225
207.93665
210.01945
210.738175
210.743825
211.31825
211.704175
211.706975
211.709425
211.7415
211.746775
212.03195
213.573775
213.578
213.870375
215.67645
217.746025
218.66875
218.7078
219.615425
221.506975
221.594475
221.598
224.411675
225.416775
226.381275
226.678675
226.695125
228.038825
229.763175
231.355825
233.522875
236.151775
236.3656
236.730175
237.231125
237.591775
237.598725
237.960475
238.214075
238.22425
238.523625
238.61355
240.66375
240.716725
241.026025
241.028575
241.030725
241.033
241.547675
241.5543
243.7658
243.77265
243.779575
243.7883
243.79385
243.798175
243.81245
243.817225
243.824625
243.83275
243.838075
243.844075
243.8783
243.899825
244.2429
244.522325
244.5253
244.536625
244.8008
245.452725
247.667525
247.67015
247.67295
248.005225
248.02385
248.048975
