24.3921
24.442075
24.451925
24.516575
24.532975
24.59585
24.6369
24.664525
24.66715
24.737125
24.82355
25.08175
26.585875
26.61565
26.6296
26.650525
26.692375
26.710425
26.734675
26.744775
26.846825
26.8688
26.890675
26.900925
26.911075
26.9268
26.9561
26.963
45.4487
45.503075
45.51185
45.592325
45.617125
45.6294
45.690075
45.767625
45.780575
45.807825
46.19875
46.213075
46.222425
46.2366
46.247775
46.275875
47.73155
47.77695
47.796825
47.8322
47.8511
47.868775
47.879225
47.898
47.925175
47.952775
47.969075
47.9993
48.022625
48.03575
48.052125
48.0779
48.092825
48.11
48.1235
48.14785
48.15675
48.18935
48.209025
48.221825
48.24255
48.265
48.27625
48.296575
48.31815
48.331325
48.355425
48.368375
48.39005
48.4029
48.4191
48.429875
48.454425
48.471775
48.503675
48.517
48.539375
48.55605
48.57495
48.5888
48.63435
48.650925
48.6704
48.698225
48.721325
48.735725
48.745875
48.760075
48.780075
48.797925
48.82325
48.84925
48.8694
48.89165
48.910975
48.923925
48.950525
48.96495
49.12095
49.1775
49.2168
49.23655
49.3274
49.725075
49.83815
49.978025
49.995975
50.04015
50.0904
50.10075
50.131825
50.170575
50.24515
50.291775
50.348
50.399625
50.418675
50.469575
50.52365
50.569275
50.596675
50.621975
50.694275
50.7097
50.750725
50.814775
50.850025
50.895075
50.9122
51.03165
51.065975
51.120925
51.22255
51.305825
51.34175
51.37345
51.399475
51.446
51.46055
51.53105
51.5467
51.5719
51.5908
51.756375
51.810075
51.83505
51.852125
51.885725
51.918925
51.9511
51.983325
52.02895
52.153075
52.170525
52.245175
52.276375
52.299425
52.368975
52.3999
52.41645
52.45545
52.480825
52.61425
52.63735
52.678825
52.7086
52.7374
52.86045
52.888525
53.0947
53.253325
53.36405
53.390275
53.5662
53.6296
53.699675
53.717075
53.749975
53.769675
53.7955
53.8435
53.8773
53.920025
53.962025
54.142925
54.151675
54.182125
54.21225
54.22855
54.2482
54.32955
54.362725
54.38675
54.4326
54.463325
54.535575
54.6563
54.6995
54.95345
55.035775
55.09715
55.148525
55.163
55.1902
55.219075
55.3027
55.33575
55.3896
55.421375
55.44125
55.4861
55.51265
55.539275
55.556075
55.58265
55.601125
55.625575
55.641625
55.66405
55.679225
55.71435
55.7266
55.739475
55.75735
55.7721
55.793725
55.80725
55.8197
55.854275
55.86465
55.885475
55.908675
55.9299
55.950725
55.97015
55.983925
56.012325
56.028825
56.056425
56.079675
56.097625
56.122025
56.144825
56.1673
56.1937
56.22285
56.260725
56.287875
56.31635
56.339
56.358975
56.376075
56.410075
56.42465
56.441525
56.4619
56.47925
56.49925
56.5274
56.54915
56.56845
56.57105
56.582325
56.604575
56.6123
56.640575
56.649625
56.66215
56.685325
56.7143
56.732975
56.7544
56.7696
56.789275
56.809825
56.8268
56.8617
56.885875
56.8988
56.9211
56.9353
56.94675
56.96635
56.976725
57.002225
57.0218
57.048825
57.067475
57.09725
57.1325
57.160525
57.16685
57.1885
57.23015
57.240175
57.27805
57.297025
57.3236
57.3441
57.372975
57.38555
57.4066
57.42455
57.4496
57.490325
57.50615
57.5292
57.547825
57.573125
57.6008
57.6274
57.649775
57.668375
57.681075
57.698425
57.70805
57.718675
57.745075
57.7605
57.780125
57.79395
57.816125
57.8388
57.852625
57.873525
57.88775
57.90815
57.95255
57.986875
58.011025
58.035975
58.04965
58.072725
58.085925
58.114775
58.13685
58.14855
58.165
58.18125
58.21325
58.2335
58.282475
58.319275
58.3409
58.365175
58.383
58.4022
58.429375
58.4425
58.468975
58.48845
58.537625
58.571125
58.591375
58.6197
58.63195
58.64765
58.656125
58.67175
58.7043
58.72235
58.74
58.758275
58.7709
58.780825
58.799825
58.809725
58.833725
58.851525
58.8634
58.87355
58.887775
58.90065
58.919275
58.928125
58.9429
58.96065
58.978375
58.9923
59.011975
59.032675
59.04705
59.069525
59.088025
59.10235
59.116275
59.133875
59.151075
59.1678
59.18365
59.2005
59.213425
59.235625
59.247625
59.2616
59.277225
59.301425
59.327675
59.338625
59.374675
59.4092
59.4248
59.4554
59.48285
59.505475
59.53185
59.54715
59.563275
59.57865
59.59495
59.6199
59.63265
59.650875
59.666925
59.690825
59.704125
59.718775
59.729375
59.744
59.7513
59.7688
59.78095
59.79895
59.82415
59.834425
59.85505
59.87185
59.8914
59.917
59.940625
59.961275
59.981275
60.007275
60.030875
60.050775
60.077425
60.15065
60.1653
60.19005
60.2082
60.22
60.286825
60.3137
60.361125
60.404575
60.433325
60.455725
60.479125
60.520825
60.536475
60.587425
60.612225
60.639725
60.6636
60.683625
60.72745
60.76625
60.7978
60.834425
60.856675
60.92735
60.96265
61.06515
61.09445
61.153675
61.204375
61.299325
61.3284
61.3715
61.4083
61.448525
61.64655
61.902525
62.023675
62.124625
62.2327
62.2625
62.56815
62.6404
62.725125
62.798025
62.83685
62.86285
62.89675
62.9336
62.947375
62.98635
63.2283
63.3517
63.3764
63.486825
63.53845
63.5686
63.620475
63.639575
63.678125
63.7262
63.7704
63.8028
63.8221
63.8457
63.889775
63.9079
63.925525
63.95365
63.976425
64.001575
64.03965
64.083725
64.16915
64.2565
64.275975
64.299925
64.368675
64.4114
64.448525
64.4644
64.485175
64.497025
64.5207
64.565975
64.6083
64.623125
64.655525
64.6731
64.686875
64.732725
64.7819
64.82475
64.874625
64.8981
64.942525
64.9649
64.993475
65.011775
65.040025
65.109075
65.132175
65.154975
65.173625
65.185675
65.213575
65.246625
65.2653
65.2923
65.30765
65.32935
65.3405
65.351975
65.375725
65.39065
65.406225
65.427475
65.44155
65.480425
65.492325
65.559275
65.585875
65.5976
65.614025
65.6314
65.649625
65.668275
65.686725
65.701975
65.72735
65.748975
65.7786
65.800525
65.80965
65.8261
65.84365
65.85835
65.864
65.878425
65.891075
65.902025
65.91625
65.9272
65.9405
65.965725
65.978025
66.010175
66.043475
66.051975
66.082075
66.110525
66.143525
66.242
66.2641
66.2951
66.3416
66.37035
66.415025
66.454125
66.504225
66.530275
66.56145
66.6063
66.6534
66.67495
66.757475
66.81905
66.83525
66.883075
66.964375
66.9982
67.041525
67.06715
67.08855
67.126525
67.1412
67.35755
67.422625
182.2277
210.05205
210.106275
210.156075
210.339875
210.415925
210.69925
211.15485
211.187425
211.292
225.7406
225.984325
226.078825
226.101225
226.122925
226.25355
226.301225
226.35735
226.383075
226.41115
226.45285
226.485425
226.586625
226.671475
226.711225
226.771675
226.795075
226.82545
226.888375
227.02615
227.086725
227.205725
227.5191
227.54305
227.666325
227.891675
227.9375
227.9558
228.003325
228.03625
228.08425
228.115925
228.177375
228.21395
228.2457
228.272875
228.37015
228.386675
228.418
228.45695
228.517825
228.603875
228.8118
228.8468
228.948675
229.013575
229.0422
229.057575
229.088425
229.209875
230.140625
230.1594
230.21595
230.243175
230.2897
230.327625
230.340525
230.35505
230.376975
230.42415
230.48765
230.522125
230.6451
230.668875
230.697725
230.71845
230.7319
230.787425
230.802675
230.842875
230.877275
230.9117
230.977075
231.0504
231.111775
231.146975
231.1784
231.210925
231.241825
231.299975
231.3611
231.377475
231.458875
231.509925
231.53585
231.560175
231.601775
231.711475
243.025575
243.058875
243.099475
243.2073
243.2237
243.239875
243.28555
243.3035
243.35545
243.396075
243.42785
243.459575
243.514775
243.53945
243.561675
243.5824
243.6049
243.656825
243.67585
243.70875
243.7801
243.8137
243.84865
243.8928
243.9357
243.95165
243.99645
244.0651
244.091675
244.115275
244.133175
244.158275
244.185375
244.2277
244.307075
244.354825
244.423125
244.486725
244.57015
244.5976
244.659725
244.66915
244.687025
363.316
522.246
531.7665
557.093975
