0.085
1.593825
1.89605
1.89915
1.899725
1.907275
2.6645
5.35025
8.437
9.9127
9.917825
13.1524
13.397125
22.315925
22.7809
22.80785
22.809375
22.8751
22.88305
22.889825
22.936225
23.0993
23.211
24.44245
24.672475
26.1364
26.454
26.468175
26.509875
26.527225
26.538425
26.55
26.7029
26.754375
26.808525
26.845875
26.87315
26.9065
26.9122
26.919725
27.01
28.47015
29.041275
29.93905
30.178275
30.842225
30.854975
31.016775
32.142575
32.15
32.37325
32.410975
35.1222
35.137975
35.26955
35.366525
35.378375
35.38455
35.38975
35.40755
35.4116
35.424625
35.462925
35.491125
35.67455
36.516875
36.722425
36.746125
36.757825
36.870525
37.1327
37.185925
37.215125
37.224125
37.260375
37.284
37.382925
37.467225
37.480475
37.50965
37.5365
37.558675
37.5682
37.696875
37.798225
37.83215
37.84185
37.8685
37.9211
37.94865
37.962175
37.98405
38.017275
38.0683
38.09645
38.1266
38.1522
38.171
38.195425
38.210625
38.235325
38.264875
38.3011
38.320025
38.57485
38.660625
38.873975
39.49495
39.553375
39.6482
40.2916
40.487125
40.6316
40.950175
40.9926
41.218275
41.2581
41.3071
41.3967
41.41455
41.4483
41.5341
41.551525
41.588875
41.795375
41.837425
41.85535
41.95325
42.097675
42.16685
42.2744
42.388
42.454425
42.675875
45.89675
45.911975
48.128575
48.319575
54.258575
54.592725
54.7063
56.737125
57.0964
60.868075
61.003175
61.6552
64.691925
70.54115
72.1766
77.023875
77.349475
80.6067
80.8074
80.8103
80.921075
84.9386
85.7223
88.94805
90.773075
90.8743
91.6021
96.5187
97.136375
97.381425
97.393925
97.445
97.6922
97.841275
97.872225
103.426775
107.83625
110.268775
111.017075
112.107
112.125
112.1287
118.059
121.22765
121.3831
123.610325
124.971875
131.486775
133.93705
134.83335
138.32525
140.00685
140.11785
140.992125
142.145975
146.394475
147.7768
147.785075
149.208975
149.4159
149.477525
149.52425
149.597175
149.6033
149.900875
149.9766
150.19115
150.391425
150.6
150.87475
151.15335
151.2397
151.2507
151.3031
151.56155
151.581625
151.6008
151.63085
155.5582
155.585075
155.703775
155.915125
155.92725
156.0117
156.041975
156.082425
156.4697
157.2389
157.621
157.6769
157.990375
158.4143
159.0132
159.320325
159.4607
159.685825
159.84445
159.85795
159.87075
160.0023
160.016525
160.13045
160.1764
160.246525
160.2759
160.312
160.34235
160.5028
160.5422
160.94455
160.996175
161.036125
161.075625
161.129675
161.1426
161.26895
161.38475
161.42955
161.4835
161.552975
161.79645
161.888975
162.132325
162.140975
162.348225
162.50135
162.62205
162.6739
162.6949
162.7276
163.005
163.095725
163.12185
163.191025
163.24655
163.25685
163.324275
163.381025
163.54485
163.63395
163.6546
163.8891
163.9142
164.02605
164.138625
164.1762
164.435625
164.456225
164.5053
164.58555
164.622475
164.639475
164.90045
164.99915
165.022225
165.144525
165.171325
165.187875
165.3545
165.3945
165.403775
165.4508
165.6059
165.65835
165.70595
165.84565
165.92665
165.97265
166.026975
169.969525
170.914575
172.4295
172.60475
172.6575
172.878675
172.9878
173.16885
173.237875
173.331375
173.3539
173.4024
173.4388
173.4532
173.4614
173.4836
173.5255
173.5686
173.645
174.091575
174.784625
175.0742
175.2128
175.979275
176.004125
176.012425
176.21025
176.247575
176.417075
176.502475
176.6173
176.636525
176.682825
176.701475
176.7497
176.762175
176.8347
176.88075
176.91765
176.928175
176.989125
177.0071
177.0589
177.10765
177.263675
177.27845
177.364325
177.412175
177.635825
177.75185
177.7691
177.8336
177.95315
178.8518
178.96
179.15125
179.174275
179.268975
179.280375
179.37685
179.78345
179.87075
179.895475
180.2606
180.3623
180.47195
180.4916
180.556525
180.657275
180.665975
180.7956
180.800875
180.8575
180.875975
180.92095
180.954
181.1151
181.14785
181.2034
181.261475
181.2763
181.350925
181.43825
181.4586
181.5167
181.5407
181.6331
181.76145
181.971275
182.00765
182.025125
182.060875
182.19115
182.216625
182.2264
182.2313
182.635025
183.413325
183.46085
184.375025
184.52055
184.553475
184.6395
184.712875
184.77195
184.794925
184.8095
184.8273
184.8553
184.898925
184.922675
185.044125
185.17145
185.180625
185.202825
185.2861
185.3144
185.324875
185.341525
185.36315
185.391175
185.618525
185.79075
186.0414
186.182875
186.22655
186.2762
186.281825
186.324575
186.414775
186.5671
186.62715
186.67255
186.70555
186.726775
186.78695
186.822525
186.97895
187.0446
187.1649
187.317975
187.43955
187.58605
187.625025
187.64885
187.662025
187.73885
187.839075
187.851025
188.073075
188.09505
188.12215
188.1675
188.207875
188.269
188.37635
188.40035
188.42485
188.466625
188.496275
188.6779
188.70205
189.085375
189.12895
189.1978
189.228125
189.42615
189.49945
189.520375
189.6705
189.7109
189.7178
189.744
189.7957
189.857475
189.87645
189.928075
189.96175
189.99545
190.01815
190.0748
190.099425
190.115525
190.14215
190.20135
190.298425
190.312725
190.3611
190.393675
190.406625
190.433675
190.468125
190.526725
190.569775
190.70945
190.7424
190.866675
190.887475
190.909625
190.932825
190.94665
190.9574
191.132075
191.238975
191.39475
191.4824
191.6312
191.680125
191.720425
191.756025
191.82325
191.9052
191.955175
192.2105
192.267475
192.352975
192.37855
192.493425
192.531925
192.59765
192.6278
192.653475
192.7174
192.8703
192.891125
192.942375
192.95765
193.007475
193.0205
193.099675
193.112825
193.15115
193.1988
193.25565
193.28035
193.313075
193.3497
193.373325
193.413725
193.444375
193.453825
193.551625
193.571625
193.5965
193.61495
193.691125
193.787925
193.889175
193.983925
194.0176
194.030075
194.077975
194.1435
194.16515
194.277975
194.4053
194.4821
194.592975
194.671025
194.7694
194.79715
194.822625
194.9435
194.951125
195.01745
195.158125
195.234425
195.337075
195.4243
195.49455
195.61245
195.658725
195.712125
196.0254
196.057525
196.097025
196.192025
196.208675
196.28385
196.296425
196.367
196.378225
196.44825
196.526375
196.63985
196.664775
196.689975
196.83535
196.84855
196.9461
197.01745
197.055625
197.0883
197.1858
197.2525
197.265925
197.38515
197.7662
197.7855
197.80515
197.9189
197.9999
198.02005
198.05935
198.090725
198.16785
198.323775
198.385975
198.3982
198.50175
198.5286
198.590125
198.658925
198.734975
198.7905
198.8381
198.888675
198.90495
198.974675
199.007075
199.0156
199.17015
199.216025
199.2591
199.2854
199.3193
199.358825
199.429675
199.440675
199.459675
199.4796
199.510025
199.5489
199.5685
199.5824
199.60385
200.1803
200.25265
200.38715
200.475775
200.687075
200.857825
200.927275
200.97195
201.127575
201.1621
201.189925
201.223475
201.265025
201.319925
201.3608
201.4341
201.53675
201.5628
201.608025
201.618675
201.658825
201.687025
201.870525
201.8994
202.050875
202.07755
202.167075
202.2686
202.32595
202.390725
202.423725
202.510275
202.528075
202.577825
202.60405
202.6189
202.65415
202.681475
202.91015
202.97635
203.0214
203.073675
203.14815
203.161325
203.1732
203.199875
203.225425
203.2802
203.301925
203.31825
203.4106
203.4477
203.477125
203.54475
203.54775
203.6001
203.6147
203.653
204.36535
205.539975
205.564275
205.683075
205.752075
205.885
205.92155
206.000275
206.1483
206.17495
206.232175
206.284575
206.337825
206.4605
206.4816
206.551625
206.60785
206.65145
206.658025
206.7282
206.76205
206.8611
206.913125
206.97255
207.084525
207.172475
207.200325
207.207225
207.247975
207.271
207.296625
207.311075
207.334125
207.348525
207.351725
207.378925
207.4242
207.4507
207.53705
207.676425
207.69965
207.735825
207.7818
207.8013
207.851375
207.8708
207.88565
207.903025
207.95715
207.982875
208.0135
208.034825
208.099775
208.152125
208.170525
208.374225
208.415725
208.4496
208.503725
208.62045
208.6547
208.663125
208.848775
208.869475
209.20965
209.326825
209.417
209.6181
209.808975
209.85445
209.935325
210.025
210.09975
210.115025
210.13475
210.14205
210.225725
210.29175
210.3693
210.40315
210.414575
210.4821
210.57705
210.596575
210.6314
210.698125
210.722225
210.9121
210.976125
210.990225
211.144
211.43925
211.463675
211.5879
211.63005
211.6845
211.80105
211.81995
211.9
211.935775
211.995825
212.0855
212.146675
212.171875
212.249875
212.27055
212.3822
212.4176
212.6587
213.1261
213.235225
213.285375
213.324375
213.378525
213.590575
213.69495
213.93065
214.65605
214.714825
214.74065
215.169175
215.206925
215.225025
215.461775
215.528025
215.5682
215.765875
215.81125
215.866475
215.876225
216.0157
216.074775
216.199975
216.4971
216.513125
216.600225
216.62555
216.635
216.6493
216.8484
216.87695
216.903025
216.91935
217.22335
217.24515
217.263075
217.31865
217.34505
217.362075
217.47035
217.515075
217.534925
217.6485
217.7176
217.74635
217.89155
217.927825
217.9376
218.03635
218.0607
218.105925
218.137475
218.192525
218.2077
218.254125
218.296975
218.30985
218.443825
218.50745
218.601425
218.654325
218.695275
218.773475
218.7979
218.82355
218.874875
218.89705
218.927
218.96905
219.1202
219.16015
219.18215
219.2907
219.318225
219.338525
219.422675
219.434775
219.477975
219.6544
219.66475
219.68185
219.749775
219.861025
219.880875
219.9097
219.9292
219.958975
220.174725
220.2003
220.21525
220.327175
220.345525
220.366025
220.412775
220.472475
220.522825
220.5425
220.603225
220.6561
220.670625
220.691975
220.7491
220.84525
220.92525
220.9709
221.100025
221.17235
221.308075
221.379675
221.398675
221.5573
221.585075
221.640375
221.74965
221.877675
222.133525
222.22105
222.356775
222.418875
222.53515
222.6886
222.753025
222.83025
222.848775
222.898075
223.00055
223.04845
223.067425
223.102575
223.163775
223.168
223.2788
223.357025
223.397875
223.4574
223.471875
223.649575
223.752775
223.782075
223.893425
223.9177
223.939575
224.093725
224.161225
224.245875
224.291025
224.330025
224.414475
224.42625
224.519875
224.549675
224.595825
224.62095
224.650225
224.677925
224.727275
224.890675
224.945975
224.957725
225.04175
226.1586
226.574575
226.769975
226.80165
226.838975
227.12545
227.130925
227.227725
227.26265
227.39265
227.4165
227.44615
227.481475
227.5047
227.58895
227.624525
227.6788
227.709975
227.760875
227.7819
227.803525
227.8302
227.872475
227.94645
227.97625
228.00725
228.02225
228.119225
228.1835
228.215125
228.234125
228.27505
228.29525
228.33725
228.3997
228.44325
228.514675
228.526225
228.5401
228.594525
228.61235
228.7105
228.7459
228.7781
228.820875
228.837925
228.862025
228.948025
229.023925
229.080875
229.13005
229.23
229.2563
229.443175
229.4667
229.5812
231.13335
231.4355
231.478425
231.496525
231.5193
231.555425
231.5872
231.672775
231.77605
231.792225
231.83925
231.99175
232.04075
232.073025
232.1428
232.178825
232.33175
232.45995
232.569375
232.619725
232.834575
232.9005
232.92255
232.946075
232.9738
233.1703
233.2316
233.299075
233.37135
233.396775
233.482425
233.5016
233.52535
233.590125
233.73455
233.811375
233.857125
234.015125
234.033275
234.12695
234.24585
234.370125
234.40005
234.45175
234.51135
234.61405
234.650075
234.662375
234.71685
234.75435
234.773025
234.9004
234.918525
234.979775
235.019875
235.2004
235.269775
235.3871
235.41975
235.47905
235.5423
235.64835
235.727575
235.775075
235.8142
235.86085
235.93905
236.067025
236.15145
236.1817
236.234975
236.269225
236.3141
236.352225
236.388175
236.536625
236.5928
236.6646
236.6945
236.7699
236.833
236.894025
236.9092
237.058825
237.082675
237.22445
237.2783
237.3616
237.390175
237.42445
237.452425
237.48305
237.491425
237.525425
237.5749
237.721125
237.800525
237.937275
238.062625
238.082025
238.110975
238.452275
238.572375
238.669275
238.85075
238.92015
239.07
239.1575
239.225
239.28565
239.323675
239.37305
239.38295
239.639375
239.69145
239.802725
239.9466
240.388275
240.493225
240.501525
240.56635
240.8322
240.8726
241.1334
241.343
241.430125
241.53155
241.615525
241.63705
241.727625
241.742525
241.7725
241.99315
242.02535
242.250175
242.259375
242.27895
242.291975
242.3559
242.405725
242.459025
242.4636
242.574075
242.646375
242.6754
242.724525
242.753725
242.7831
242.79885
242.8226
242.942525
243.0022
243.0524
243.130525
243.202925
243.47335
244.470725
244.5961
244.770175
245.042025
246.015525
246.246025
246.45845
246.4865
246.56745
246.63025
246.76385
246.782875
246.823525
246.881
246.905275
246.918925
246.942975
246.989925
247.023375
247.0475
247.26465
247.27845
247.2877
247.393175
247.408925
247.433725
247.4709
247.5205
247.55665
247.6624
247.711875
247.8216
247.844625
247.875725
247.9506
248.014825
248.050225
248.101925
248.145425
248.198325
248.24275
248.285425
248.333925
248.381075
248.53035
248.5726
248.589675
248.65005
248.779025
248.808075
248.843775
248.883875
248.969925
249.0278
249.05495
249.2818
249.325075
249.35675
249.5932
249.745175
249.7688
249.889925
249.942275
250.00675
250.0328
250.09055
250.13115
250.140025
250.20825
250.255575
250.3208
250.497625
250.52395
250.5969
250.63485
250.689625
250.842875
250.84915
250.9365
250.991525
251.028425
251.087025
251.129775
251.137575
251.19315
251.2341
251.45445
251.4969
251.548375
251.80105
251.941875
252.012175
252.0606
252.08995
252.3683
255.253875
255.304475
255.345125
255.3708
255.688375
255.82635
256.091625
256.141275
256.38585
256.5212
256.80865
256.8556
256.869825
256.9059
256.9249
256.94525
257.071775
257.124825
257.173
257.242725
257.26915
257.428275
257.47365
257.491825
257.513875
257.5506
257.6096
257.74695
257.781325
257.809225
257.8613
257.87375
257.885975
257.909925
257.9523
257.9903
258.005325
258.0394
258.0455
258.0698
258.1239
258.194325
258.221625
258.25415
258.270125
258.302825
258.412825
258.43235
258.51995
258.56335
258.672175
258.715975
258.7413
258.758125
258.846175
258.8626
258.89205
258.926725
258.9596
259.065925
259.0779
259.097675
259.11965
259.18455
259.2112
259.218175
259.4074
259.43105
259.51165
259.53185
259.5379
259.64485
259.705775
259.735725
259.84425
259.8829
259.95115
259.977275
260.024975
260.04445
260.095575
260.1503
260.215625
262.171125
262.4146
263.96455
263.9797
263.982725
264.32655
264.34595
264.3831
264.40815
264.505
264.530375
264.563075
264.636075
264.80145
264.865875
264.910875
264.924675
264.9288
264.94165
265.31805
265.600475
266.47535
267.12235
267.185925
267.2908
267.529625
267.5606
267.5691
267.77885
267.834275
267.87455
267.98325
268.0187
268.082175
268.112575
268.434475
268.5235
268.6101
268.839775
268.96205
269.010625
269.1014
269.22745
269.259075
269.2679
269.292775
269.347625
269.389975
269.46415
269.5099
269.578125
269.62615
269.71545
269.762925
269.792225
269.801425
269.843
269.879125
269.923075
270.06075
270.1329
270.25825
270.29975
270.3403
270.388575
270.45435
270.5497
270.56385
270.692925
270.8572
270.963975
271.08975
271.13855
271.28265
271.341425
271.3829
271.3953
271.483325
271.6104
271.640675
271.761875
271.8692
271.88595
271.900925
272.001875
272.01925
272.054175
272.071925
272.126075
272.137225
272.18985
272.223525
272.298375
272.381775
272.467725
272.5228
272.56155
272.604625
272.6239
272.673725
272.7398
272.76595
272.79695
272.812875
272.86165
272.877675
272.90785
272.929825
272.970575
272.98855
272.997775
273.025125
273.068
273.147775
273.170475
273.2039
273.37455
273.412525
273.432625
273.464625
273.5175
273.55305
273.607225
273.63725
273.66605
273.716425
273.777675
273.849325
273.930475
274.078275
274.134675
274.208925
274.265325
274.38575
274.581875
274.85955
274.871775
275.09425
275.245475
275.26985
275.633375
275.6492
275.775775
276.134775
277.155175
277.19875
277.224825
277.242275
277.265875
277.361
277.39335
277.428975
277.444325
277.4938
277.597375
277.61705
277.664325
277.7207
277.76285
277.8317
277.859975
277.8745
277.90085
278.006875
278.047575
278.078825
278.128525
278.16995
278.204125
278.21365
278.242
278.3017
278.31875
278.36255
278.38215
278.445825
278.481075
278.539025
278.5874
278.613225
278.624375
278.753275
278.9048
278.93335
278.9549
279.330775
279.37935
279.3985
279.43845
279.466
279.5103
279.5565
279.571875
279.6328
279.666225
279.737075
279.752875
279.779625
279.8033
279.87085
279.882675
279.950925
280.0033
280.040525
280.131375
280.1904
280.277275
280.321475
280.3497
280.409875
280.46835
280.490725
280.5633
280.605925
280.6155
280.6688
280.696175
280.7232
280.738675
280.845675
280.8803
280.95255
280.986425
281.043625
281.082625
281.234375
281.25235
281.29775
281.3406
281.36165
281.377425
281.41025
281.433975
281.482925
281.493675
281.6013
281.6135
281.65435
281.803175
281.828525
281.8848
281.926775
281.95225
281.9787
281.991875
282.033625
282.04925
282.076
282.10035
282.14155
282.23765
282.27695
282.2881
282.301075
282.3417
282.42085
282.463225
282.4892
282.5362
282.589275
282.599725
282.67845
282.740775
282.7786
282.808425
282.822175
283.0751
283.118325
283.23325
283.28105
283.309225
283.32945
283.377325
283.401675
283.45645
283.5909
283.631575
283.671525
283.699175
283.749775
283.869175
283.8908
283.979675
284.053775
284.10215
284.162
284.197875
284.251225
284.3088
284.450775
284.50835
284.528075
284.531575
285.193275
285.6817
285.985225
286.270875
286.31425
286.40785
286.615775
286.7753
286.8394
286.84555
287.59365
287.69745
288.722675
289.6285
289.984075
290.005775
290.015425
290.33675
290.7954
290.8209
290.83865
290.95255
290.99985
291.091925
291.135525
291.1537
291.1927
291.219525
291.253975
291.30755
291.43745
291.487025
291.5101
291.633025
291.6424
291.666575
291.6841
291.690225
291.735675
291.7605
291.78935
291.81605
291.875225
291.92425
291.945175
291.9675
291.998
292.00875
292.10885
292.1207
292.15675
292.17395
292.21815
292.2518
292.263225
292.296825
292.3779
292.38545
292.41445
292.485775
292.5587
292.577325
292.609675
292.660025
292.68395
292.71075
292.742075
292.753525
292.789025
292.859475
292.879275
292.89285
292.978375
292.9866
293.1092
293.12895
293.14225
293.153925
293.18305
293.218275
293.243275
293.29045
293.344875
293.399925
293.431475
293.50005
293.537225
293.563425
293.5914
293.72925
293.76495
293.78545
293.81065
293.8825
293.92475
293.982975
294.05755
294.149325
294.235525
294.274975
294.34595
294.376075
294.434125
294.546475
294.5761
294.621025
294.837775
294.908675
294.9142
294.94055
295.10415
295.1341
295.152925
295.2691
295.31715
295.339625
295.35855
295.377775
295.400025
295.459925
295.4719
295.5466
295.562025
295.596125
295.6174
295.767775
295.882225
295.942525
295.9705
295.99915
296.0717
296.092275
296.1473
296.2033
296.2108
296.269775
296.28175
296.318925
296.401175
296.433775
296.641825
296.6672
296.720825
296.7558
296.78215
296.7937
296.811175
296.830125
296.966525
296.991525
297.068475
297.0899
297.0986
297.1409
297.156525
297.755525
297.78715
297.79815
297.80845
297.835425
297.881475
297.905925
297.9099
297.996025
298.158125
299.687225
299.884875
300.116675
300.190275
300.2771
300.351975
300.42515
300.56145
300.584025
300.63135
300.6675
300.69405
300.742775
300.7812
300.794075
300.91975
300.9553
301.0552
301.082225
301.110475
301.143125
301.1827
301.21335
301.278125
301.3182
301.3653
301.3796
301.4422
301.46815
301.478625
301.519925
301.6881
301.70785
301.7592
301.78785
301.792925
301.830775
301.838375
301.883975
301.916875
301.9537
301.966775
302.024775
302.0496
302.0916
302.14745
302.1774
302.229625
302.27515
302.4454
302.458625
302.507125
302.514525
302.571225
302.6491
302.737125
302.7652
302.851175
302.96785
302.9767
303.076
303.204225
303.239425
303.254325
303.417825
303.4811
303.52135
303.57405
303.645175
303.68015
303.726
303.821225
303.860025
303.88945
303.9408
304.047025
304.15335
304.247525
304.45995
304.542125
304.724025
304.8136
304.8834
304.919325
305.02945
305.070575
305.089575
305.304575
305.5743
305.6498
305.685825
305.78295
305.8027
306.1474
306.176975
306.2581
306.298625
306.305975
306.35005
306.412125
306.484125
306.497575
306.540775
306.5786
306.5895
307.777025
307.910025
308.1143
308.2453
308.267925
308.28665
308.33125
308.384175
308.440325
308.469125
308.498325
308.56565
308.62455
308.6383
308.66045
308.723725
308.77205
308.83065
308.840375
308.884875
308.9135
308.961325
308.981975
309.00655
309.04035
309.092225
309.151325
309.161225
309.179325
309.19995
309.23795
309.2812
309.28705
309.308425
309.331925
309.4582
309.46545
309.534725
309.56085
309.56785
309.598175
309.6836
309.70365
309.744725
309.7627
309.782025
309.8124
309.83665
309.94335
310.011625
310.0871
310.113025
310.142575
310.195175
310.2178
310.223
310.2563
310.283925
310.3565
310.372625
310.398075
310.456875
312.6121
312.621725
312.8407
312.90535
313.271525
313.305675
313.372675
313.383325
313.506125
313.605775
313.80135
313.813775
313.8517
313.973575
315.4012
315.585075
315.8149
315.8564
315.953125
315.96675
315.9939
316.025075
316.050825
316.228225
316.40255
316.426225
316.513475
316.577175
316.597275
316.63845
316.65765
316.71775
316.725175
316.74475
316.788725
316.8172
316.8398
318.323
318.34
318.497225
318.651275
318.71595
318.74525
318.9076
318.9408
319.018375
319.0366
319.0966
319.122575
319.1473
319.1847
319.2429
319.26295
319.285325
319.366375
319.529075
319.55425
319.571475
319.70085
319.737
319.792125
319.830525
319.91045
320.063525
320.2257
320.240275
320.25365
320.299375
320.4266
320.5894
320.627375
320.703125
320.8243
320.85125
320.86565
320.891
321.00805
321.1807
321.24645
321.268175
321.43445
321.6376
321.8023
322.06225
322.15295
322.266425
322.4413
322.501775
322.7351
322.8644
322.870575
324.228575
324.5325
324.5837
324.609175
324.6216
324.74055
324.79015
324.80475
324.814125
324.819375
324.844925
324.902225
325.017575
325.135875
325.1525
325.194475
325.20675
325.2567
325.31375
325.3515
325.39365
325.5802
325.6304
326.0467
326.296525
326.3631
326.4038
326.410625
326.4571
326.60915
326.667875
326.696575
326.74995
326.784175
326.82315
326.827875
326.88785
326.93265
327.02525
327.111025
329.63235
329.961925
329.978525
330.00985
330.189725
330.6544
330.967975
331.096275
331.183775
331.323625
331.384375
331.464975
331.486075
331.4923
331.520725
331.55275
331.5867
331.64185
331.655725
331.69195
331.762175
331.809575
331.82135
331.8665
331.905625
331.96655
331.96915
331.986425
332.0248
332.0324
332.076175
332.092725
332.1135
332.145275
332.180025
332.19075
332.19675
332.20705
332.2802
332.30365
332.323025
332.4338
332.473225
332.496925
332.51085
332.567825
332.586
332.60265
332.62275
332.6308
332.6507
332.685425
332.775475
332.789475
332.8106
332.815975
332.865575
332.892325
332.896975
332.9161
332.919875
332.9371
332.940525
332.95695
332.9696
332.9928
333.015275
333.053525
333.0554
333.127975
333.177775
333.421925
333.537525
335.023825
335.44505
336.518125
336.67035
336.68005
336.846025
336.862925
336.88735
336.958275
337.146
337.24545
337.261
337.35415
337.378375
337.39935
337.4136
337.562025
337.571675
337.58075
337.64565
337.70135
337.718525
337.7406
337.756875
337.7633
337.778125
337.782875
337.8077
337.8164
337.821825
337.8525
337.87495
337.90225
337.945875
337.961375
338.001625
338.02685
338.03995
338.06295
338.070075
338.1715
338.4151
338.454425
338.500625
338.59395
338.6613
338.6656
338.737225
338.758975
338.77395
338.790875
338.8082
338.84225
338.867225
338.88425
338.90155
338.923475
338.94665
338.995775
339.04275
339.06325
339.09265
339.1758
339.192825
339.202475
339.23335
339.260675
339.26855
339.304775
339.320325
339.332025
339.345875
339.357375
339.388075
339.400875
339.4558
339.48605
339.58015
339.5984
339.64825
339.7281
339.74345
339.76325
339.7721
339.804025
339.814975
339.8286
339.854125
339.879725
339.906575
340.034025
340.041375
340.066025
340.1593
340.2035
340.223675
340.24305
340.25965
340.3057
340.31885
340.34855
340.37575
340.3923
340.45035
340.471075
340.55645
340.59275
340.62485
340.651625
340.737875
340.74855
340.76725
340.848075
340.89495
340.948625
340.993175
341.036625
341.07565
341.1401
341.1987
341.264175
341.30715
341.451875
341.59295
341.641825
341.721625
341.7806
342.3676
342.649075
342.911275
343.065625
343.108825
343.168425
343.20455
343.83245
343.852475
344.234275
344.354125
345.142875
345.224375
346.504925
346.534675
346.5626
346.74315
346.7825
346.821575
346.91145
346.9203
346.939775
346.9492
347.223625
347.236725
347.31625
347.422575
347.757575
347.913375
348.310975
348.625175
348.7075
349.184525
349.284125
349.3154
349.38505
349.408125
349.54355
350.743375
350.8516
350.922175
351.6301
351.818325
352.034275
352.10385
352.572925
352.923125
352.9826
353.585775
353.6366
353.68895
353.70715
353.8248
353.993575
354.00205
354.029675
354.061175
354.1107
354.15995
354.16605
354.69205
354.733125
354.965225
356.268425
356.487675
356.6304
356.71495
356.790875
356.9988
357.0882
357.155325
357.16945
357.54985
357.907925
357.971475
358.015775
358.049225
358.40375
358.623075
358.667775
358.816275
359.22185
359.251775
359.4006
359.513475
361.985925
362.3336
362.8771
362.942475
363.332125
367.7548
371.456675
372.35415
376.816875
377.678125
380.278225
382.625
383.771525
386.7153
387.124925
387.783075
391.24185
394.35285
405.063525
412.60565
412.649275
436.9985
437.25995
437.77775
439.27265
439.95865
440.444675
440.469775
440.76965
442.23075
442.865175
443.1756
443.2118
443.292025
443.320575
443.325425
443.346
443.398475
444.37875
444.75605
445.147775
445.249525
445.350625
445.448575
445.473425
445.503975
445.51585
445.54345
445.720725
445.8393
445.8809
445.899475
445.952325
445.97195
446.1657
446.2429
446.252325
446.296025
446.59175
446.82815
447.232675
447.3593
447.4653
447.512075
447.5662
447.611425
447.640775
447.697
447.719025
447.766275
447.799775
447.84785
447.858075
447.914275
448.00635
448.024075
448.0537
448.1419
448.23935
448.262325
448.272325
448.28665
448.315475
448.3449
448.365825
448.390575
448.43085
448.4527
448.47305
448.486575
448.563225
448.64855
448.796325
448.865875
448.916475
448.9319
449.048125
449.060075
449.167775
449.246725
449.2547
449.441775
449.486025
449.562825
449.6699
449.813675
449.824375
449.842725
449.871875
449.921475
449.942725
450.06145
450.1032
450.239275
450.392575
450.435225
450.4681
450.512125
450.532075
450.562325
450.6031
450.82955
450.868075
450.995025
451.229675
451.97445
453.579975
454.0057
454.620925
454.6844
454.738825
454.74125
454.774
454.7941
454.8239
454.887825
454.914725
454.936325
454.967075
454.983575
454.987175
454.9894
454.994725
455.017075
455.054125
455.112125
455.19095
455.210075
455.24155
455.3027
455.4189
455.518525
455.630325
456.149975
456.41835
456.43295
456.438125
456.4472
456.80485
456.972475
457.0905
457.149825
457.397
457.5468
457.66935
457.7734
457.923725
457.933875
458.0673
458.121425
458.252275
458.524375
458.712025
458.967575
458.981525
458.989475
459.001525
459.163575
459.18375
459.25075
459.36765
459.3731
459.40765
459.4526
459.46195
459.483825
459.493625
459.53405
460.41655
460.465925
460.484725
460.50695
461.1237
461.201825
461.2234
461.30065
461.648975
461.655
461.661075
461.7124
461.79545
461.8615
461.880575
461.9854
462.01005
462.022725
462.0471
462.0927
462.233175
462.2561
462.341425
462.624775
463.1961
463.23765
463.32085
463.923125
464.07855
464.190975
464.25765
464.75435
465.029175
465.12195
465.164975
465.27065
465.301
465.323725
465.39695
465.402225
465.584525
465.932925
466.0504
466.063375
466.072325
466.0809
466.34885
466.41545
466.825325
466.830125
466.90835
466.9602
466.962175
467.14165
467.623375
467.7268
468.1227
468.270675
468.5046
468.5071
468.646925
468.844175
468.86915
469.0708
469.089925
469.4597
469.6173
469.622925
469.625425
469.7541
469.781275
469.786575
469.80725
469.84475
469.903475
469.907075
470.04585
470.050675
470.1438
470.2007
470.212925
470.305875
470.37085
470.428975
470.443125
470.4738
470.5336
470.786975
470.8094
470.817975
470.881725
470.891025
471.00125
471.07685
471.0924
471.200625
471.2054
471.2167
471.24565
471.25175
471.25835
471.260025
471.280375
471.28685
471.302
471.332525
471.3579
471.46455
471.50635
471.514025
471.522325
471.547625
471.587775
471.6799
471.726175
471.746975
471.754175
471.8217
471.8406
471.856175
471.8891
471.9046
471.970675
471.9901
472.00835
472.025375
472.098225
472.107075
472.173225
472.193075
472.34545
472.385625
472.3957
473.063875
473.077625
473.15
473.174875
473.230675
473.2489
473.275
473.297775
473.62625
474.081975
474.482
474.529875
474.65765
474.667575
474.825825
474.8786
475.055925
475.0609
475.1403
475.336475
475.747325
476.53425
476.54025
476.633675
476.64495
476.721225
476.7425
476.773825
476.792125
477.140875
477.1621
477.16675
477.20835
477.21705
477.307775
477.421475
478.178975
478.358325
478.45135
478.458175
478.5496
478.753725
478.825225
478.926725
478.9847
478.99585
479.024625
479.198025
479.21645
479.293
479.423225
479.43065
479.531075
479.576875
479.94225
479.951725
479.964625
480.0269
480.196975
480.2416
480.454275
480.48175
480.5034
480.5608
480.564375
480.5891
480.6172
480.69355
480.853175
480.9493
481.015675
481.26715
481.2715
481.36205
481.41115
481.517775
481.993625
482.08
482.1
482.3329
482.5285
482.677775
482.751325
482.874325
482.88205
482.900625
482.9342
482.968175
483.009675
483.0542
483.164525
483.172575
483.2632
483.321575
483.33505
483.443525
483.58405
483.632975
483.675075
483.754225
483.761175
483.792575
483.8706
483.871225
483.90885
483.962075
483.97825
483.9818
484.036225
484.1088
484.121025
484.156575
484.161025
484.166125
484.18245
484.214625
484.24955
484.346025
484.391825
484.423575
484.471975
484.48655
484.515675
484.55365
484.604625
484.638325
484.643925
484.732425
484.749775
484.752775
484.756925
484.7788
484.792025
484.8426
484.853575
484.871675
484.915625
484.95735
484.96915
485.0427
485.123125
485.19485
485.200575
485.21495
485.242
485.24455
485.253075
485.276075
485.30005
485.351775
485.454175
485.463525
485.5212
485.5387
485.57625
485.5874
485.642075
485.675975
485.7312
485.7808
485.80205
485.830925
485.96615
486.00805
486.037825
486.126525
486.2647
486.28645
486.3005
486.4478
486.473025
486.755475
486.93245
486.992375
487.007275
487.067425
487.096375
487.1368
487.2419
487.324775
487.32765
487.486425
487.532225
487.741975
487.755175
487.965825
487.9892
487.996025
488.081625
488.29515
488.404625
488.43675
488.57875
488.679225
488.763875
488.78915
489.0593
489.200475
489.3929
489.552575
489.5783
489.914275
489.9191
489.932225
490.192875
490.3986
490.745575
490.898375
491.6112
491.615775
491.6519
491.86695
491.9936
492.0428
492.1278
492.1482
492.178575
492.191075
492.250975
492.290325
492.3034
492.34465
492.366175
492.3851
492.465125
492.5307
492.668225
492.71145
492.727575
492.77285
492.787025
492.830925
492.885425
492.928925
493.0391
493.059925
493.105675
493.113125
493.1336
493.156325
493.169725
493.18255
493.265875
493.295275
493.3228
493.3496
493.352375
493.398
493.407325
493.477075
493.513125
493.64585
493.6499
493.705575
493.720175
493.7398
493.800025
493.8153
493.862025
493.891275
493.9318
493.962575
493.9718
493.994775
494.0292
494.0536
494.056475
494.089125
494.110375
494.128575
494.1538
494.17565
494.18765
494.238175
494.303925
494.33865
494.349
494.3662
494.39245
494.468175
494.47995
494.528925
494.575375
494.6034
494.677675
494.698075
494.76425
494.777675
494.819925
494.83745
494.887275
494.923625
494.965075
494.976375
495.012125
495.01905
495.03685
495.043375
495.072875
495.099525
495.12915
495.14575
495.20225
495.2124
495.254925
495.312
495.317825
495.436875
495.517025
495.529925
495.552225
495.57295
495.615475
495.683675
495.732
495.81835
495.8472
495.883275
495.925125
495.994875
496.07285
496.364525
496.447025
496.49985
496.615975
496.77255
496.792225
496.857825
496.876975
496.931
496.9605
497.0415
497.06765
497.095925
497.131975
497.1397
497.165575
497.2609
497.298825
497.362225
497.36685
497.381
497.43995
497.4786
497.531
497.572525
497.62555
497.6846
497.938275
498.035175
498.345225
498.38765
498.403675
498.5051
498.52
498.521875
498.639
498.717325
498.782375
498.869475
498.9092
498.9588
499.174725
499.306675
499.3804
499.5265
499.5323
499.5359
499.56485
499.589025
500.655675
501.9049
502.000125
502.1244
502.4999
502.506425
502.54375
503.198775
503.262025
503.314075
503.321275
503.343575
503.377975
503.41325
503.4765
503.4838
503.501475
503.523975
503.528875
503.57775
503.617925
503.641375
503.65645
503.7582
503.78745
503.8602
503.88895
503.90125
503.94005
503.950075
503.966975
503.98435
503.996925
504.004125
504.0646
504.09245
504.11065
504.15295
504.190925
504.2207
504.2297
504.24565
504.2679
504.27965
504.288275
504.2893
504.329225
504.420025
504.429425
504.444325
504.4536
504.468025
504.494375
504.5348
504.5713
504.58525
504.61305
504.622475
504.64965
504.657
504.702875
504.7306
504.747025
504.84585
504.885375
504.9005
504.93275
504.99535
505.0559
505.089275
505.14165
505.196075
505.220925
505.2715
505.28905
505.311525
505.338775
505.4226
505.511475
505.5495
505.672375
505.785075
505.84955
505.8791
505.89185
505.91555
505.978175
506.009525
506.055175
506.086175
506.186925
506.22585
506.252475
506.30265
506.424525
506.460225
506.51795
506.5807
506.691925
506.7267
506.7416
506.8566
506.9668
507.02715
507.113125
507.19005
507.36095
507.426325
507.467
507.576175
507.739175
507.820625
507.851175
507.879975
507.90605
508.009475
508.317375
508.351325
508.62455
508.858475
508.895025
509.062525
509.15055
509.269025
509.3057
509.353025
509.38245
509.55345
509.70695
509.791
509.821425
509.850675
509.862175
510.0151
510.424175
510.464875
510.47545
510.543175
510.5677
510.727625
510.826875
510.904425
510.95945
510.976175
511.018
511.02585
511.122675
511.1908
511.224775
511.275675
511.324625
511.3997
511.42685
511.566
511.64195
511.6899
511.693875
511.878625
511.990375
512.180075
512.21565
512.23765
512.2829
512.293875
512.309425
512.3359
512.4779
512.543325
512.56555
512.6163
512.828425
512.90315
513.003
513.0368
513.125275
513.28835
513.297675
513.471
513.500375
513.545625
513.574025
513.62065
513.656625
513.680675
513.726675
513.855425
513.930025
514.0515
514.103625
514.215
514.25245
514.315175
514.403375
514.459125
514.472975
514.507725
514.5593
514.64175
514.805525
514.8431
514.948525
515.012875
515.114925
515.13905
515.194275
515.228075
515.253125
515.276075
515.310725
515.493975
515.512075
515.58275
515.7198
515.731
515.770575
515.79355
515.837075
515.86985
515.9009
515.939675
516.002825
516.0405
516.071275
516.2031
516.440475
516.503175
516.548475
516.661875
516.6908
516.750925
516.763625
516.843125
516.931325
516.967425
517.34075
517.368525
517.41815
517.7057
517.882375
517.923025
517.997075
518.172575
518.211125
518.36715
518.742625
518.889025
518.985675
519.1187
519.1422
519.2215
519.27885
519.35225
519.40155
519.4862
519.5339
519.7154
519.762825
519.79655
519.875925
519.88885
519.931125
520.130625
520.259025
520.386275
520.40015
520.474275
520.5607
520.863275
520.937675
520.95635
521.18215
521.489275
521.521925
521.6808
521.8787
521.953425
522.02025
522.192025
522.25175
522.320925
522.342525
522.359125
522.394925
522.4115
522.461125
522.491775
522.8493
522.853975
522.89375
522.92005
522.974275
522.99185
523.005
523.0229
523.048725
523.0954
523.1948
523.244125
523.45705
523.53115
523.6803
523.71165
523.724475
523.772375
523.7955
523.83755
523.93085
524.0159
524.0376
524.071075
524.1081
524.239075
524.309175
524.367725
524.4049
524.4399
524.484725
524.542575
524.578825
524.639475
524.72235
524.7811
524.786275
524.794025
524.80605
524.851475
524.93375
524.9625
525.055175
525.086775
525.15635
525.1945
525.234225
525.29215
525.33005
525.375975
525.408125
525.434175
525.482575
525.569825
525.596
525.6226
525.668625
525.7506
525.77705
525.844675
525.8649
525.93165
525.94765
525.9698
525.9786
526.0219
526.082575
526.098375
526.14735
526.273025
526.3542
526.44185
526.75385
526.83145
526.857125
526.929175
526.959125
527.009125
527.06735
527.20625
527.24325
527.2762
527.34835
527.40115
527.46375
527.515825
527.5429
527.55995
527.597375
527.6206
527.664475
527.75585
527.8278
527.86915
527.894475
527.929875
527.946
527.990975
528.0423
528.08135
528.110325
528.165875
528.1934
528.222475
528.262925
528.31895
528.34475
528.4287
528.51485
528.518875
528.610475
528.66625
528.7171
528.836025
528.936675
528.96525
529.051925
529.096725
529.11835
529.18375
529.232925
529.270775
529.332775
529.37005
529.415675
529.45525
529.46815
529.54635
529.65685
529.6747
529.82495
529.99575
530.11395
530.265025
530.378125
530.410775
530.473625
530.5774
530.858625
531.02135
531.155425
531.21825
531.304825
531.570675
531.7666
531.9502
531.9718
532.02565
532.0932
532.098375
532.192825
532.20315
532.260525
532.452525
532.5704
532.589775
532.64805
532.68985
532.81335
532.8423
532.858275
532.9525
532.96665
532.99785
533.0286
533.104125
533.127375
533.17475
533.2014
533.22265
533.28985
533.369175
533.416025
533.47185
533.51745
533.5734
533.657075
533.67425
533.691725
533.785825
533.815775
533.87695
533.883675
533.912825
533.95585
533.961975
534.00415
534.036075
534.050425
534.13145
534.1852
534.2783
534.313775
534.344675
534.3722
534.380075
534.4239
534.455875
534.494225
534.518325
534.532225
534.550375
534.570075
534.582625
534.624225
534.6577
534.68055
534.696875
534.723175
534.739
534.794325
534.825925
534.84455
534.85965
534.9021
534.927225
534.9504
535.023825
535.053275
535.081775
535.144025
535.36235
535.426825
535.5769
535.7399
535.806775
535.97165
536.00955
536.03375
536.09995
536.232475
536.410025
536.47285
536.4844
536.558925
536.635625
536.70395
536.710425
536.773425
536.827925
536.8602
536.9228
536.934875
536.96775
537.00355
537.0256
537.062575
537.176375
537.282825
537.303075
537.31385
537.336925
537.365225
537.441475
537.455
537.508625
537.591025
537.624875
537.632525
537.6418
537.67145
537.70505
537.768075
537.778525
537.824875
537.863375
537.877225
537.93395
537.95925
538.023475
538.037075
538.089225
538.135075
538.194125
538.268
538.364375
538.382875
538.405375
538.42825
538.454
538.476875
538.523
538.54525
538.58145
538.619175
538.648375
538.7434
538.8006
538.8273
538.900875
538.927575
538.983125
539.019825
539.041425
539.131775
539.1708
539.20985
539.262875
539.27975
539.319325
539.445975
539.473
539.5447
539.68015
539.693025
539.774625
539.841475
539.85055
540.0465
540.1635
540.195425
540.217625
540.29035
540.3642
540.4817
540.522775
540.561625
540.65165
540.687025
540.748825
540.782875
540.79475
540.81545
540.88105
540.96715
540.984125
541.078125
541.101975
541.144125
541.205975
541.27655
541.3739
541.392775
541.4342
541.46165
541.490875
541.594425
541.632425
541.6934
541.790875
541.843075
541.89885
541.963675
542.087025
542.1144
542.15495
542.20935
542.218825
542.401825
542.487325
542.52605
542.717675
542.74375
542.7792
542.8522
543.0674
543.10445
543.26195
543.2948
543.443125
543.4973
543.951275
544.0036
544.0773
544.167475
544.2035
544.22915
544.3857
544.476575
544.562
544.56835
544.58195
544.658925
544.69935
544.7453
544.788175
544.7931
544.830725
544.9994
545.283575
545.3001
545.3283
545.489775
545.552825
545.593575
545.622
545.627425
545.655775
545.727425
545.8093
546.35285
546.366725
546.41155
546.4555
546.719725
546.7545
546.781625
546.81365
546.96075
547.129025
547.142125
547.17525
547.250025
547.4041
547.4974
547.521725
547.6382
547.648325
547.8223
548.0392
548.657225
548.6629
548.764475
548.79345
548.8171
548.8756
548.906925
548.91815
548.942075
548.960075
549.00775
549.0241
549.048175
549.065025
549.10695
549.159125
549.1867
549.209725
549.27255
549.313325
549.3232
549.404725
549.449725
549.471675
549.505
549.51935
549.6152
549.66345
549.7084
549.7342
549.740225
549.76395
549.886275
549.952525
549.984675
549.997075
550.00835
550.03665
550.099725
550.119525
550.156375
550.161425
550.1904
550.195975
550.2729
550.277525
550.309075
550.34625
550.3546
550.372175
550.38965
550.460925
550.50115
550.5167
550.610275
550.63485
550.6535
550.6671
550.694775
550.6999
550.757425
550.7874
550.807425
550.81715
550.835825
550.84465
550.91965
550.9462
550.955725
550.97225
551.018525
551.025175
551.0491
551.0612
551.08235
551.0926
551.124425
551.1307
551.143675
551.163525
551.196575
551.25795
551.279575
551.313975
551.335075
551.406575
551.4295
551.44535
551.47295
551.49265
551.516175
551.571325
551.57845
551.6
551.66035
551.672875
551.727275
551.792275
551.825175
551.86565
551.93835
551.977275
551.99765
552.0419
552.06095
552.0772
552.087975
552.131275
552.138325
552.1491
552.158225
552.1667
552.188275
552.196075
552.244325
552.249325
552.2598
552.28925
552.3072
552.4388
552.4623
552.47865
552.524875
552.547275
552.584025
552.623475
552.6483
552.7016
552.81945
552.884825
552.89545
552.9664
552.97565
553.048875
553.05205
553.134275
553.148475
553.166525
553.2171
553.314925
553.338225
553.3675
553.39325
553.414175
553.48165
553.5703
553.57795
553.64075
553.6529
553.66185
553.713875
553.731225
553.7439
553.76475
553.81125
553.82575
553.85995
553.940625
554.019525
554.043625
554.061125
554.0812
554.098925
554.113525
554.12985
554.15305
554.167125
554.268225
554.376975
554.471875
554.50565
554.571075
554.6172
554.6567
554.749
554.752775
554.79705
554.863825
554.964375
555.040525
555.10275
555.124425
555.15055
555.1973
555.2145
555.239075
555.295675
555.3076
555.310425
555.368175
555.472175
555.51695
555.5669
555.618575
555.632975
555.762925
555.775325
555.807675
555.8586
555.97915
556.050125
556.10835
556.2128
556.2209
556.30435
556.324275
556.3964
556.44665
556.46225
556.716225
556.982375
557.066325
557.3501
557.394675
557.459875
557.468075
557.515475
557.558125
557.58815
557.6116
557.6663
557.736825
557.779175
557.803425
557.9235
557.9394
557.980875
558.041475
558.06415
558.133
558.24345
558.301875
558.317525
558.349875
558.38425
558.4256
558.434625
558.4606
558.4952
558.522675
558.5716
558.6052
558.6578
558.721975
558.83285
