1.908875
1.9121
2.621825
4.614225
6.308825
9.062875
9.192775
9.199125
9.2127
9.323575
12.082125
12.931425
12.9347
12.939925
12.950975
15.431525
15.434975
15.44
15.852025
15.89835
16.700775
16.7107
17.437325
17.448475
17.712525
17.716225
17.73535
18.479975
18.486775
20.9004
20.905775
20.914425
22.380025
24.650525
26.795775
27.05745
27.061425
27.06645
27.0737
27.7531
27.7584
27.76315
28.72325
31.196175
31.1998
31.203875
31.20875
31.21665
31.222575
36.174375
36.734775
37.866075
37.87035
37.874425
37.879
37.884925
40.2063
41.0022
41.005625
41.0097
41.01495
41.402725
41.411425
42.362575
43.773575
45.315225
45.316775
45.320675
46.7027
48.343825
48.3489
48.3555
49.1755
49.179
49.182525
49.186425
49.1912
49.199625
49.4053
49.410775
49.418025
50.1077
50.113675
50.88105
50.887225
50.89365
50.90695
50.911425
50.922425
52.113975
52.11945
52.202275
52.207525
52.215525
52.89265
52.899625
55.9457
56.304975
56.310675
56.33555
56.642075
57.884375
57.889975
57.94515
58.91035
58.9197
59.081275
59.70505
59.71135
59.7145
59.718375
59.722925
59.729
60.2974
61.848625
61.8526
61.857425
61.864375
61.940825
61.957775
62.64645
62.649925
62.653875
62.659
62.6642
62.668775
62.67415
62.682175
63.5311
63.534825
63.66305
63.667775
63.673825
63.699125
63.70345
63.70835
64.5033
66.027825
67.0567
67.06145
67.069
67.07755
67.2767
67.28135
67.2872
67.625075
67.828625
67.83565
68.21105
68.2152
68.220175
68.2281
69.109375
69.1195
69.3743
69.3784
69.383225
69.397975
69.449225
69.458825
69.806325
69.813725
69.81775
69.8227
70.9751
70.9832
71.101575
71.1082
71.52525
71.628475
71.631825
71.635275
71.639375
71.645075
72.4906
72.500575
72.701475
72.712025
73.935375
73.939425
74.362675
74.60335
74.60725
74.612175
75.120175
75.12515
75.131175
76.106225
76.789875
79.72875
79.778675
80.4813
80.491375
80.591525
81.0655
81.0734
81.3172
81.850725
82.612625
84.102875
84.1097
84.114025
84.119875
84.91765
85.2663
86.00855
88.93285
89.00195
90.557675
90.90325
90.9068
90.91045
90.914725
90.924875
90.9293
90.93465
90.944125
91.6673
91.671775
91.6761
91.731075
91.9867
91.990725
91.9956
92.005925
92.026825
92.027975
92.0643
94.309675
94.3138
94.336225
94.340525
94.34775
94.65315
96.4419
96.6769
96.8465
96.85245
96.860825
96.867325
96.872075
96.87885
97.824875
98.49195
98.496525
98.502575
99.857275
99.861525
99.866625
99.8751
99.881525
99.958575
99.96425
99.972325
102.727725
105.5649
106.0057
106.880675
106.9893
107.019275
107.025325
107.0299
107.034175
107.039625
107.046225
108.9404
108.9481
109.4739
112.380725
112.83985
114.6772
115.12705
115.819325
115.824625
115.869675
117.456675
117.4604
117.464125
117.468025
117.473325
117.60735
117.613225
119.282
119.592675
120.55025
120.554725
120.56065
122.147575
122.58235
123.010025
123.01375
123.01765
123.0221
123.028
124.0611
124.567525
124.898775
124.903175
124.9079
124.915275
125.44865
125.451775
125.45545
125.46
125.466775
125.471025
125.475575
125.484775
125.514225
125.746825
125.751075
125.7639
126.238525
127.501075
127.512425
127.627275
127.63675
127.679275
127.683825
127.6891
127.696425
127.70025
127.7057
127.71385
128.59895
129.93965
130.0018
130.143375
130.147
130.1558
130.1628
131.515675
131.520025
131.5254
131.53455
132.353575
133.577575
133.58205
133.58745
133.60385
134.2389
134.242775
134.260225
134.264525
134.272325
134.96945
135.479325
135.483025
135.4867
135.49145
135.501275
136.7523
138.343775
138.360775
138.365025
138.372175
138.4552
140.55355
140.714025
141.020625
142.73665
142.7413
142.74785
142.8088
142.81285
142.819825
142.8763
142.897725
143.026025
143.402225
143.405825
143.409825
143.415775
144.8112
144.8146
144.822425
144.82765
144.834675
146.28865
146.29275
146.298575
146.61975
146.623675
146.628325
146.63505
148.810925
148.91555
148.939875
149.329375
150.2597
150.264175
150.2691
150.275425
150.29475
150.3046
150.33775
150.34505
151.268075
151.899275
151.917425
154.2064
154.4651
154.4694
154.473575
154.479175
154.496025
154.50205
154.796775
154.804025
156.281625
156.3094
159.023525
159.04985
159.058075
159.063375
159.073925
159.143175
159.14985
159.158925
159.377375
159.91835
160.57115
160.937575
160.94225
160.947925
163.085825
163.7635
163.768525
163.77955
163.9989
164.010025
164.0248
165.826325
165.833975
168.021175
168.02955
169.990425
170.00355
170.007475
170.012
170.017925
171.870475
171.873975
171.877775
171.882725
171.8889
171.93975
173.03355
173.0373
173.04245
173.05475
173.062175
173.0676
173.426925
173.430625
173.43535
173.443425
174.256225
174.26075
174.266675
174.916425
175.382725
175.499925
175.99125
175.995675
176.00055
176.007625
176.10765
176.114025
176.126725
176.667175
176.674525
176.8417
176.846075
176.851475
176.85865
177.388275
177.3937
178.50825
178.51235
178.5171
178.774125
178.784325
179.37635
180.93715
180.9406
180.944475
180.94915
180.957375
180.962925
180.967425
180.972525
181.105825
181.1146
181.15
181.2204
181.70355
182.09195
182.5893
183.055
183.067525
183.5592
183.705125
183.71035
183.7175
186.18205
186.186775
186.191125
186.1956
186.202075
186.474525
186.48195
186.5086
187.957625
187.961825
187.970925
187.974075
187.9772
188.0118
188.019675
189.89935
189.9993
190.515275
190.571525
190.575725
190.58235
192.4032
192.736675
192.91065
192.914875
192.920275
192.928775
193.59005
193.593975
193.59765
193.6023
193.60865
193.705325
194.701275
197.068475
197.074725
197.903725
199.45995
200.0945
200.48595
200.489075
200.492725
200.497425
200.504
201.4658
201.4702
201.4766
201.83655
203.29395
203.35895
203.3703
