0.347925
3.614275
4.38695
4.6795
11.5259
12.69915
12.93485
12.99715
13.322375
13.6677
14.70975
15.44935
16.66795
18.49125
20.881175
26.316775
27.029275
27.57535
27.780025
28.4635
28.71715
28.811075
33.003025
34.1713
36.088125
36.927375
37.05215
37.139025
37.901775
39.3984
40.198625
40.5385
40.55075
41.5206
43.7121
48.33755
48.38905
48.591175
50.043375
50.881875
51.60225
52.4081
57.94695
57.9524
57.96215
59.67875
60.433675
62.6769
62.815925
62.82125
63.642525
63.67485
63.690075
63.736225
63.796975
64.803725
65.206175
65.72445
65.7291
66.642175
67.302125
67.36425
68.17805
68.27015
68.2873
68.331325
69.9042
71.70245
72.62335
72.629575
74.053875
74.058475
74.651475
80.252075
86.025675
86.961725
87.427375
88.15185
88.163375
89.016125
89.023225
89.631675
90.953275
91.02425
91.6276
92.047
92.11415
92.84905
93.75685
94.311125
94.49365
96.07745
96.9289
100.17815
100.936275
101.7806
106.816825
106.99395
107.964
108.948075
109.30385
109.3109
110.316475
110.40055
111.343275
111.348
119.5485
119.7803
119.791875
119.848325
119.8641
122.27155
123.5254
124.459175
124.728425
124.87435
124.902175
124.909075
124.983075
124.999775
125.4583
125.47445
125.7469
125.79155
125.80995
125.816625
125.889525
125.90945
125.914875
125.9251
125.93635
125.95635
126.062075
126.076975
126.08385
126.12215
126.238575
126.469175
126.481475
126.4947
126.516925
126.5236
126.53965
126.54725
126.9951
126.99845
127.002675
127.35545
127.35925
127.72145
127.891275
127.90485
127.990575
128.002375
128.0159
128.08565
128.108925
128.122075
128.13345
128.550775
128.554075
128.558025
129.29045
129.5548
129.771975
130.1525
130.170725
131.3101
131.525975
132.721325
132.7594
133.52355
133.585125
135.608775
135.622025
135.68865
135.79445
136.687225
140.369725
141.4585
141.730475
141.7361
143.08365
143.363725
144.17305
144.621175
146.354325
146.6019
149.62635
149.63295
150.321875
151.952875
152.8947
155.21985
155.316275
156.10655
157.636
160.830075
163.482975
163.9295
167.12395
171.42295
171.4882
173.0345
173.10985
173.31175
174.873475
176.860375
176.933475
178.6439
180.48545
180.6728
180.6831
181.1101
182.10165
182.43915
182.4442
183.622325
184.746325
186.16505
186.28525
189.137525
190.776175
191.894125
192.1133
192.132525
196.703575
197.982625
201.20165
201.434875
201.490525
201.507875
203.333075
