0.285925
2.498
6.098275
7.2295
9.7816
11.213525
13.61895
14.701775
14.735
16.067525
16.607625
18.44645
19.95585
21.595825
23.14395
24.6476
24.686075
26.875075
30.243575
32.4781
33.049275
33.0602
34.600175
37.943
38.8323
40.171725
40.8559
41.3288
44.18375
44.9845
45.51675
50.679275
53.0801
53.674475
56.6386
57.643975
58.579675
60.5741
61.68985
63.49135
64.1456
66.002725
69.2809
70.332575
70.923675
71.648675
75.981375
76.611575
78.65325
81.022175
81.027425
83.139075
85.759975
88.190725
89.576675
91.072125
92.0763
92.8788
94.225575
95.6769
97.5821
98.433
99.069825
101.480275
107.87165
112.733325
114.31925
115.60695
115.751025
116.2462
118.214625
119.562675
120.2414
120.4091
121.062375
122.811475
123.1903
123.46055
126.149925
126.899
129.10105
130.677225
131.35105
132.122525
133.50215
133.556125
134.7292
136.506825
138.35965
139.269325
140.2296
141.532325
142.11595
143.38695
143.9649
145.23245
148.1651
148.954975
149.40475
151.027175
152.482375
152.8897
154.28675
155.264625
155.923425
157.7253
159.06545
160.830025
164.002275
166.273375
168.19745
169.883175
169.889275
171.221875
174.1241
174.8299
175.982775
175.992325
176.902275
179.0074
179.5174
185.2091
185.56035
187.2262
189.086275
190.5439
191.0148
191.18
193.585725
193.60945
194.7623
194.7698
195.85705
196.692875
197.20695
197.725525
199.0356
199.8768
199.89325
202.511875
203.14055
204.80415
