0.449675
6.662025
7.36025
11.936875
13.76025
16.74515
27.12065
31.997825
36.69715
37.9655
38.180775
41.00375
42.99305
50.1769
50.875975
56.959775
61.39695
72.55505
78.738875
81.4687
84.514625
89.82335
96.01375
112.6622
115.1398
118.6433
119.6383
119.6432
121.8947
123.155225
124.45655
124.55945
124.684825
125.626825
125.929675
127.38085
136.6883
136.97285
147.49755
149.630025
150.451525
157.679425
158.418675
160.965425
167.25005
171.24745
176.000475
176.852375
180.47395
180.654675
181.662875
182.058325
189.27915
189.461175
196.819925
198.5671
198.58835
