0.2113
2.433875
3.172225
5.70165
7.931125
8.662725
10.020525
15.373825
17.587075
20.7067
20.7122
24.597775
25.46525
26.896675
28.388275
29.089625
31.0069
32.436175
33.87535
34.52895
35.30365
36.705775
41.9611
42.77885
47.510475
47.5149
48.9545
48.95915
49.9285
51.5399
56.628075
59.3307
60.544175
61.03595
61.666175
63.46335
65.898525
66.456675
67.934275
68.585475
69.233275
70.295825
70.90465
71.506475
73.40605
74.4938
78.6558
80.580275
81.020275
85.143375
87.323075
87.9785
88.6077
94.91975
95.648275
99.47045
100.805275
102.269125
102.27455
107.346975
113.475575
114.290625
119.219875
119.5295
122.2192
123.44705
124.4922
126.117575
137.3396
140.210375
143.398875
143.8899
145.215975
145.2228
145.2234
145.642725
146.19425
148.8357
148.856775
150.143
151.04445
154.28085
155.8955
158.157125
158.952075
158.96675
160.6744
164.8675
170.6148
174.8903
178.0164
178.996475
180.33835
181.284625
182.0504
184.5422
185.55045
187.9879
188.27445
193.42105
194.921075
195.39405
198.409125
201.7605
202.46835
202.48735
203.11145
