0.103525
8.0645
16.1024
30.5717
31.512875
31.526925
42.927775
42.9321
44.16315
49.96375
50.56715
51.614825
51.618975
52.408275
56.68805
57.5298
63.108675
63.112575
63.1203
67.5245
71.0464
76.61645
77.1976
81.15395
81.1581
81.37625
83.160275
87.039075
87.0436
87.8688
92.775225
92.78215
94.251225
94.25635
96.765725
97.65825
97.848575
108.0045
108.01075
108.5011
108.5064
110.046775
111.7925
111.80755
117.759725
118.141075
123.1349
126.324475
129.2963
129.3149
130.787875
130.791925
130.800025
131.39015
133.2612
133.26705
136.278275
136.284475
150.67045
154.34445
159.737575
159.794425
164.5572
165.700525
166.018575
173.45345
176.10875
176.116825
180.59745
184.597175
185.899
185.903275
185.907925
187.906325
187.91335
191.814
193.728075
197.2472
197.257975
198.513525
198.5279
