0.33065
0.336225
3.4833
6.2323
6.2369
6.243125
9.8182
10.655125
12.542875
15.294925
16.6359
16.6664
18.488125
19.30585
20.6004
22.935325
22.940725
24.8542
28.462425
32.78695
33.010475
33.796475
33.8008
38.294575
43.650625
45.410925
48.08535
48.09875
50.709275
50.85915
50.87245
51.4908
52.022675
53.089825
53.10835
56.0116
59.138625
59.470575
60.426025
62.1446
62.39705
67.936925
67.943425
69.202625
69.3832
71.702975
75.8113
81.2189
82.7601
82.764025
82.768775
84.10605
86.008475
86.961375
88.825925
88.997725
91.77595
92.83985
95.4445
98.2794
98.284225
100.137475
102.901775
102.9569
104.0818
106.8296
107.881125
107.88495
107.908425
114.87015
115.48895
115.5091
116.1753
116.17925
116.182525
116.1902
116.5481
116.5547
116.824825
117.441225
118.786125
119.480725
119.48545
120.9365
120.941025
123.3812
123.43465
123.580475
123.6043
124.574275
124.687325
125.650725
127.7033
128.07975
128.87865
132.715275
134.682
134.745325
135.41055
138.585375
139.318325
139.323675
140.737325
141.448275
143.358425
144.369625
144.3742
147.747625
149.374375
149.378975
149.3994
150.296525
155.202275
159.785475
160.54055
160.558225
161.962175
163.1363
167.562825
167.56705
167.57205
168.274725
172.524875
179.897425
182.4375
182.441825
185.4791
185.9544
185.96055
188.01415
190.6666
194.803075
195.5358
197.665625
199.41695
200.41165
201.18015
203.32875
203.66405
203.6688
