97.74635
108.5537
109.276325
109.2784
109.352625
109.47915
129.347825
152.793875
153.299175
153.699975
153.715075
153.721425
154.4851
154.49245
154.498275
154.50465
154.51
154.5171
154.5235
154.530325
154.554975
155.139725
155.45385
155.46025
155.467225
155.4865
155.494025
155.520725
155.5423
155.57195
155.57865
155.592375
155.597525
155.602075
155.60675
155.611125
155.61575
155.6204
155.625075
155.63085
155.636525
155.641925
155.65365
155.66085
155.666175
155.67645
155.682425
155.69585
155.701575
155.72225
155.772675
155.77935
155.78435
155.79005
155.795575
155.801075
155.80715
156.409275
156.4263
156.435075
156.48675
156.5315
156.5373
156.54225
156.547
156.547725
156.553
156.558625
156.563425
156.568525
156.574225
156.586775
156.591875
156.597175
156.60185
156.6066
156.6119
156.6169
156.6214
156.6263
156.631875
156.639475
156.65675
156.671225
156.6769
156.682175
156.6871
156.6922
156.696675
156.700775
156.706025
156.71055
156.714525
156.724025
156.7286
156.734175
156.7493
156.754375
156.759
156.763175
156.76795
156.77215
156.77735
156.782
156.786825
156.7918
156.8084
156.813775
156.818525
156.82475
156.830575
156.8354
156.840925
156.847075
156.86465
156.94875
156.988175
156.993
157.382925
157.389125
157.394075
157.4002
157.406
157.41175
157.418075
157.42325
157.4292
157.435175
157.44135
157.44755
157.463375
157.4686
157.47355
157.4786
157.48365
157.489025
157.49385
157.498525
157.5029
157.50725
157.5116
157.5172
157.522425
157.52705
157.531075
157.5358
157.53965
157.543725
157.5491
157.553375
157.557975
157.562275
157.566425
157.57095
157.57595
157.580275
157.58475
157.5892
157.59355
157.5974
157.601675
157.606125
157.610925
157.61555
157.621075
157.625475
157.630175
157.633975
157.6383
157.643225
157.647325
157.651575
157.65585
157.65995
157.66395
157.66895
157.67315
157.677425
157.68165
157.687175
157.691825
157.696625
157.7013
157.7053
157.709875
157.71745
157.721925
157.726
157.730575
157.73515
157.739575
157.7477
157.75235
157.7578
157.764025
157.769525
157.774375
157.781925
157.7871
157.79395
157.799125
157.80345
157.808025
157.8125
157.81755
157.822175
157.826425
157.830425
157.836775
157.841725
157.84615
157.851725
157.8566
157.860375
157.865975
157.870675
157.874925
157.8807
157.88535
157.88995
157.894925
157.899275
157.904475
157.908775
157.91405
157.918775
157.9234
157.9278
157.93195
157.936175
157.9413
157.946375
157.950975
157.957725
157.962575
157.9698
157.97905
157.989175
157.9953
158.002075
158.008125
158.01305
158.018975
158.02375
158.122375
158.137225
158.643625
158.648975
158.654325
158.659575
158.665525
158.6705
158.6758
158.6806
158.685
158.6899
158.6949
158.6999
158.7047
158.709875
158.71435
158.719
158.72365
158.728675
158.73335
158.737875
158.74335
158.7477
158.7524
158.756625
158.76055
158.76495
158.769425
158.77355
158.7785
158.783625
158.7878
158.792675
158.796425
158.80015
158.804425
158.808525
158.812275
158.8162
158.820325
158.824475
158.82875
158.832525
158.83725
158.841325
158.845375
158.849275
158.8531
158.85705
158.861325
158.86525
158.8698
158.873275
158.87735
158.881325
158.8854
158.8901
158.894075
158.898275
158.902825
158.906975
158.911125
158.91545
158.9196
158.923925
158.928
158.93195
158.936675
158.941125
158.9456
158.950325
158.954
158.958375
158.96295
158.9666
158.972375
158.976675
158.980825
158.9857
158.990525
158.995275
158.999475
159.003775
159.008275
159.012475
159.017125
159.02105
159.0263
159.031625
159.03695
159.043025
159.050575
159.0553
159.059525
159.0642
159.06955
159.07445
159.0815
159.0871
159.09235
159.0971
159.1022
159.10705
159.1118
159.117925
159.12255
159.130825
159.292875
159.298675
159.3043
159.30955
159.3153
159.3215
159.3315
161.8456
161.8486
162.96425
163.02495
163.0307
163.03635
163.0426
163.050125
163.055175
163.0602
163.0667
163.0725
163.0774
163.082925
163.088925
163.0944
163.09965
163.104625
163.109575
163.115575
163.120375
163.12615
163.131225
163.136475
163.142325
163.147425
163.1522
163.1569
163.161725
163.16685
163.171225
163.17595
163.180725
163.184875
163.18945
163.194075
163.1992
163.204
163.20855
163.213725
163.2198
163.22525
163.2299
163.234825
163.240175
163.2469
163.2523
163.256725
163.264175
163.2692
163.275375
163.280025
163.284625
163.289625
163.2964
163.30105
163.305825
163.31085
163.32085
163.3888
163.3942
163.39985
163.41585
163.424425
163.43645
164.235875
164.243475
164.25165
164.257425
164.263525
164.26935
164.28225
164.2889
164.29375
164.2988
164.304
164.31515
164.32105
164.327025
164.3323
164.33755
164.342775
164.349025
164.35425
164.358925
164.36365
164.36815
164.372725
164.377175
164.38205
164.386625
164.391375
164.39555
164.399975
164.4042
164.408675
164.4128
164.417175
164.42145
164.4266
164.43115
164.4358
164.440525
164.4453
164.45005
164.454525
164.458325
164.463425
164.46785
164.4718
164.476175
164.47995
164.484325
164.488125
164.49205
164.49585
164.499625
164.50825
164.51295
164.517
164.521075
164.52595
164.530225
164.534225
164.538575
164.542725
164.54715
164.5506
164.554425
164.5626
164.567
164.5712
164.575725
164.5794
164.583725
164.587775
164.591875
164.5965
164.601025
164.605825
164.61045
164.615225
164.62475
164.628725
164.6328
164.636975
164.640825
164.64515
164.65495
164.659775
164.664425
164.6688
164.673225
164.67825
164.68255
164.68825
164.69435
164.69945
164.710925
164.715525
164.720525
164.725425
164.73025
164.735125
164.740275
164.74675
164.752375
164.771
164.776175
164.785625
164.790825
164.796275
164.803
164.8089
164.8897
167.1225
167.130775
167.146725
167.15945
167.165375
167.178475
167.184875
167.1913
167.197775
167.211425
167.217025
167.22965
167.236325
167.241775
167.24695
167.252125
167.257325
167.26265
167.26805
167.2751
167.283925
167.290025
167.29575
167.301775
167.3068
167.312875
167.31815
167.32275
167.3269
167.331625
167.336825
167.341875
167.346325
167.35115
167.355675
167.362875
167.36805
167.3732
167.3782
167.383575
167.38835
167.406275
167.411375
167.418975
167.4249
167.430075
167.434225
167.439325
167.445325
167.455875
167.469125
167.49005
167.495575
167.554075
168.84295
168.860325
168.874
168.881225
168.887375
168.89425
168.903125
168.909225
168.916225
168.921925
168.92755
168.933425
168.938225
168.944925
168.95015
168.9553
168.961
168.966375
168.974225
168.97825
168.98385
168.98955
168.995325
169.00035
169.006525
169.012225
169.0174
169.027
169.031675
169.0364
169.041025
169.04565
169.050175
169.0545
169.059425
169.064825
169.0698
169.078875
169.082975
169.087375
169.0928
169.09745
169.101575
169.107275
169.113125
169.124975
169.12965
169.134475
169.138625
169.142825
169.147275
169.1515
169.1559
169.16025
169.164525
169.170125
169.174625
169.178575
169.18335
169.1883
169.193425
169.1981
169.202825
169.207175
169.21215
169.216375
169.221025
169.226225
169.231525
169.23655
169.241225
169.245825
169.254325
169.25945
169.266425
169.272325
169.27745
169.285575
169.29015
169.296275
169.301825
169.3061
169.312275
169.32365
169.329775
169.335275
169.34135
171.147875
171.15925
171.1656
171.18065
171.187875
171.193875
171.199525
171.20685
171.212175
171.22035
171.2256
171.231375
171.2384
171.2438
171.249725
171.256
171.2617
171.266775
171.272175
171.277575
171.283525
171.29295
171.2977
171.3024
171.307525
171.312475
171.3177
171.322525
171.32665
171.33205
171.33645
171.3409
171.3453
171.349625
171.354025
171.358775
171.36325
171.367675
171.3722
171.37645
171.380775
171.38485
171.389125
171.393075
171.3976
171.401725
171.406875
171.411525
171.415725
171.419475
171.4239
171.42785
171.4319
171.436325
171.440875
171.4453
171.44975
171.45475
171.458875
171.463325
171.467725
171.472225
171.4764
171.480775
171.484775
171.488775
171.493475
171.4979
171.50185
171.505925
171.51165
171.516025
171.52035
171.52455
171.528975
171.533775
171.53895
171.5435
171.548
171.5525
171.55805
171.563125
171.57305
171.578575
171.58335
171.5878
171.5946
171.60045
171.643825
171.649975
171.6552
171.66035
171.666125
171.8023
173.1859
173.20905
173.2138
173.219325
173.224575
173.229175
173.234075
173.238175
173.238925
173.243475
173.24835
173.252725
173.257375
173.2598
173.26175
173.27095
173.272625
173.275125
173.27785
173.278675
173.28065
173.285225
173.29285
173.294025
173.2954
173.297425
173.298225
173.30255
173.307175
173.311475
173.315575
173.319025
173.32005
173.3241
173.3285
173.330475
173.3326
173.336775
173.338525
173.3411
173.345125
173.34925
173.353175
173.357275
173.361425
173.365125
173.369425
173.373375
173.377425
173.38175
173.38555
173.389725
173.3939
173.39805
173.402425
173.406775
173.411
173.415325
173.419275
173.423475
173.4277
173.432075
173.43645
173.44125
173.445075
173.449175
173.451225
173.453775
173.457775
173.459375
173.46205
173.466625
173.4706
173.47445
173.478475
173.482725
173.4867
173.4908
173.4951
173.4992
173.503525
173.50825
173.5125
173.51625
173.520625
173.52475
173.5287
173.5369
173.5494
173.553775
173.558175
173.562475
173.566475
173.5703
173.57465
173.579525
173.58355
173.587825
173.592475
173.5973
173.6027
173.606925
173.61175
173.6163
173.620925
173.6261
173.63055
173.6348
173.639525
173.64375
173.648575
173.6535
173.658225
173.663125
173.667725
173.67255
173.677125
173.6823
173.687475
173.692725
173.697975
173.704425
173.710275
173.715325
173.7267
