0.039125
0.1103
0.209325
0.268375
0.34795
0.618375
0.683025
0.765675
1.04535
1.1616
1.289575
1.3798
1.52305
1.63375
1.714525
1.8222
1.898775
1.99945
2.010725
2.06195
2.168575
2.27645
2.3314
2.405525
2.4433
2.56895
2.662675
2.81685
2.827
2.8863
2.930375
3.0515
3.34115
3.472775
3.560875
3.730775
3.77725
3.8351
3.908275
4.077275
4.184375
4.22
4.33305
4.392875
4.452425
4.488225
4.579125
4.723975
4.758525
4.8185
4.89875
4.9397
5.129
5.27955
5.3089
5.340225
5.56855
5.65075
5.66625
5.803575
5.912075
5.99915
6.304725
6.483725
6.629
6.642
6.72655
6.8489
6.89785
6.911625
7.1382
7.345725
7.47685
7.728525
7.764225
7.961925
8.089075
8.158375
8.1672
8.281525
8.33855
8.54885
8.63325
8.6878
8.76835
8.801225
8.993375
9.06685
9.1833
9.22305
9.3098
9.3448
9.49705
9.659175
9.697575
9.8176
9.9267
10.02185
10.08325
10.09535
10.160075
10.22985
10.359725
10.53495
10.55105
10.657825
10.72105
10.8192
10.89395
10.96985
11.156775
11.208825
11.26195
11.32155
11.417875
11.48535
11.5521
11.723075
11.88465
11.8924
11.9805
12.098
12.2246
12.293
12.356675
12.389375
12.470575
12.516675
12.7494
12.813125
12.857025
12.9169
12.986925
13.04355
13.225675
13.27965
13.371425
13.533625
13.73645
13.77155
13.804625
13.847
13.91925
13.931
14.03775
14.183675
14.300325
14.478025
14.815475
14.8627
14.9207
15.11005
15.19845
15.25965
15.53005
15.62405
15.708275
15.893475
16.08475
16.178125
16.543575
16.562925
16.6754
16.732675
16.836225
17.194675
17.2988
17.425725
17.552875
17.578625
17.693375
17.76775
17.904725
17.972225
18.041925
18.144075
18.297525
18.351475
18.39815
18.719975
18.7674
18.830075
18.8864
19.1719
19.2251
19.358175
19.44005
19.5199
19.556325
19.676275
19.765375
19.947
20.03
20.077325
20.1472
20.240375
20.323825
20.436475
20.69045
20.719525
20.79865
20.85565
20.98235
21.1131
21.1902
21.32465
21.432675
21.53235
21.568275
21.651225
21.779975
22.01565
22.02595
22.072825
22.104775
22.16695
22.224025
22.246425
22.280925
22.331025
22.52645
22.60565
22.62685
22.734475
22.794275
22.856875
23.0113
23.149575
23.286875
23.339975
23.35345
23.38335
23.53455
23.7512
23.842325
23.854725
23.9729
24.0271
24.37145
24.4632
24.607675
24.676225
24.7795
24.8392
24.921625
24.997275
25.075225
25.130725
25.1969
25.2672
25.348975
26.03315
26.1874
26.269925
26.289825
26.3502
26.393375
26.4858
26.576725
26.6196
26.849375
27.051175
27.11325
27.1856
27.272425
27.3254
27.3971
27.448825
27.5595
27.6898
27.8035
28.106875
28.159175
28.247275
28.536225
28.6905
28.77325
28.811425
28.8227
28.846625
28.86745
28.9167
28.999225
29.104375
29.259925
29.34015
29.44025
29.5931
29.647825
29.756475
29.8739
29.9146
29.976325
30.038325
30.076275
30.14655
30.206875
30.29045
30.397075
30.41955
30.4536
30.4967
30.551425
30.583825
30.792325
30.856675
30.92515
30.988
31.18855
31.511525
31.559375
31.589625
31.84875
32.2197
32.27415
32.530975
32.673
32.68735
32.7782
32.89945
32.98805
33.17985
33.24645
33.310475
33.42915
33.566
33.72235
33.82775
34.0582
34.23815
34.2838
34.35835
34.43065
34.614475
34.730775
34.890375
34.912025
34.9648
35.02715
35.096425
35.1423
35.391575
35.459625
35.523575
35.58935
35.670875
35.749275
35.82095
35.930525
35.9898
36.0522
36.0946
36.222625
36.266125
36.37455
36.437575
36.487975
36.54455
36.626625
36.9609
36.982525
36.994
37.016975
37.10535
37.1509
37.266225
37.314575
37.386575
37.65385
37.761825
37.7706
37.844475
37.94485
38.08545
38.1468
38.153975
38.19035
38.24545
38.3384
38.444
38.5335
38.554475
38.620975
38.703425
38.782925
38.865425
39.1201
39.1669
39.284475
39.432925
39.4687
39.558975
39.59955
39.645675
39.69675
39.785025
39.9783
40.089625
40.16635
40.30105
40.50875
40.5448
40.60875
40.6826
40.91045
40.930025
41.010775
41.09785
41.215675
41.26865
41.4386
41.548175
41.740825
41.74875
41.854325
41.926975
41.982475
42.220125
42.269425
42.307
42.39795
42.4853
42.61735
42.6681
42.70605
42.7996
43.04515
43.107575
43.2328
43.38835
43.523775
43.617
43.80025
43.856875
43.89535
44.020075
44.1114
44.278375
44.331775
44.737125
44.79855
44.8746
44.930875
45.165225
45.296
45.371525
45.400325
45.49255
45.606375
45.650625
45.7721
45.852025
45.98405
46.160425
46.212525
46.2671
46.35775
46.50485
46.572875
46.724375
46.787375
46.830625
46.91005
46.9572
47.026225
47.120625
47.2576
47.3371
47.40665
47.46495
47.5263
47.5865
47.770025
47.970625
47.9946
48.0666
48.231775
48.310725
48.390925
48.434975
48.489825
48.50055
48.5862
48.703525
48.848775
48.93005
49.2096
49.24175
49.2689
49.32585
49.377025
49.42115
49.5976
49.647925
49.698275
49.7978
49.8641
49.9301
50.3318
50.39685
50.456675
50.543875
50.66835
50.7763
50.98865
51.016425
51.10075
51.198825
51.619325
51.8325
51.919075
51.9405
52.087625
52.115025
52.17665
52.1898
52.242
52.32745
52.45025
52.5779
52.6691
52.692025
52.7169
52.786875
52.9985
53.07005
53.127625
53.207725
53.238425
53.3747
53.4933
53.609325
53.764975
54.105525
54.16525
54.20685
54.453275
54.478925
54.509675
54.5972
54.697975
54.84195
54.910175
54.99165
55.064
55.196525
55.231175
55.2942
55.32785
55.4461
55.5953
55.6101
55.620625
55.658575
55.711175
55.787925
56.0275
56.047825
56.111475
56.191175
56.23355
56.271525
56.3123
56.378425
56.5186
56.651075
56.837975
57.022075
57.16435
57.29055
57.43775
57.51925
57.5913
57.722275
57.913725
57.957275
58.01755
58.142825
58.2593
58.30555
58.372525
58.525075
58.78495
58.80915
58.869025
59.0225
59.155525
59.18925
59.2793
59.44125
59.525425
59.567675
59.69165
59.74175
59.820175
59.930775
60.0797
60.2448
60.409425
60.445725
60.54485
60.597025
60.6553
60.685025
60.850675
61.029625
61.03975
61.0981
61.293075
61.35765
61.51805
61.65605
61.76885
61.8804
62.06485
62.080775
62.199925
62.296775
62.355925
62.5218
62.6814
62.775975
62.856725
62.905525
63.010275
63.041025
63.1022
63.29645
63.4632
63.511025
63.634
63.696275
63.7793
63.8142
63.86425
64.082325
64.118975
64.155
64.229
64.297875
64.53765
64.654625
64.743875
64.8593
64.9278
65.0045
65.124
65.268475
65.347675
65.475275
65.5924
65.68665
65.706075
65.851375
65.87415
65.9032
66.016025
66.20105
66.309525
66.3857
66.41445
66.47025
66.548725
66.67075
66.7544
66.8431
66.995225
67.04605
67.093525
67.174025
67.28835
67.63585
67.668325
67.8043
68.047975
68.058875
68.214375
68.3496
68.39705
68.51285
68.609525
68.7845
68.908325
69.2145
69.24875
69.331425
69.357275
69.50245
69.566775
69.590575
69.70565
69.878175
69.95645
69.9877
70.122425
70.349725
70.362175
70.40845
70.568825
70.6393
70.72325
70.798225
70.892125
71.076375
71.113825
71.15325
71.221
71.55965
71.613675
71.73615
71.9535
72.072725
72.145525
72.188475
72.2873
72.3485
72.3908
72.454775
72.62715
72.745725
72.818475
72.897125
72.940475
73.0296
73.101775
73.11835
73.43395
73.54985
73.64275
73.7177
73.8882
74.009825
74.027025
74.11305
74.235275
74.39315
74.421325
74.4646
74.544175
74.6176
74.753
74.936125
75.03145
75.157375
75.268325
75.330675
75.4321
75.6035
75.719375
75.81225
76.19025
76.25765
76.3311
76.454775
76.56965
76.63085
76.697425
76.7565
76.85635
76.8935
76.939
77.0228
77.168825
77.3508
77.4926
77.65735
77.85515
77.9739
78.011525
78.1215
78.22015
78.348425
78.4984
78.675525
78.69295
78.72175
78.842575
78.917375
78.96185
79.131275
79.16075
79.2901
79.37475
79.47585
79.506525
79.70395
79.8267
79.886225
79.9628
80.058675
80.11195
80.16615
80.246925
80.274925
80.38225
80.44545
80.5349
80.599875
80.688125
80.998525
81.02435
81.1841
81.219125
81.278375
81.336025
81.43185
81.656275
81.674775
81.697375
81.7849
81.837775
81.961375
82.042225
82.1133
82.185725
82.3881
82.412875
82.4501
82.5128
82.60385
82.691375
82.79485
83.0963
83.13715
83.242475
83.2952
83.4061
83.591325
83.6867
83.90185
83.9896
84.077975
84.178875
84.22045
84.35315
84.564175
84.654825
84.682775
84.82515
84.91165
84.924875
85.039525
85.1477
85.240325
85.380925
85.43675
85.52295
85.57625
85.669275
85.780075
85.83995
85.966725
86.016775
86.07125
86.110475
86.176975
86.2907
86.38665
86.461125
86.526925
86.68205
86.7122
86.861075
86.9785
87.04295
87.14345
87.2375
87.347225
87.42
87.612775
87.779025
87.81585
87.88045
87.941175
88.053325
88.103025
88.1738
88.26185
88.36435
88.45735
88.563775
88.636775
88.762725
88.824925
88.8957
88.99145
89.09185
89.177125
89.4699
89.478925
89.524975
89.5933
89.6497
89.705875
89.7793
90.0255
90.121375
90.1899
90.3066
90.44775
90.5355
90.619825
90.83895
90.8616
90.8859
90.93785
90.997425
91.1842
91.192675
91.310175
91.47655
91.576675
91.609675
91.67585
91.872375
91.9113
91.9789
92.0562
92.158525
92.243175
92.303725
92.40575
92.46435
92.514125
92.5715
92.8306
92.85445
92.96555
93.07165
93.216725
93.37075
93.435325
93.66985
93.714275
93.77695
93.9337
93.9757
94.01215
94.15965
94.340525
94.39455
94.4635
94.51175
94.58665
94.683625
94.86185
95.065575
95.172675
95.222525
95.3117
95.3639
95.403625
95.58185
95.66415
95.75295
95.841125
95.9116
96.0005
96.306775
96.362925
96.526975
96.80825
97.019375
97.162175
97.22145
97.376525
97.431425
97.46525
97.49165
97.62945
97.673
97.73485
97.867725
97.955275
97.9999
98.058375
98.110725
98.214475
98.255025
98.304675
98.35465
98.530525
98.69085
98.709925
98.79
98.862875
98.936625
98.966275
98.999425
99.029925
99.145675
99.18465
99.2438
99.407325
99.44615
99.50755
99.544175
99.59585
99.7267
99.8852
99.96105
100.124
100.1518
100.1726
100.254275
100.32085
100.470575
100.554125
100.613875
100.926775
100.954275
100.99545
101.095575
101.21985
101.39355
101.4235
101.541025
101.617175
101.8557
101.9609
102.034225
102.12615
102.17995
102.2209
102.252525
102.28425
102.42095
102.485725
102.570425
102.784275
102.907975
102.977425
103.02955
103.2004
103.3039
103.312
103.393825
103.50275
103.59875
103.71665
103.7447
103.84145
103.992725
104.093375
104.127075
104.2055
104.238425
104.327275
104.439025
104.4671
104.523575
104.580775
104.683975
104.738725
104.80495
104.87355
105.049575
105.186975
105.273525
105.41785
105.6028
105.7315
105.862825
106.117175
106.130425
106.166425
106.217125
106.3001
106.4317
106.49865
106.556475
106.62635
106.696075
106.85545
106.945325
106.999275
107.08585
107.149725
107.260325
107.467725
107.51495
107.54095
107.6193
107.8541
107.928725
107.9373
108.03785
108.19555
108.34875
108.50225
108.5967
108.709875
108.885775
108.948825
108.988025
109.03025
109.1505
109.41905
109.4455
109.636075
109.759925
109.7934
109.877425
109.9371
110.120675
110.19725
110.264525
110.52755
110.5777
110.697825
110.866525
111.075625
111.128525
111.194
111.4323
111.470975
111.50165
111.568075
111.641
111.82555
111.886075
111.952725
111.973375
112.101625
112.243125
112.25325
112.3244
112.378925
112.4822
112.65015
112.699175
112.765475
112.9818
113.0493
113.097825
113.1643
113.3383
113.38275
113.448325
113.602075
113.648725
113.755375
113.885325
113.981225
114.207725
114.227175
114.280325
114.3616
114.559525
114.600575
114.7461
114.791625
114.859175
114.908
115.019
115.105975
115.223975
115.246825
115.311375
115.422725
115.7154
115.73735
115.751875
115.839575
116.005425
116.13025
116.2593
116.27345
116.3605
116.40845
116.474925
116.540175
116.619725
116.712075
116.93295
116.991525
117.0483
117.234525
117.329725
117.5237
117.6224
117.704725
117.785775
117.858725
117.8733
117.909975
117.971425
118.032175
118.316125
118.4458
118.673525
118.794775
119.0344
119.05655
119.092575
119.1532
119.40855
119.459
119.608725
119.65975
119.771325
119.846975
120.010175
120.0527
120.1238
120.16205
120.222225
120.377375
120.456425
120.557525
120.604675
120.6565
120.737025
120.831975
120.957775
121.13235
121.15725
121.21865
121.246525
121.3184
121.449325
121.52685
121.582775
121.6323
121.705275
121.79425
121.926775
122.016825
122.07535
122.131575
122.273325
122.338575
122.4269
122.5237
122.6156
122.672525
122.720475
122.84785
122.9846
123.15645
123.291625
123.489175
123.571525
123.6286
123.806425
123.9458
124.017875
124.115
124.20575
124.309225
124.441375
124.5351
124.572825
124.639475
124.72715
124.865925
124.92085
124.993275
125.06135
125.2679
125.333425
125.38905
125.441975
125.50745
125.5766
125.7252
125.785225
125.8231
125.930175
125.9806
125.996375
126.09875
126.1744
126.41595
126.472425
126.537975
126.673725
126.76555
126.797375
126.8398
126.9766
127.141825
127.199575
127.263
127.315
127.442475
127.5678
127.735
127.893175
127.943775
128.17055
128.299275
128.44625
128.61055
128.69585
128.753375
128.821975
128.984425
129.053575
129.191575
129.2606
129.421975
129.518225
129.653325
129.727525
129.80505
130.091775
130.10435
130.14445
130.2326
130.380625
130.413875
130.608175
130.7121
130.7703
130.86285
130.943025
131.126675
131.291325
131.325
131.37615
131.5884
131.6716
131.69395
131.786525
131.89135
132.033575
132.082375
132.1309
132.199925
132.321975
132.45515
132.519925
132.5887
132.68955
132.7354
132.7732
132.854475
132.927275
133.05895
133.13675
133.243675
133.415525
133.4713
133.508625
133.563875
133.66055
133.777025
133.8095
133.835825
133.870025
134.115825
134.158
134.194725
134.313475
134.3582
134.432725
134.5043
134.57885
134.65055
134.71925
134.754875
134.96935
135.0516
135.181975
135.2752
135.316
135.402475
135.477025
135.5943
135.659475
135.92525
136.027475
136.0477
136.125375
136.34515
136.389925
136.417225
136.46615
136.622825
136.679225
136.7516
136.927675
136.9615
137.0326
137.17235
137.1854
137.249625
137.322075
137.4171
137.518525
137.708175
137.80205
137.90355
137.997975
138.04625
138.138075
138.208425
138.307575
138.36575
138.42985
138.465175
138.720025
138.794675
138.811975
138.889625
138.969175
139.0978
139.2282
139.244625
139.27725
139.331
139.58855
139.6251
139.725625
139.938225
140.0113
140.03025
140.123
140.25295
140.384825
140.4243
140.47595
140.61825
140.66195
140.844575
140.906325
141.029225
141.12925
141.343325
141.404075
141.570775
141.72485
141.737825
141.778525
141.86675
141.9347
142.02335
142.110025
142.21695
142.3021
142.341375
142.38745
142.449575
142.53825
142.60855
142.704775
142.8072
142.88515
143.002575
143.215675
143.26965
143.34715
143.400025
143.468925
143.536075
143.6105
143.67985
143.8801
143.97875
144.061475
144.144425
144.271275
144.50675
144.602775
144.700075
144.743225
144.82315
145.009275
145.08285
145.10275
145.145075
145.2966
145.34345
145.40905
145.45965
145.4918
145.547875
145.687425
145.8393
145.869875
145.881575
145.965475
146.015
146.15775
146.17145
146.26645
146.340475
146.4822
146.576525
146.591875
146.665
146.796725
146.96605
147.132975
147.144475
147.314975
147.4905
147.622025
147.710625
147.83705
147.92185
147.999025
148.107225
148.206175
148.384725
148.3918
148.54025
148.67665
148.865975
148.934675
149.0542
149.1193
149.221675
149.3911
149.5411
149.57805
149.6792
149.8867
149.9857
150.138475
150.210025
150.43885
150.70695
150.803025
150.91665
151.0623
151.1357
151.272325
151.38375
151.481725
151.4943
151.617675
151.716225
151.72995
151.855475
151.86135
151.99025
152.1761
152.207925
152.277425
152.39735
152.539425
152.6372
152.7143
152.77655
152.98065
153.055975
153.0658
153.0982
153.160425
153.227375
153.301725
153.3956
153.405175
153.467325
153.61555
153.6716
153.676875
153.68145
153.771225
153.8609
154.113325
154.1219
154.157075
154.2682
154.46
154.465125
154.52605
154.674925
154.883725
155.04075
155.064725
155.082
155.088125
155.13845
155.24425
155.357175
155.429525
155.541925
155.56915
155.575525
155.5916
155.670825
155.76545
155.77375
155.783
155.840075
156.3036
156.3734
156.392675
156.4138
156.49265
156.524375
156.679575
156.689475
156.7169
156.78725
157.35625
157.359525
157.3626
157.42845
157.46845
157.487475
157.519425
157.61065
157.6424
157.79295
157.8731
158.6187
158.66725
158.67145
158.6779
158.764175
158.805825
158.910425
159.033625
159.641175
159.673425
159.7699
159.9295
160.363325
160.393575
160.416775
160.549325
160.63745
160.7392
160.85665
160.92755
161.066725
161.110175
161.21955
161.296525
161.349925
161.465125
161.5205
161.6629
161.7543
161.995325
162.000225
162.04505
162.331325
162.367025
162.479225
162.628625
162.715825
162.763575
162.84205
162.862375
162.920475
163.0227
163.0573
163.121325
163.147925
163.1675
163.256925
163.4053
163.6202
163.8095
164.0285
164.185225
164.20265
164.24735
164.259425
164.2888
164.32905
164.4432
164.451175
164.502725
164.5505
165.2411
165.35765
165.4064
165.467875
165.583375
165.935475
166.090425
166.116775
166.13635
166.225275
166.276775
166.294275
166.37315
166.440925
166.46405
166.5411
166.599025
166.6414
166.756475
166.8884
166.951375
166.98295
167.036225
167.24025
167.472225
167.592025
167.954425
168.1314
168.226675
168.31495
168.3514
168.39885
168.635475
168.68465
168.74965
168.79115
168.81995
168.8596
168.8907
168.94045
168.942525
169.5346
169.99875
170.028875
170.07615
170.19485
170.29705
170.5496
170.75575
170.78275
170.81845
170.904025
171.02595
171.072025
171.076875
171.14885
171.16475
171.253925
171.299675
171.322875
171.3309
171.509925
172.28645
172.622025
172.790225
172.8351
172.95915
173.144675
173.18305
173.184725
173.212275
173.23045
173.432275
173.715025
174.4669
174.541875
174.771975
175.109975
175.148075
175.22985
175.498175
175.612225
175.849275
175.87175
175.920975
176.01275
176.184975
176.2281
176.26405
176.286775
176.333675
176.423375
176.4796
176.593
176.687425
176.78905
176.8486
176.90585
177.011825
177.1451
177.2814
177.6302
177.658675
177.81625
177.88625
178.0164
178.447
178.55655
178.616
178.810875
178.97505
179.0638
179.2257
179.368875
179.3836
179.593925
179.658125
179.726375
179.782675
179.85775
180.263625
180.2902
180.352625
180.489175
180.585025
180.760775
180.822325
180.864975
180.93045
181.1676
181.183925
181.25705
181.305775
181.3589
181.430975
181.53145
181.88905
181.976225
182.0396
182.1439
182.311525
182.51285
182.6159
182.64175
182.7129
182.787075
182.8589
183.05635
183.351175
183.6334
183.771475
183.939375
184.612075
184.702125
184.9535
185.011975
185.1853
185.35645
185.427925
185.502125
185.603025
185.648375
185.690625
186.121
186.19285
186.249925
186.32755
186.402
186.4706
186.65255
186.721775
186.7415
186.85655
187.17835
187.2807
187.321725
187.408525
187.490775
187.781975
187.884625
187.924075
187.96775
188.115075
188.270625
188.40115
188.440275
188.505525
188.57515
188.6701
188.886975
188.9419
189.03295
189.09715
189.187425
189.226875
189.34
189.62875
189.72445
189.89695
190.028775
190.0576
190.097225
190.172025
190.3969
190.430475
190.515775
190.6003
190.85525
190.9766
191.04585
191.123325
191.412775
191.441575
191.534375
191.566875
191.68305
192.0869
192.1818
192.541675
192.5559
192.6233
192.78605
192.9345
192.966075
193.12485
193.3182
193.4395
193.49335
193.568025
193.9552
194.17765
194.445425
194.468625
194.556725
194.7585
194.868325
194.880975
194.95825
195.020875
195.1208
195.377325
195.396375
195.5901
195.706575
195.855425
195.897275
195.94195
196.093925
196.23315
196.28095
196.400325
196.4952
196.506075
196.58285
196.930825
197.2351
197.267075
197.4699
197.5811
197.63305
197.7407
197.901175
197.92675
198.02885
198.050025
198.113225
198.22655
198.35705
198.3979
198.488675
198.71345
198.7868
198.850925
199.03635
199.1692
199.17945
199.18725
199.3001
199.46875
199.550375
199.636875
199.6669
199.736275
199.856975
199.988075
200.055
200.3503
200.377575
200.4415
200.47665
200.669025
200.7093
200.7366
200.82285
200.950775
201.025625
201.155675
201.263475
201.489275
201.5322
201.621275
201.838725
201.8987
201.96145
202.024
202.067725
202.42835
202.472675
202.546225
202.590325
202.7544
202.850925
202.900975
202.936025
203.03515
203.27675
203.344375
203.45025
203.4563
203.5036
203.589325
203.66075
203.76065
203.83295
203.935475
203.9814
204.01205
204.046775
204.172125
204.2205
204.269675
204.491775
204.602175
204.792775
205.070925
205.165675
205.3242
205.485625
205.79125
205.890075
206.016825
206.226675
206.272725
206.3298
206.512875
206.669325
206.758975
206.97735
207.00595
207.018425
207.1465
207.253575
207.425825
207.433525
207.923125
207.956225
208.084625
208.226375
208.278775
208.329475
208.3812
208.6031
208.6983
208.755675
208.883225
208.955925
209.0667
209.155375
209.232875
209.309025
209.478175
209.58395
209.62375
209.69905
209.850125
209.92295
210.0411
210.106575
210.1753
210.3105
210.3659
210.43005
210.5049
210.602475
210.7377
210.826925
211.142725
211.168875
211.264325
211.308075
211.397825
211.425825
211.50645
211.61895
211.68815
211.748025
211.93905
212.046925
212.0646
212.155425
212.24605
212.3015
212.37985
212.556125
212.7119
212.80535
212.823275
213.064975
213.196825
213.26065
213.335125
213.3638
213.474675
213.581625
213.715325
213.77705
213.8746
214.0955
214.14215
214.20325
214.36245
214.4836
214.54475
214.58575
214.6961
214.794325
214.931975
214.94125
215.060625
215.160875
215.66485
215.6878
215.80665
215.871375
215.941075
215.951775
216.014775
216.1394
216.2093
216.321675
216.4637
216.508725
216.61025
216.72575
216.99685
217.25515
217.297875
217.38465
217.395125
217.727625
217.967975
218.078775
218.164825
218.313775
218.415875
218.493925
218.6779
218.736325
218.90025
218.946425
219.1155
219.37895
219.434075
219.566175
219.762375
219.770075
219.846775
219.92
220.0912
220.125425
220.162675
220.22015
220.357175
220.482925
220.512725
220.6165
220.673875
220.901525
220.912175
220.955775
221.0242
221.10445
221.1838
221.372725
221.4623
221.55535
221.62155
221.683625
222.01465
222.09245
222.141225
222.215325
222.26025
222.468075
222.558975
222.6237
222.7076
222.76915
223.003025
223.04565
223.076425
223.11705
223.161425
223.25425
223.355275
223.38635
223.493
223.5426
223.61405
223.6808
223.7975
223.944175
224.041775
224.07275
224.14275
224.191825
224.294875
224.3955
224.494
224.602825
224.91735
224.943525
225.090925
225.290925
225.322975
225.4454
225.62665
225.761425
225.7705
225.910075
225.945675
226.00645
226.3187
226.385175
226.419675
226.53145
226.791325
226.802675
226.88825
226.9689
227.16585
227.2488
227.32595
227.710625
227.72335
227.777425
227.8105
228.035625
228.089075
228.23755
228.341725
228.4059
228.5109
228.588275
228.652475
228.716975
228.7858
228.862825
228.866975
228.933175
229.003075
229.097925
229.437775
229.45005
229.483825
229.558475
229.67
229.689125
229.7305
229.821325
229.9872
230.03365
230.321325
230.662125
230.69735
230.786525
230.929325
231.284975
231.59265
231.6652
231.767125
231.802875
231.89075
232.045125
232.12465
232.289925
232.640575
232.71885
232.823425
232.8862
233.13455
233.14565
233.398775
233.471375
233.4803
233.709125
233.840825
233.878075
233.9464
233.986475
234.130475
234.230575
234.261025
234.330525
234.39825
234.4857
234.603125
234.6533
234.670475
234.709425
234.77275
234.9296
235.1283
235.259625
235.31775
235.467275
235.6054
235.630825
235.65825
235.6825
235.731775
235.8133
235.8928
236.02445
236.05595
236.109075
236.174075
236.2828
236.35305
236.5695
236.69205
236.7964
236.8548
237.007125
237.10825
237.23895
237.3326
237.3536
237.4404
237.6882
237.745525
237.7555
237.82995
237.95545
238.080475
238.175475
238.298925
238.435025
238.53625
238.567225
238.67865
238.7842
238.876325
238.933525
238.9676
239.03955
239.141075
239.18545
239.214575
239.3044
239.57305
239.6722
239.703925
239.77695
239.853075
239.947575
240.0561
240.0805
240.1481
240.2418
240.361125
240.396275
240.4462
240.48605
240.5667
240.733075
240.83545
240.861625
240.92815
241.022175
241.06465
241.144125
241.3537
241.414225
241.479525
241.573275
241.972925
241.986775
242.0413
242.1862
242.31525
242.3944
242.5324
242.569325
242.6753
242.785375
242.84475
242.9188
242.9783
243.0991
243.232025
243.29785
243.441525
243.5854
243.62385
243.65275
243.73175
243.88955
