5.7378
5.7583
6.97255
20.2133
27.088825
27.143375
28.43585
29.186175
29.220325
29.770075
31.08205
31.96925
39.03805
40.39605
44.06425
44.118925
44.8082
45.54605
48.12405
48.20655
49.065725
50.12915
54.403425
54.697025
54.873375
59.2761
63.24195
70.8654
72.253075
76.275125
76.61905
77.7461
78.2897
79.60275
84.710825
86.599375
87.716
94.2727
95.646275
97.15
97.210775
97.27305
97.292225
97.90885
98.0818
98.108975
99.298675
99.302975
99.595875
124.23375
138.12875
138.14485
149.659175
150.401075
150.41825
150.428825
150.43905
150.46635
150.502475
150.849625
150.85385
150.86235
150.86925
150.89
150.9091
150.94825
151.290475
152.0938
152.098775
152.106725
152.1965
152.939275
153.680125
153.906725
154.12095
154.3422
154.348325
154.35615
154.702225
154.7054
154.709075
154.71275
155.335575
156.2031
156.25125
157.8216
158.455425
159.065975
159.068925
162.428925
162.43265
162.461475
162.635925
162.830125
163.4351
164.658
164.66115
164.6667
166.94995
167.54665
169.270375
177.467175
178.08135
182.234575
182.751875
183.070075
183.423725
183.448525
183.61435
183.628625
183.66955
183.7015
183.80885
183.9395
184.19345
184.58055
185.2998
185.336775
185.579025
186.1236
186.14725
186.299425
186.337375
186.7457
186.75835
186.788625
187.4233
188.438725
188.459375
188.47115
189.55495
189.57225
189.933725
189.96605
190.439075
190.4622
191.04
192.1171
192.130125
193.166275
196.2433
196.460125
196.88045
197.254275
199.472625
203.6642
203.6677
203.8802
204.04825
204.412175
204.447725
204.6188
204.996975
205.590225
205.606325
205.633525
206.75825
213.161075
213.265875
214.2454
216.2696
216.363425
216.733125
216.865325
217.025325
217.110725
217.4129
217.428925
217.4452
217.45975
217.4645
217.471775
217.4782
217.48435
229.17865
229.18225
229.1868
229.76355
229.774175
229.794575
229.847175
230.2993
230.874625
231.538375
232.1288
233.775025
233.7806
236.699825
240.860825
