0.209475
0.349375
0.528675
0.545525
0.54845
0.563125
0.589925
0.757
0.7677
0.812575
0.8416
3.2926
3.6115
3.936725
4.690225
4.7592
5.792825
5.923225
5.988425
6.012375
6.021825
7.288025
8.04165
8.588925
8.6303
10.6183
10.6515
10.959225
11.6699
12.654475
12.921075
13.2622
13.989125
14.010025
14.183225
14.221175
14.226075
14.24995
14.348575
14.872975
15.5582
15.8781
16.627125
16.70825
20.255925
22.55875
22.859775
23.792725
24.1068
24.7971
24.81865
25.0073
25.028825
25.049575
25.068475
25.0994
25.13475
25.35735
25.47455
25.868525
25.9403
25.957175
25.9713
26.004675
26.0229
26.100175
26.12895
26.149125
26.183425
26.3542
26.38165
26.3961
26.4183
26.4279
26.435875
26.4661
26.478625
26.53155
26.633325
26.66845
27.2397
27.48555
27.749825
27.75865
28.093125
28.15455
28.373575
28.449375
28.5105
28.675975
28.780975
28.80915
28.8416
28.8835
29.00085
29.044325
29.05765
29.0668
29.239
29.347375
29.38535
29.4744
29.4957
29.530475
29.569225
29.826175
29.8519
29.881
29.884125
29.8952
30.299725
30.30785
30.310475
30.4777
30.5909
30.734725
30.76
30.8901
30.951
31.004425
31.035625
31.0594
33.5997
34.649125
34.96975
35.0023
35.327075
36.41235
36.7443
37.09925
37.11885
37.167
37.4438
37.46115
37.78145
37.81085
37.844475
38.12285
38.54525
39.307775
39.683075
41.118175
42.09875
42.474175
42.732725
43.049025
43.41555
43.720625
44.73755
46.0608
46.9384
46.966525
47.305975
47.6397
47.672
48.04145
48.6164
48.695825
48.976725
49.039625
49.378425
49.402975
50.0102
50.3301
50.379175
50.41605
50.710075
50.722725
50.729125
50.923725
50.939175
50.943075
50.952125
50.97345
50.99405
51.011925
51.055225
51.18385
51.211225
51.531375
51.689075
51.747625
51.769475
53.66055
54.422225
54.707625
54.75055
55.0476
55.087575
55.717725
56.02385
56.364025
56.3914
56.4222
56.693525
56.728375
57.028025
57.07395
57.099025
57.117875
57.394875
57.446025
57.4636
57.723375
58.118225
58.4122
58.417575
58.883875
59.20695
60.037975
60.08015
60.375625
60.72655
61.07475
61.0991
61.609075
62.351675
62.44705
62.4809
62.8028
63.213625
63.48155
63.53175
63.7779
63.836925
64.1786
64.5541
64.95425
65.215625
66.281875
66.618375
66.6584
66.67005
66.712725
66.733575
66.84725
66.874375
66.9287
66.941825
66.97705
67.1161
67.15035
67.18515
67.206275
67.219325
67.233975
67.2389
67.260275
67.939075
68.24485
68.598875
68.65685
68.68895
68.717775
68.735725
69.07605
69.387025
69.404025
69.67945
70.027675
70.3548
70.4062
70.83025
70.845475
70.863725
71.112625
71.162675
71.462725
71.81825
72.160975
72.197925
72.449275
73.065275
73.845325
74.19315
74.527225
74.84985
75.21865
75.407275
75.462
75.555375
75.58345
75.5966
75.64125
75.9124
75.989925
76.5548
76.5856
76.9232
77.300625
77.60865
77.905375
77.94305
78.758625
79.23765
79.502675
80.25275
80.281
80.562925
80.61005
80.98035
81.361875
81.7222
81.741525
81.764675
81.98455
82.04725
82.39795
82.4601
82.49315
82.8136
83.15095
83.467025
83.799975
83.805725
84.192175
84.22455
84.89525
85.230025
85.257675
85.2924
85.82375
86.12365
86.488775
86.804
86.868475
86.969025
88.413
88.740375
89.307325
89.3536
89.58565
91.38105
91.690725
91.7017
92.08105
92.7729
92.812275
93.104275
93.1392
93.165225
93.85205
94.191975
94.231125
94.8318
95.0798
95.091275
95.09795
95.1086
95.11715
95.1592
95.248375
95.6469
95.701475
95.725
95.758575
95.775325
95.7883
96.172025
96.3382
96.342875
96.350625
96.3579
96.360525
96.382825
96.40535
96.701975
97.19485
97.218325
97.2535
97.28085
97.440975
97.452
97.476475
97.497525
97.5124
97.533425
97.550975
97.56485
97.5829
97.5888
97.74425
97.7993
97.814425
97.8323
97.837675
97.882225
99.009575
99.0347
99.058975
99.123825
99.205075
99.268925
99.280725
99.292125
99.313775
99.3657
100.222525
100.55835
101.381425
101.400625
101.7277
102.0475
102.168475
102.202975
102.243375
102.274525
102.289375
102.299625
102.3782
102.722725
103.012325
103.7879
104.16855
104.568075
104.8283
104.907825
105.2364
105.53665
105.90985
105.9406
106.20285
106.244975
106.5364
106.59535
106.740775
106.791175
106.834825
107.015175
107.7802
108.431
108.48765
108.4954
108.54425
108.62715
108.654
108.66315
108.673425
108.677175
108.71255
108.72265
108.73185
108.753775
108.788825
108.859075
108.884925
108.89255
108.903725
108.95625
109.06565
109.1026
109.122125
109.1638
109.18285
109.22475
109.305375
109.3227
109.33045
109.33495
109.34125
109.34495
109.420125
109.472
109.5412
109.55735
109.57385
109.61875
109.62495
109.781075
109.815225
110.00205
110.015675
110.066825
110.43765
110.440525
113.13725
113.2609
114.94475
115.244575
115.3361
115.687425
116.3184
116.7528
116.835825
117.134175
117.187325
117.556025
117.582775
118.1984
119.486575
119.518125
119.733225
119.77515
119.80685
119.92265
119.943625
119.979425
120.6084
121.32365
122.479275
122.62575
123.0121
123.4367
124.08715
124.460775
124.51985
124.865925
124.8812
124.89995
125.636775
125.934725
125.9758
126.00965
126.0833
126.092975
126.16565
126.185425
126.21995
126.2669
126.587425
126.923275
128.1187
128.139525
128.265175
128.6813
129.0128
129.757925
130.12975
130.15035
130.17935
130.43725
130.971525
131.078675
131.3578
131.399225
131.4304
131.682175
132.02195
132.051725
132.107575
132.4001
132.43495
132.711925
133.22515
133.2321
133.53585
133.59375
133.90455
133.93965
134.840325
135.255725
135.2838
135.46815
136.74075
136.775425
137.068325
137.090175
137.357675
137.3895
137.4217
137.965
137.972425
138.026975
138.0648
138.110075
138.1426
138.17875
138.19175
138.21105
138.23325
138.275825
138.320475
138.347825
138.3654
138.372225
138.37535
138.4108
138.4213
138.4248
138.442775
138.481575
138.623
138.6447
138.675
138.68515
138.719
138.767975
138.894625
138.92055
138.9345
138.953025
138.960725
138.988025
139.0019
139.00705
139.868725
140.542425
140.802425
141.26575
141.28655
141.421175
141.716375
142.6645
142.680925
143.157
143.190375
143.8864
144.58305
144.87255
145.11045
145.210825
145.22395
145.2465
145.304675
145.360775
146.341675
147.18925
147.575925
147.878525
148.354775
148.556875
148.57685
148.581425
148.61715
148.64425
148.830125
148.84075
148.87395
148.907225
148.92435
148.93085
148.934825
148.948775
148.956625
148.9687
148.97845
148.9824
148.997125
149.0266
149.05465
149.062125
149.0735
149.209275
149.287025
149.377475
149.604275
149.606775
149.6091
149.681025
149.688
149.705575
149.733575
149.75795
149.777375
149.804075
149.8346
149.84485
149.873425
149.91945
150.000025
150.06095
150.1386
150.1956
150.682225
150.720275
150.729825
150.74895
150.776125
150.8975
150.926
150.94285
150.95705
150.973225
150.981775
151.0046
151.135325
151.232525
151.2895
151.347175
151.35975
151.37275
151.383025
151.414775
151.5945
151.72045
151.743225
151.87425
152.00245
152.09215
152.11615
152.14855
152.1683
152.441225
152.444275
152.450775
152.775175
152.84665
152.860275
152.8637
152.87285
152.933125
153.0131
153.16075
153.16615
153.25875
153.26995
153.285125
153.3
153.338275
153.3609
153.37775
153.386275
153.387075
153.403
153.41355
153.436375
153.704175
153.79585
153.992425
154.006725
154.059225
154.09195
154.243325
154.396925
154.43145
154.4671
154.496925
154.5864
154.795025
154.8042
154.910175
154.945025
154.9553
154.964625
154.97295
155.03675
155.0869
155.122775
155.342975
155.348625
155.444625
155.56235
155.584
155.5892
155.5935
155.5975
155.60185
155.605775
155.60995
155.6185
155.62285
155.64095
155.6455
155.649525
155.653575
155.65785
155.6674
155.6723
155.682575
155.692325
155.698175
155.7135
155.718475
155.723675
155.740875
155.7478
155.75355
155.75955
155.76875
155.774075
155.779925
155.7847
155.78985
156.049175
156.05195
156.0589
156.06595
156.117925
156.19555
156.272175
156.30185
156.42725
156.432575
156.43725
156.44185
156.446925
156.45245
156.458025
156.46375
156.4813
156.5348
156.539575
156.55285
156.57825
156.5928
156.597525
156.606825
156.624525
156.6359
156.640775
156.6465
156.651075
156.655425
156.664525
156.6691
156.67405
156.7106
156.7203
156.77135
156.776025
156.78025
156.8419
156.85765
156.86295
156.8673
156.872
156.9043
156.9113
156.918775
156.9298
156.9347
157.148075
157.154325
157.163875
157.1735
157.179075
157.1948
157.3983
157.40715
157.41665
157.42155
157.4261
157.43035
157.435175
157.439575
157.44825
157.46175
157.46605
157.503675
157.52825
157.749675
157.834525
157.858375
157.866625
157.874225
157.8957
157.9092
157.972425
157.977225
158.2054
158.210675
158.220725
158.271425
158.537775
158.540525
158.64615
158.6515
158.656175
158.665275
158.714125
158.92405
159.0273
159.18335
159.1888
159.21175
159.472775
159.482925
159.493975
159.715275
159.718575
160.02655
160.0297
160.27805
160.479125
160.802425
160.960725
160.97065
161.2915
161.386125
161.4118
161.587175
161.721875
161.730475
161.832625
161.854375
162.221875
162.47705
162.480225
162.48735
162.63545
162.6385
162.7598
162.929275
162.935525
162.94135
162.9469
162.962325
162.974175
162.99245
162.998725
163.0061
163.0377
163.0507
163.091875
163.0972
163.10185
163.106125
163.11025
163.1196
163.13195
163.14535
163.235375
163.263325
163.324025
163.367
163.413325
163.419225
163.632025
163.634725
163.643525
163.649075
164.09075
164.104025
164.23575
164.240975
164.24655
164.257075
164.28455
164.31145
164.4107
164.42255
164.562175
164.581325
165.203625
165.559875
165.71705
166.7547
167.1064
167.1185
167.124225
167.1356
167.1417
167.161575
167.24965
167.273075
167.365775
167.417975
167.4398
167.560475
167.5724
167.5888
167.8872
168.04965
168.47735
168.8558
168.862525
168.867675
168.872725
168.887475
168.896775
168.90195
168.9114
168.93305
168.9386
168.943025
168.9612
168.9662
168.9785
168.982525
169.040825
169.13225
169.213275
169.31135
169.438875
170.037775
170.3845
170.5421
170.810675
171.102225
171.153525
171.159125
171.17385
171.1782
171.207225
171.21165
171.25615
171.260625
171.289275
171.52345
171.644725
171.73605
171.77655
172.50715
172.54305
172.710225
173.00235
173.1979
173.2167
173.2231
173.2285
173.247375
173.26235
173.652925
174.0717
174.695225
175.11385
175.544825
175.93885
176.323925
182.80665
182.85165
184.2015
184.496525
185.497325
186.390625
186.501475
187.4497
187.672075
187.786625
188.4606
188.4877
188.4919
188.5279
188.5563
188.58445
188.597775
191.229575
191.3695
191.463175
193.0165
193.90655
194.652925
194.776425
195.521925
196.2457
202.425925
202.4706
202.611625
202.715175
202.75305
202.79565
202.891025
202.928425
203.4903
203.777625
203.927375
204.077875
204.309225
204.671125
205.115475
205.4007
205.4342
205.725975
206.25535
206.505
206.716075
206.718725
207.03985
207.16845
207.31545
213.14155
214.205975
215.1467
215.192325
215.305625
216.0097
216.1835
216.28225
216.298
216.4195
216.461925
216.58975
216.89425
217.230925
217.689575
217.693075
217.71675
217.936425
218.794875
218.995625
219.02645
219.2596
219.2844
219.4462
219.6074
221.983525
222.76475
222.958875
223.07325
223.174275
223.5966
223.974075
224.071075
224.164075
224.209575
224.290025
225.280075
225.603925
227.449425
228.884775
228.91155
228.928475
228.962425
229.208025
229.3404
229.38715
229.45845
229.476525
229.500675
229.55645
229.606325
229.636325
229.80965
230.081375
230.595525
230.894725
230.9312
231.2598
231.5294
231.7172
231.749175
231.78385
232.063725
232.228925
233.3983
233.58555
233.73335
233.75225
233.9325
233.95755
233.998725
234.17135
234.52065
234.5463
234.571875
234.589425
234.60345
234.846325
235.123025
235.18875
235.2776
235.4462
235.598675
235.623875
236.830325
239.461175
239.68175
239.99055
240.27205
240.3882
240.667325
240.804025
240.842875
240.962825
241.292625
241.499725
241.615675
241.755525
241.8308
242.337125
242.5693
242.727675
242.796175
243.0877
243.33105
243.36315
243.438075
243.872325
