0.416625
1.00105
1.004775
1.407975
1.411025
1.4148
1.922
1.9261
2.071675
3.2075
3.21045
3.213575
3.217225
3.222675
4.5972
4.99945
8.309775
8.315025
8.363625
8.387525
8.406125
8.429975
9.682425
9.685475
9.68875
10.2659
10.26925
10.273025
10.2889
10.296825
12.732625
13.09115
14.1508
14.1559
14.633575
15.21985
15.22315
15.683
15.835075
16.4246
16.429375
16.433125
16.439725
17.199775
17.204525
17.547625
17.551025
17.5547
17.556375
17.55905
17.5651
17.695725
17.7246
18.85665
18.859575
18.862475
18.866175
18.867375
19.66275
19.670225
22.140975
22.726025
22.72995
23.114225
24.1193
24.1229
24.12695
24.132575
25.453975
25.45735
25.461025
26.7054
26.728
27.5787
27.581475
27.584275
27.58795
27.71915
28.9438
28.94955
28.9543
28.960175
28.9672
28.977625
28.979475
28.9978
29.255425
29.258775
29.2626
29.76425
29.767175
29.770525
29.77455
31.88735
31.891475
32.9371
32.9495
32.956325
32.969525
33.0838
33.132575
33.8904
33.893975
33.898
33.909875
35.1388
35.6639
35.667125
35.670925
35.8189
35.823775
37.278475
37.2818
37.2855
37.292325
37.606275
37.653875
37.65705
37.661075
38.05665
38.274275
38.6778
39.251125
39.258225
39.26295
40.0958
40.099725
40.606575
40.61005
41.03845
41.0421
42.603225
42.6066
42.6104
43.287025
43.8061
43.810125
45.146375
45.3958
45.419625
45.4764
45.4879
46.4802
46.485325
46.4905
47.002425
47.006375
48.8543
48.857625
48.86125
49.5197
50.46515
50.4678
50.47425
50.9553
50.9614
50.96585
51.773575
52.530125
54.542825
55.43375
55.4384
55.609275
56.627325
56.630675
56.63425
56.63925
58.048025
58.0515
58.05625
58.7123
58.756075
58.7931
58.89865
58.9065
58.9152
58.987475
58.995125
59.021475
59.0283
59.035325
59.0412
59.61645
59.6209
59.625975
59.851475
60.262
60.271475
60.3137
60.57135
60.5745
60.58335
61.061475
61.06445
61.067925
61.072575
62.724525
62.72875
63.554125
64.33405
65.00025
66.344925
66.348
66.351675
66.355975
66.363925
66.428875
67.5979
68.520075
70.06945
70.074025
70.446825
73.363375
73.3667
75.073
77.28925
79.6776
79.971875
79.9738
79.992775
80.000925
80.062
80.068275
80.07555
80.5738
80.907075
81.162825
81.3269
81.8248
81.82845
81.8325
81.834975
83.22075
83.6278
84.4799
84.864375
85.838375
86.1087
86.1768
86.18555
86.210675
86.775375
87.2374
87.254025
87.673125
87.678125
88.055925
88.544225
88.81995
88.831725
89.436625
90.3143
90.44525
90.452525
90.46115
90.53795
90.546075
90.5517
90.5588
90.56365
90.56915
90.5824
90.589625
90.59865
90.612
90.6191
90.62095
91.33185
91.8987
91.9719
92.1505
92.1607
92.41175
92.425425
92.497175
92.5092
92.8211
93.21155
93.51715
93.60605
93.633625
94.5697
95.034375
95.2619
95.5001
96.49115
96.8584
96.94675
97.703275
97.709775
99.123675
99.14535
99.150025
99.154575
99.339625
99.630875
100.285375
100.2896
100.487075
100.56255
101.3553
101.36895
102.023775
102.410825
102.5291
102.67015
104.163975
104.9349
104.9397
106.578775
106.5824
107.5294
107.57595
107.5799
108.414325
108.418975
108.424825
108.466175
108.79315
108.797675
109.297425
109.33925
109.346075
109.353525
109.359675
109.36615
109.3735
110.341275
110.34625
110.75935
110.76665
110.774225
110.805725
111.316075
111.318925
111.32235
111.7362
111.745775
111.834525
112.44745
114.080425
114.085175
114.7932
114.81925
114.981875
115.61485
115.94825
116.0466
116.22725
117.4601
117.463675
118.131825
119.169425
119.173
119.17795
119.475475
119.479125
119.4838
120.044
120.2661
120.3262
121.1048
121.11065
121.114575
122.01495
122.018375
122.02825
122.565725
122.568975
122.572725
122.8943
123.806725
123.809925
123.814425
124.366375
124.95945
124.96285
124.967275
126.090775
126.4045
127.38145
127.3847
127.38895
127.475325
128.812575
130.411275
130.4528
131.440975
131.81135
131.81465
131.8182
132.734525
133.3671
133.69105
133.694
135.034875
135.04
135.0443
135.794925
135.799475
136.078225
137.915925
137.921225
138.6917
139.131625
139.162575
139.2311
139.69065
139.69725
140.8265
140.830875
140.836425
141.660475
141.665025
141.7788
141.790375
142.514675
142.51845
144.052
145.762725
145.766075
145.77055
147.8129
147.821225
148.4297
149.24355
149.247325
149.77505
150.301825
150.3048
150.307975
150.31225
150.871475
152.624075
152.628875
152.898325
153.3369
153.34045
155.907725
156.6485
156.952125
157.99885
158.004
158.438025
158.441775
158.446625
159.48885
159.4924
160.5985
160.603575
161.4201
161.423175
161.426475
161.43105
162.361075
162.365225
163.818425
163.821625
163.8229
163.8255
164.11755
165.12355
165.129675
165.429375
165.6268
167.29325
167.31545
170.280575
170.2862
171.073325
171.107475
171.129675
172.013675
172.02245
173.21025
173.2146
173.673575
173.680775
173.689225
174.132475
174.139125
175.4113
175.415375
175.878
175.88105
177.324425
177.3285
178.09755
178.1007
178.104275
178.838275
178.842575
179.59215
179.5955
179.599375
180.0627
180.437675
180.441475
181.764075
183.275075
183.553825
183.611975
184.54325
184.546425
184.550175
184.557875
184.8798
186.009675
186.013
186.017225
186.533875
186.5381
187.5148
187.519
188.03355
188.0632
189.30535
189.318575
189.830025
189.833425
189.837425
190.419
190.422825
191.974125
191.977475
191.9817
192.886025
193.128375
193.132175
193.137125
193.80075
194.2589
194.46435
195.18985
195.19645
195.7781
197.1267
197.24025
197.4903
197.73105
197.765
197.773575
198.15285
198.15545
198.161625
198.615725
198.619
198.62345
199.183725
199.5837
199.590525
200.07005
200.513575
201.469175
202.570875
202.57385
202.5773
203.106075
203.53045
203.535
204.1523
204.157975
204.29385
204.355
204.362125
204.748875
205.22245
205.2295
205.24865
205.273875
205.561575
206.168125
206.171325
206.175375
207.386875
207.3901
207.394125
208.50495
211.398875
211.41045
212.4642
213.140975
213.43865
213.9889
213.9923
213.996275
214.4878
214.493125
