0.037925
0.214525
0.273975
0.358075
0.4243
0.461575
0.51285
0.60685
0.890525
0.973125
1.065425
1.1262
1.2533
1.3866
1.41215
1.60335
1.63785
1.738925
1.791125
1.8935
1.9228
1.978075
2.05545
2.138
2.21715
2.261575
2.36375
2.39
2.459625
2.522575
2.58005
2.73955
2.863875
2.90195
2.9871
3.04705
3.053225
3.10235
3.210425
3.24455
3.314225
3.465425
3.530625
3.568275
3.71135
4.007925
4.068425
4.137975
4.210075
4.2467
4.3256
4.63335
4.6743
4.76145
4.949275
5.0455
5.10185
5.1316
5.3389
5.40575
5.441475
5.54235
5.651975
5.77995
5.926175
5.984775
6.093
6.140875
6.1739
6.209975
6.2522
6.334275
6.401325
6.4671
6.5057
6.54845
6.566525
6.598325
6.62955
6.677775
6.723775
6.77045
6.826825
6.91005
6.965575
7.00895
7.113175
7.2492
7.3078
7.4668
7.63715
7.70035
7.74965
7.851275
7.97615
8.0401
8.167325
8.306925
8.3277
8.34785
8.426625
8.46015
8.5453
8.637725
8.68685
8.76455
8.852025
8.8801
8.977475
9.0478
9.0922
9.2258
9.3103
9.467575
9.52865
9.56955
9.611275
9.69795
10.103325
10.21675
10.312125
10.355225
10.4367
10.473325
10.57605
10.64955
10.731975
10.7714
10.818775
10.8978
10.986475
11.1734
11.213225
11.32895
11.379775
11.417175
11.4394
11.4877
11.7818
11.8548
11.964775
12.09755
12.143125
12.198625
12.22095
12.295775
12.422075
12.5107
12.54545
12.5706
12.64375
12.71555
12.777825
12.821725
12.87415
13.002025
13.13725
13.1847
13.2423
13.2773
13.400025
13.4448
13.5123
13.614425
13.67705
13.708875
13.75965
13.8793
13.967
14.07985
14.108725
14.14785
14.195825
14.247775
14.291125
14.343275
14.42165
14.578675
14.62525
14.731225
14.7827
14.819075
14.83965
14.884875
15.1792
15.2066
15.231875
15.3538
15.394275
15.66535
15.919375
15.985825
16.127825
16.2965
16.4292
16.5198
16.5475
16.625975
16.670675
16.801075
16.85495
16.904075
16.998125
17.164675
17.513225
17.546725
17.57255
17.634275
17.890525
17.9344
18.42835
18.506875
18.878025
19.205125
19.579825
19.81325
19.889275
19.972275
20.22255
20.38055
20.443325
20.54845
20.58315
20.6443
20.7167
20.7709
20.82665
20.85905
20.931025
20.94555
20.988275
21.347375
21.42735
21.459525
21.53235
21.575775
21.61605
21.657175
21.69545
21.73575
21.79705
21.916375
22.10405
22.22295
22.3641
22.7222
22.7926
23.113325
23.209025
23.24095
23.29195
23.3771
23.52945
23.6216
23.8379
23.909325
23.97365
24.063125
24.196625
24.276925
24.415225
24.43485
24.437025
24.448625
24.46325
24.518625
24.5419
24.590325
24.6449
24.7338
24.99065
25.248225
25.27435
25.345425
25.42085
25.4489
25.486075
25.575
25.673175
25.717525
25.751175
25.80835
25.95545
25.980775
26.0294
26.074625
26.12195
26.2192
26.327
26.50615
26.58375
26.643525
26.758625
26.863325
26.884075
26.913425
27.01815
27.115875
27.218925
27.286525
27.388
27.4515
27.604725
27.7914
27.9068
28.0602
28.102875
28.1654
28.2132
28.2735
28.302675
28.326475
28.53605
28.5893
28.655975
28.7156
28.77945
28.840175
28.891475
28.948975
29.016675
29.195325
29.233775
29.29115
29.361975
29.437575
29.492875
29.5542
29.6083
29.72595
29.827675
29.857075
30.000625
30.084125
30.26895
30.303175
30.3487
30.3774
30.500275
30.542475
30.59925
30.65305
30.7237
30.79165
30.82825
30.909825
30.979525
31.065
31.14805
31.1777
31.206575
31.242025
31.2988
31.357575
31.400325
31.444725
31.530625
31.57715
31.644975
31.688575
31.71355
31.7517
31.80315
31.9943
32.04595
32.19445
32.261325
32.298675
32.3503
32.3841
32.431075
32.5554
32.7002
32.784775
32.8201
32.842425
32.9371
32.9584
32.99485
33.20795
33.27245
33.313775
33.3607
33.456875
33.525875
33.576425
33.931675
33.983425
34.075125
34.1424
34.20995
34.28405
34.3108
34.3707
34.39875
34.450075
34.5065
34.65345
34.84265
34.95765
34.991075
35.01485
35.048675
35.089675
35.470725
35.563475
35.5645
35.6673
36.26965
36.287925
36.2998
36.3251
36.359725
36.532325
36.72855
36.831625
36.85175
36.879225
36.902525
37.03635
37.0963
37.178275
37.220725
37.30555
37.456475
37.513075
37.608725
37.66
37.74545
37.779975
37.807425
37.865225
37.866725
37.944225
38.055825
38.249075
38.292
38.46515
38.59095
38.628375
38.653525
38.7034
38.7727
38.9746
39.29835
39.34
39.385625
39.407075
39.528975
40.071875
40.14595
40.6561
40.6879
40.74425
40.795525
40.9332
40.985625
41.075075
41.248075
41.2867
41.306075
41.31375
41.3277
41.4029
41.4469
41.5554
41.85325
41.971025
41.9963
42.013625
42.0747
42.127275
42.20545
42.28275
42.451225
42.4961
42.591175
42.696675
42.7979
42.939925
43.02705
43.045525
43.112875
43.13835
43.143325
43.1836
43.323525
43.538075
43.657925
43.7736
43.961325
44.037075
44.285125
44.337125
44.42145
44.5031
44.6749
44.707925
44.923475
44.972875
45.0576
45.103875
45.222775
45.28315
45.3334
45.378475
45.3939
45.39505
45.40455
45.551475
45.65295
45.67975
45.78405
45.84045
45.890775
46.104225
46.15565
46.218375
46.275725
46.441625
46.49165
46.5973
46.671425
46.7716
46.860375
46.9752
47.090225
47.132075
47.19445
47.2292
47.336225
47.48875
47.5862
47.653675
47.667725
47.6809
47.748975
47.847675
48.013225
48.084125
48.16415
48.2037
48.3954
48.452625
48.470175
48.484775
48.801775
48.960325
48.9906
49.0681
49.138025
49.406175
49.4709
49.582975
49.61955
49.650425
49.697525
49.80265
49.8637
49.907325
49.976275
50.006025
50.039375
50.0767
50.137725
50.266375
50.32605
50.3576
50.400875
50.5589
50.649275
50.68855
50.771325
50.8235
50.92425
50.958675
51.02805
51.09765
51.15395
51.3251
51.365425
51.525375
51.793475
52.037475
52.102
52.16175
52.4251
52.607225
52.683125
52.868325
53.22155
53.25455
53.284575
53.3389
53.5469
53.629525
53.730975
53.80605
54.13085
54.297925
54.32325
54.569775
54.617575
54.677075
54.707875
55.0125
55.23775
55.292025
55.356375
55.424725
55.595375
55.62095
55.656725
55.6848
55.707725
56.362975
56.4186
57.049325
57.087175
57.20795
57.320775
57.578925
57.651
57.7111
57.774875
58.0383
58.100925
58.12845
58.156075
58.37995
58.416825
58.45795
58.4587
58.580825
58.630575
58.7051
58.809375
58.86695
58.880975
58.966425
59.03015
59.182675
59.358275
59.450275
59.494825
59.5962
59.649825
59.7025
59.7674
59.821775
59.92425
59.957075
60.002875
60.107125
60.26045
60.2968
60.339625
60.379375
60.50965
60.527325
60.61365
60.68715
60.84295
60.897425
61.137475
61.30425
61.3239
61.3496
61.363325
61.4599
61.651925
61.761425
62.0431
62.175225
62.225425
62.447875
62.550225
62.648775
62.927825
63.0404
63.055475
63.094325
63.23965
63.464675
63.656125
63.713675
63.77585
63.891425
63.9177
64.0101
64.220425
64.24115
64.36225
64.36395
64.4613
64.513025
64.65085
64.971975
64.9905
64.9946
65.016225
65.0382
65.06545
65.179925
65.23135
65.380725
65.454625
65.52735
65.621175
65.7338
65.82805
66.00585
66.08325
66.1659
66.415525
66.66075
66.794425
66.826525
66.897775
67.089475
67.1905
67.290325
67.4114
67.431675
67.5948
67.68165
67.74475
67.771925
67.817775
67.8896
67.9639
68.007925
68.0531
68.07935
68.177075
68.29865
68.501825
68.5275
68.54205
68.5552
68.6011
68.644325
68.843875
68.89725
68.94865
69.005075
69.119175
69.197775
69.271075
69.32045
69.349775
69.38165
69.493925
69.59245
69.648725
69.715375
69.949525
70.06165
70.1669
70.49975
70.619475
70.67625
70.770525
70.86475
70.925775
71.0163
71.408075
71.456725
72.038325
72.06005
72.1302
72.35295
72.384625
72.43965
72.52075
72.6086
72.67705
72.70545
72.756125
72.88445
73.113075
73.157525
73.26935
73.325025
73.347625
73.408525
73.480375
73.544
73.757
73.7829
73.884625
73.986225
74.0891
74.22415
74.320025
74.440625
74.4732
74.5726
74.6038
74.712725
74.786375
74.83425
75.0018
75.03625
75.062675
75.112125
75.266075
75.35815
75.418025
75.513075
75.618225
75.657525
75.706075
75.8085
75.936375
76.259125
76.34535
76.53435
76.67825
76.916875
77.0313
77.084175
77.104275
77.194525
77.21615
77.272125
77.508925
77.556425
77.624325
77.665175
77.7452
77.828025
77.8944
77.921775
77.94615
77.986475
78.0165
78.049125
78.08715
78.141475
78.253925
78.343975
78.5474
78.6062
78.69965
78.785
78.84885
78.89365
79.00335
79.040775
79.090675
79.1298
79.21175
79.266
79.3507
79.387125
79.407925
79.445125
79.48645
79.532125
79.565025
79.66925
79.683575
79.6909
79.751125
79.784525
79.856475
79.889775
79.932075
79.974625
80.00195
80.073625
80.192525
80.221225
80.30685
80.413
80.47645
80.5271
80.615775
80.7266
80.8719
80.90985
80.949775
80.97645
81.03035
81.06885
81.132025
81.16885
81.201275
81.248875
81.304525
81.3427
81.3739
81.4746
81.513925
81.608975
81.64115
81.70805
81.76335
81.85415
81.8874
81.917325
81.94605
82.022925
82.15965
82.193625
82.256775
82.311925
82.382575
82.439625
82.47805
82.537025
82.557475
82.5784
82.617425
82.747175
82.795675
82.845325
82.885125
82.90665
82.963475
83.055725
83.08815
83.11995
83.182225
83.2476
83.297125
83.49215
83.56245
83.604175
83.63655
83.690475
83.72095
83.7748
83.798325
83.8161
83.845475
83.92455
83.9407
83.954875
83.96595
84.0001
84.05715
84.0835
84.117225
84.158825
84.17
84.212175
84.23935
84.245675
84.26835
84.29845
84.3749
84.428075
84.455125
84.4937
84.5733
84.60425
84.6391
84.683625
84.709825
84.7514
84.801775
84.830475
84.835875
84.87005
84.933525
85.00465
85.02375
85.03405
85.078725
85.11805
85.154175
85.230825
85.258875
85.2839
85.306875
85.329
85.3711
85.39715
85.441
85.4719
85.50295
85.553325
85.586425
85.625725
85.68775
85.793025
85.8437
85.852925
85.866125
85.93735
86.007025
86.04075
86.057025
86.0817
86.117075
86.16125
86.206325
86.22055
86.29165
86.338425
86.377025
86.413675
86.47125
86.514325
86.54715
86.557725
86.58925
86.6466
86.703675
86.79675
86.837375
86.886575
86.924425
86.97545
87.043075
87.0751
87.1067
87.155375
87.181675
87.233375
87.255075
87.305725
87.3825
87.396225
87.452725
87.4975
87.549075
87.5852
87.634525
87.6661
87.707475
87.811625
87.8413
87.875525
87.91835
87.9276
87.954175
87.9864
88.014075
88.069825
88.1016
88.183725
88.233775
88.2632
88.2973
88.37765
88.46895
88.528675
88.582525
88.620975
88.632675
88.7216
89.003175
89.145325
89.43925
89.495125
89.845775
89.86255
89.873525
89.8798
89.891925
89.912575
89.9269
90.120875
90.169375
90.195675
90.21055
90.2684
90.3415
90.3771
90.40765
90.508475
90.571925
90.65195
90.73855
91.27605
91.827475
92.39195
92.5099
92.623825
92.929625
92.981975
93.17685
93.2629
93.295675
93.5041
93.7767
93.9682
94.07985
94.11245
94.184475
94.280675
94.3451
94.591425
94.770875
94.911275
95.11255
95.21025
95.26555
95.322625
95.36995
95.37165
95.517725
95.58735
98.7546
99.214125
100.226875
100.297675
100.80215
101.0911
101.1335
101.180825
101.294875
101.325275
101.33845
101.3741
101.459575
101.50825
101.616225
101.6785
101.834
101.85785
102.04205
102.216675
102.258375
102.2947
102.31545
102.37215
102.461325
102.54105
102.7013
102.81615
102.875425
102.9188
102.957775
103.018325
103.0782
103.1502
103.392775
103.8162
103.991425
104.067075
104.12295
104.12915
104.21895
104.262275
104.411725
104.445025
104.477225
104.49885
104.597625
104.720425
104.85755
104.959875
105.0912
105.19985
105.254475
105.3045
105.389175
105.4329
105.544
105.59215
105.665075
105.7118
105.7345
105.806625
105.9628
106.008125
106.152475
106.2766
106.345425
106.74345
106.90595
107.162975
107.241925
107.3208
107.446325
107.514675
108.09245
108.336675
108.387375
108.435375
108.45485
108.490925
108.79315
109.064775
109.167775
109.360625
109.463875
109.552575
109.703225
109.76205
109.8088
109.843075
109.9406
110.10175
110.164425
110.4712
110.506575
110.55425
110.571175
110.66395
110.7493
110.7855
110.824275
111.04965
111.25175
111.33585
111.3929
111.525525
111.658675
111.696375
111.836225
111.90565
112.083925
112.123825
112.414875
112.5338
112.661125
112.74045
112.890525
113.13015
113.26795
113.436825
113.46665
113.5262
113.596075
113.775375
113.8257
113.85425
113.883975
113.9246
113.941775
113.99645
114.03745
114.128525
114.190675
114.257725
114.30625
114.345725
114.389025
114.465825
114.53525
114.55845
114.682125
114.7069
114.7217
114.73745
114.7817
114.977125
115.1432
115.1899
115.417725
115.777975
115.8269
115.886875
116.064325
116.16935
116.208375
116.4244
116.486325
116.64675
116.71655
116.82435
116.993475
117.035275
117.0732
117.481825
117.893475
117.961125
117.983775
118.070775
118.1247
118.458175
118.54245
118.680775
118.791525
118.9815
119.164225
119.376
119.45745
119.51055
119.6825
119.728875
119.731475
119.79945
120.132925
120.2253
120.32115
120.410325
120.5825
120.6954
120.793775
120.8427
121.08995
121.107
121.15255
121.2765
121.399825
121.53515
121.66905
121.7889
121.843425
122.043825
122.122375
122.298325
122.45205
122.580075
122.603
122.622325
122.75445
122.8966
122.97265
123.031775
123.137025
123.213625
123.315325
123.355925
123.46
123.530325
123.60845
123.6692
123.805175
123.8453
123.906525
123.962875
124.1408
124.221675
124.341925
124.464425
124.56115
124.796275
124.9346
125.011175
125.266775
125.385575
125.43015
125.79385
125.8868
125.99045
126.049225
126.084875
126.16185
126.414525
126.635875
126.979375
127.2482
127.3612
127.437475
127.498925
127.657975
127.789825
127.8467
127.940825
128.023225
128.358825
128.38025
128.585
128.91205
129.42945
129.5478
129.585675
129.64125
129.9674
130.2606
130.557425
130.88835
131.088775
131.639475
132.04965
132.074725
132.470825
132.72975
132.82005
132.928625
133.033425
133.078025
133.2525
133.37935
133.46195
133.51135
133.594275
133.759225
133.7913
133.809675
133.87115
133.95095
134.074925
134.15145
134.219625
134.284425
134.356975
134.461875
134.6136
134.691175
134.715425
134.788675
134.831875
134.8858
134.892725
134.94025
135.0116
135.075425
135.12645
135.189925
135.238075
135.33645
135.4329
135.785675
135.848975
135.997975
136.0561
136.0636
136.111025
136.325075
136.466925
136.5362
136.635925
136.76605
136.909425
137.0029
137.10165
137.15215
137.221675
137.294275
137.3378
137.411775
137.493175
137.53425
137.57375
137.6279
137.693075
137.755425
137.804525
137.871475
137.977
138.02035
138.053675
138.07425
138.158425
138.3171
138.362625
138.451125
138.619225
138.815125
138.867125
138.926175
138.97985
138.99545
139.03385
139.0907
139.184675
139.236825
139.38255
139.408
139.409425
139.4882
139.598175
139.661275
139.759075
139.801275
140.191625
140.365325
140.474925
140.567
140.699425
140.761775
140.838425
140.89535
140.995575
141.059725
141.17195
141.233725
141.350825
141.605725
141.653375
141.7607
141.892825
141.94745
142.0304
142.07005
142.132575
142.4644
142.5274
142.586475
142.6359
143.0494
143.158825
143.44495
143.527225
143.6794
143.847525
143.937425
144.024675
144.19995
144.288275
144.3687
144.51715
144.56755
144.61235
145.10085
145.1334
145.2142
145.27135
145.32165
145.42065
145.491425
145.546175
145.65695
145.89125
145.9744
146.049425
146.0797
146.08315
146.122225
146.317225
146.3961
146.45325
146.56585
147.050575
147.270775
147.3832
147.500175
147.839325
147.868125
147.878225
148.216125
148.369425
148.45415
148.4958
148.78065
148.803675
148.855025
148.871275
149.07705
149.218925
149.2389
149.310175
149.509675
149.806075
149.89065
150.320525
150.423125
150.531
150.735475
150.823225
150.864475
150.9833
151.008475
151.21085
151.366825
151.3957
151.4558
151.537075
151.57135
151.638375
151.8089
151.911275
151.97275
152.02545
152.084625
152.117275
152.158025
152.194125
152.334575
152.41075
152.5848
152.646925
152.660725
152.66295
152.669
152.7414
153.160025
153.26815
153.32455
153.35375
153.42245
153.502675
153.5705
153.656
153.728175
153.757675
153.819475
153.9873
154.081025
154.13705
154.189675
154.2199
154.27265
154.321925
154.4154
154.481875
154.534825
154.577725
154.6367
154.708125
154.7284
154.80825
154.8789
154.9041
154.9521
155.0182
155.11165
155.212125
155.3493
155.51065
155.604325
155.643725
155.80555
155.8601
155.9378
155.9701
156.020625
156.0605
156.2207
156.36815
156.4656
156.6314
156.6648
156.730725
156.8434
156.884825
156.964225
157.0414
157.294425
157.386125
157.414575
157.460125
157.560975
157.61195
157.724325
157.816
157.9033
158.1745
158.404225
158.86885
158.9597
159.12265
159.184925
159.2089
159.292625
159.3761
159.455725
159.505175
159.764375
159.813875
159.839375
159.849
159.8672
160.1559
160.437425
160.606775
160.81225
160.8597
161.100475
161.282175
161.4522
161.56855
161.643175
161.9381
162.139475
162.230725
162.258425
162.487375
163.022175
163.443375
163.53775
163.6089
163.65215
163.701
163.825225
164.007225
164.02895
164.064925
164.1844
164.270925
164.323575
164.365775
164.4255
164.5196
164.572925
164.64345
164.701175
164.81055
164.87305
164.9665
165.08675
165.201325
165.2605
165.35095
165.39405
165.4431
165.45775
165.478225
165.6416
165.80245
165.8575
165.982925
166.044575
166.111275
166.429675
166.46725
166.58665
166.738175
166.805575
167.0016
167.2162
167.27035
167.34655
167.413575
167.4534
167.75505
168.1507
168.225525
168.370125
168.4767
168.554825
168.6226
168.651375
168.700825
168.83585
168.930175
169.044725
169.1789
169.19965
169.247175
169.46035
169.582125
169.692725
169.747975
169.82545
169.877
169.87865
170.020875
170.147225
170.2421
170.295825
170.3914
170.4951
170.76325
170.919425
170.971225
170.98975
171.129575
171.243725
171.475775
171.58965
171.90345
171.988975
172.02315
172.128775
172.238275
172.323425
172.385125
172.468025
172.537275
172.617
172.84535
172.91035
172.955525
173.040375
173.0965
173.32215
173.362575
173.4542
173.480275
173.5375
173.6174
173.90125
173.969225
174.051075
174.153325
174.379975
174.65725
174.8042
174.898825
174.95015
175.2617
175.56815
175.728825
175.78865
175.848
176.095125
176.212875
176.362725
176.43705
176.498275
176.7738
176.861075
176.9199
176.963
177.0309
177.0733
177.1342
177.223575
177.296625
177.36775
177.4015
177.4639
177.547275
177.60005
177.755225
177.79225
177.86985
177.91265
178.008775
178.071925
178.37775
178.458
178.690925
178.92925
179.04
179.16535
179.222725
179.547425
179.641075
179.766175
180.003125
180.074625
180.1017
180.273825
180.382275
180.45295
180.5261
180.85085
180.9758
181.026575
181.070825
181.099875
181.138525
181.206975
181.2484
181.321925
181.40035
181.430575
181.44675
181.53415
181.656125
181.69115
181.760725
181.823875
181.8489
181.953825
181.9959
182.136775
182.2639
182.498525
182.553425
182.6275
182.692125
182.80925
183.054125
183.3363
183.385825
184.105875
184.1722
184.7759
184.8239
185.1606
185.713025
185.7752
186.0375
186.1426
186.2082
186.325875
186.524775
186.787525
186.969925
187.1117
187.242475
187.5467
187.60035
187.692675
187.72585
187.7379
187.7405
187.741125
187.79285
187.947175
188.039175
188.1649
188.3921
188.55605
188.90525
188.96525
189.37005
189.43585
189.45645
189.515725
189.711175
189.837075
189.891175
189.993025
190.068075
190.1455
190.231575
190.287475
190.335675
190.398325
190.565025
190.59455
190.61115
190.66315
190.88295
190.9643
191.1235
191.361825
191.622775
191.72275
192.0623
192.1366
192.1963
192.461575
192.540975
192.58085
192.686425
192.7573
192.834775
192.86775
193.2259
193.26125
193.285375
193.94775
194.003775
194.48475
194.5652
194.789525
194.85155
194.8789
194.911625
195.279025
195.4048
195.520025
195.6289
195.807075
195.850975
195.882075
195.901925
195.926175
196.0797
196.201525
196.259525
196.4739
196.561775
196.634675
196.69415
196.781525
196.8543
196.946725
197.007575
197.112675
197.3189
197.551725
197.788925
197.815925
198.29445
198.388925
198.96515
199.045825
199.15725
199.189375
199.2466
199.306975
199.56475
199.596675
199.686875
200.190125
200.26475
200.558725
200.574225
200.642525
200.70105
200.7869
200.908825
201.043125
201.1795
201.41835
201.461825
201.69125
202.321025
202.36085
202.47565
202.761125
202.8722
202.951025
203.433225
203.512225
203.595225
203.674075
203.727725
203.848025
203.999725
204.147925
204.290425
204.353675
204.48185
204.529475
204.67685
204.8235
204.927875
204.9848
205.028675
205.0616
205.137875
205.197025
205.238225
205.477575
205.570175
205.6167
205.6705
205.6904
205.8969
206.002825
206.042675
206.11785
206.17225
206.227175
206.269625
206.35185
206.384375
206.440275
206.4586
206.548475
206.667375
207.091925
207.230425
207.271525
207.44875
207.7679
207.894925
207.949525
208.023875
208.206075
208.28135
208.4795
208.52795
208.714475
208.847
209.04815
209.279575
209.344975
209.475575
209.55585
209.706825
209.753725
209.803275
209.847575
209.917875
209.94965
210.038925
210.11695
210.67395
210.80765
210.891125
211.102925
211.1705
211.24275
211.299175
211.3461
211.390625
211.41505
211.463525
211.5143
212.038375
212.13795
212.259025
212.31355
212.3783
212.42505
212.60105
212.733975
212.845975
212.94965
212.983925
213.010075
213.0648
213.14485
213.191075
213.28805
213.400725
213.4581
213.496025
213.556675
213.616575
213.645475
213.6862
213.85235
213.9484
214.0041
214.0764
214.174525
214.20555
214.292475
214.330825
214.374875
214.433925
214.499975
214.65165
214.718525
214.742175
214.78645
214.87965
214.94315
215.006175
215.045875
215.116875
