1.93765
8.3309
15.310575
15.61125
17.5479
17.554175
21.79325
24.4738
24.532675
25.6316
28.2632
34.0714
34.258375
35.6637
36.27575
36.30035
36.322825
36.398125
36.53585
39.405
41.3957
45.3939
45.4121
45.433425
45.476425
48.47135
49.002475
49.041375
49.050675
49.11935
49.50465
51.069375
51.1085
53.8202
55.64035
58.73005
61.3568
61.3788
65.13475
65.193125
65.293775
68.57145
70.859925
79.377525
79.643075
81.017
83.099775
83.1491
83.756575
84.14555
84.147575
84.238025
84.352775
84.46365
84.716475
84.82925
85.28505
86.039025
87.227175
87.725575
87.824875
87.853675
87.918525
87.9887
88.0024
88.099075
88.223175
88.353725
88.3655
88.77225
89.185
89.936175
90.213325
102.4104
106.928875
129.918475
130.3374
156.018925
159.85
163.067775
173.49765
209.904075
