0.09045
0.434925
0.474475
4.0647
5.859625
7.038725
8.40715
8.728525
8.848575
9.24235
9.8463
11.154875
11.510525
11.522975
11.5958
12.23255
12.688525
13.1334
13.714525
13.7257
14.092375
14.18665
14.74745
14.7748
15.268825
15.47035
15.726225
16.045525
16.4899
16.587275
16.912675
16.923625
17.567025
17.685325
17.741925
17.75975
17.81565
17.826175
17.8667
18.445275
19.0146
19.216825
20.181775
20.3935
20.90385
20.9572
21.703375
22.7006
22.710675
24.425375
25.41525
25.489525
25.7636
25.77285
25.780575
26.47525
26.66435
26.7276
27.7065
29.847825
30.442175
30.476475
31.570975
31.949725
31.964075
32.77025
33.058825
33.27535
33.9357
34.036825
34.32025
36.031925
36.364525
36.582425
36.799875
36.846525
39.18825
39.44715
39.9223
40.382325
40.64095
41.27215
41.28915
42.975375
43.0401
43.83885
45.416525
45.73015
45.783475
46.162825
47.665375
47.7353
48.97825
49.33465
49.976725
50.6145
51.048375
51.174375
51.2594
51.379475
51.987275
52.063425
52.594725
53.8905
53.9004
55.20505
56.173675
56.75175
57.114475
58.660425
58.9286
59.015875
59.0894
59.62475
59.6613
61.447275
62.2758
62.30325
62.339825
63.312225
63.936525
64.389075
65.16305
65.1802
65.21255
65.30835
65.994925
66.29815
66.384
66.502675
67.055
67.08825
67.5971
67.9657
67.9869
68.4629
68.476025
68.58255
69.22365
69.66535
69.733925
70.1776
71.031175
71.5285
71.8611
71.974425
72.9858
73.44665
73.8959
74.7184
75.13585
76.15875
77.1589
77.1781
77.197125
77.729875
78.315675
78.32975
79.4481
79.545275
79.608575
80.00645
80.034
80.06685
80.507975
80.62415
80.936575
81.00765
81.103525
81.279775
81.610125
82.37805
82.4804
83.144025
83.24685
83.375175
83.6631
83.75245
84.04995
84.123925
84.3175
84.39485
84.407775
84.55775
84.573475
84.579075
84.6412
84.660125
84.700575
84.8202
84.85545
84.89175
84.96445
85.02735
85.158925
85.225
85.2365
85.255975
85.322225
85.4588
85.6184
85.711
85.96545
86.0213
86.506375
86.554875
86.75495
86.854
86.934925
87.054225
87.12855
87.21775
87.71655
88.1416
88.20235
88.208575
88.45585
88.95675
89.418075
89.843075
90.02885
90.272575
90.279225
90.40225
90.46945
90.628825
90.67285
90.699225
90.717975
90.7793
90.8088
90.89225
90.97025
91.2837
91.392075
91.40735
91.8526
91.9353
92.1885
92.201625
92.287275
92.467775
92.550625
92.675125
92.857625
93.22925
93.303825
93.323475
93.7599
93.85395
93.87935
93.907575
93.91685
93.94655
94.39005
94.859875
95.22385
95.291375
95.5401
95.575775
95.667425
96.235275
96.32105
96.455325
96.469475
96.498
96.551775
97.201775
98.0559
98.363575
98.374725
98.379725
98.743
98.80035
99.081275
99.18215
99.263225
99.33715
99.660825
99.733875
100.256125
101.328475
101.383875
101.48725
102.20535
102.28435
102.33335
102.3463
102.35055
102.3546
102.4345
102.867075
102.87285
102.910225
102.9429
103.135075
103.1453
103.359375
103.8458
104.22405
104.277775
104.481775
104.957675
105.458925
105.476675
105.4833
105.832375
106.804225
106.915225
106.9771
107.570675
108.5062
109.326325
109.8703
110.590675
110.601375
110.60915
110.614325
112.366675
112.7156
112.787925
113.5611
113.566075
115.611475
116.293375
117.5748
118.7482
118.75545
119.20865
119.725075
119.98815
120.456675
120.841175
122.0878
122.5011
122.908825
122.96635
123.946575
124.59125
125.477675
126.071725
126.0999
126.1081
126.1967
126.37415
126.484975
126.494425
127.011675
127.543075
127.617675
127.67755
128.378475
128.42055
128.48515
129.00955
129.645625
129.868475
129.923125
129.961775
129.99235
130.00985
130.380625
132.16545
132.181125
132.275475
132.2826
132.7836
132.830525
132.90135
132.930375
133.37335
133.872025
134.106675
134.970475
135.043825
135.0936
135.11385
135.238475
135.870475
136.114875
136.11815
136.166075
136.22875
136.247025
136.2558
136.304375
136.3597
136.7305
136.826075
137.308175
137.972125
137.997775
138.331775
138.3534
139.11535
139.129975
139.741925
140.7902
140.818875
140.9379
141.07315
141.12285
141.163175
141.1765
142.559
143.251825
143.68265
144.683625
144.751
144.79105
145.461325
146.019025
146.09745
146.276075
146.289325
146.387975
147.438275
147.916425
148.830675
148.8647
149.392425
149.404475
149.901875
150.49515
150.528175
151.802675
151.8862
152.7931
152.8344
152.895775
154.533075
154.95305
154.9784
155.19015
155.918625
156.010175
157.020275
157.164575
159.985825
160.001775
160.010775
160.1125
160.1255
161.320825
161.997875
162.388525
163.0121
163.0334
163.47555
163.95845
164.501775
165.55545
165.735675
166.467375
166.536275
166.615525
166.6177
166.838475
167.281025
167.30685
167.394275
167.814675
168.035025
168.0487
168.621175
168.6328
169.5532
170.030825
170.100675
170.288225
170.295925
170.528075
170.53875
170.5903
170.605425
171.2339
171.289175
171.320225
171.77045
171.859525
172.7481
173.2782
173.685525
173.722
173.7478
173.840925
174.203975
174.313175
175.444775
176.744625
176.7801
176.851075
177.52995
178.2579
178.275425
178.8729
180.226025
180.73175
181.9281
182.5205
182.54145
182.760775
183.524875
183.652125
183.671275
183.7111
184.25295
184.784475
185.067925
186.682
186.693175
187.605975
187.64785
187.702925
187.748025
188.039375
188.12765
188.556375
189.267675
189.3518
189.389025
189.399875
189.9608
190.01975
190.0306
190.04965
190.397275
190.47245
190.576825
190.59125
190.60135
190.6289
190.9013
190.9238
190.9372
190.94625
191.01635
191.04055
191.05555
191.073075
191.079975
191.0848
191.1177
191.131725
191.6004
191.63505
192.149525
192.227275
192.51225
192.897925
193.281475
193.30785
193.790475
193.81735
194.74925
194.835075
195.303625
195.79235
196.18115
196.2131
196.5378
196.58445
196.85825
196.964975
197.394325
197.449975
197.489775
198.3597
198.800775
199.11265
199.131175
199.189075
199.213975
199.7261
200.34415
200.420075
200.63655
200.73765
201.43955
201.63155
201.72425
201.80495
202.2384
202.556975
203.1767
203.186825
203.68295
204.834925
205.69675
206.1796
206.844125
207.0241
207.47565
207.88195
207.900925
207.90235
209.476775
209.941975
210.5998
210.626825
211.4315
212.50695
213.0292
213.1071
213.1561
213.240075
213.259725
213.2928
213.74555
214.49895
214.635175
214.65435
215.090625
