0.039975
0.3498
0.3624
1.967475
2.15205
2.163375
2.165425
5.979875
6.864575
7.1645
7.547375
8.08925
8.09265
8.396225
8.590375
9.2396
9.6073
9.61035
9.613425
15.4008
15.4456
15.50455
15.541325
15.55135
15.76995
15.92855
16.727925
16.84315
17.42045
17.565975
17.57005
17.611675
18.2287
18.231725
18.234775
19.200225
19.203025
19.207525
19.790875
19.79405
19.7978
20.275125
22.1422
22.145425
22.149075
24.7793
32.8212
33.04895
33.10925
33.215175
33.220925
33.4722
34.22865
34.232625
34.81195
35.031275
36.06425
36.067475
36.335975
36.33985
36.505825
36.8005
37.99945
38.01485
38.0191
38.642
39.3719
39.430675
43.7861
43.789575
43.7926
45.44395
45.891075
45.9945
49.185525
49.261025
49.4561
49.463475
51.113425
51.1543
51.158525
51.33475
51.340775
51.353325
53.946775
53.98905
53.99175
58.54105
58.6509
58.847025
58.8627
58.866775
58.8779
58.881175
59.6593
59.662425
59.667
61.514025
63.19365
63.1977
65.0932
66.394775
66.39845
66.704025
68.55375
71.699875
76.676125
76.68035
77.188925
78.119575
79.6286
79.886575
79.8978
80.3703
80.3727
80.375675
80.378975
80.685375
81.1301
81.1519
81.172975
81.19025
81.2
81.910875
81.91535
82.265425
82.2688
82.272725
88.781325
88.784075
88.787075
88.790325
89.091425
89.094525
89.09785
89.1665
89.4347
89.8535
89.85655
89.8597
91.163375
91.762575
91.911325
92.297575
93.552225
94.456275
94.87615
95.907875
95.98115
95.9846
95.988825
96.21835
96.222725
96.496925
96.90775
96.910475
96.91335
96.91705
97.223575
97.226625
97.229675
97.34445
97.487675
97.928075
97.93045
97.932825
97.935475
97.942425
98.3499
98.3594
98.4408
98.827175
98.830275
98.83345
99.448425
100.214025
100.216925
100.219825
100.22355
100.4133
101.539125
101.8447
102.618325
103.20515
103.743975
105.92605
106.856025
106.915075
107.5325
107.5351
107.537775
107.54035
107.544775
110.353775
110.6935
110.8523
110.981575
113.1161
113.119575
113.437
116.187325
116.37305
116.59045
119.90605
120.222
121.332625
122.907475
123.100775
125.659925
126.06935
126.196525
126.326575
126.596025
128.565625
129.3263
129.330375
130.918175
130.92205
130.925925
132.812925
132.81735
134.1013
135.155
136.102575
138.043725
138.136975
139.6204
139.62415
139.628575
140.42695
143.43065
144.774375
144.992125
146.104025
146.1528
147.87245
147.875725
148.036525
149.28315
149.28685
151.04125
151.446
152.002925
152.7379
152.742425
152.864975
155.325825
160.023675
160.05875
160.320825
163.569625
165.6817
166.6222
166.665425
166.8792
167.431575
171.373325
173.521475
173.752025
174.486025
177.6045
178.43075
181.5665
182.70735
183.594275
185.02285
185.026325
187.756975
187.841475
187.99395
188.84875
189.5627
190.9541
191.068325
191.804775
194.900875
195.099775
196.30155
196.601625
196.997325
197.6152
202.029925
202.033825
202.06375
203.811775
203.870825
204.149725
204.15455
208.53375
208.618825
208.69435
209.35825
209.3611
209.36415
210.331775
210.335
213.145725
213.7558
