0.47
0.9368
1.36055
1.751175
1.93395
2.46935
2.475075
2.493325
2.5998
3.53355
3.859425
3.98035
4.221925
4.6257
4.70155
5.41475
5.753725
6.294375
7.007475
8.40865
8.4119
8.5932
9.047625
9.362275
9.50485
9.5435
9.83405
10.148025
11.795625
11.927275
12.4859
13.293325
13.48765
13.58595
13.637125
14.2332
14.643625
14.79635
14.949775
15.007575
15.24585
15.704875
16.059675
16.33105
16.5788
17.2629
17.334225
17.5096
18.154375
18.1892
18.508525
18.92455
19.421225
20.3621
20.84705
20.892675
21.423375
21.9145
22.051325
22.300325
22.927125
23.106925
23.25275
23.3177
23.660075
24.01605
24.019375
24.44845
24.544375
25.0226
25.216825
25.720125
26.0992
26.438925
26.626975
26.967775
27.563925
28.2402
28.332075
28.357525
28.70605
28.942125
29.3449
29.852
30.125825
30.29505
30.607925
31.17495
31.33495
31.52535
31.535475
31.74935
32.188125
32.267925
33.2164
33.426425
33.812075
34.16445
34.72915
35.35395
35.784075
35.798825
37.408125
37.502125
37.57105
38.492
38.495325
38.7122
39.02715
39.8024
39.806575
39.965325
40.04975
40.451575
40.552
40.850925
40.9796
41.183375
41.420675
41.494125
41.929425
42.2999
42.3036
42.994925
43.231975
43.474
43.47715
43.7419
43.9169
44.4283
44.6705
44.86695
44.908525
45.2398
45.32235
45.551975
46.212575
46.5755
46.65935
46.916125
47.045275
47.264225
47.4815
47.91245
47.9222
47.99765
48.649
48.821975
49.46655
49.693925
50.057225
50.408025
50.721775
50.754975
51.099475
51.799075
52.30535
52.309425
52.51005
53.48195
54.048225
54.342175
54.693725
54.8455
55.19545
55.401075
55.739325
55.83095
56.405025
57.0704
57.14345
57.1469
57.62945
58.267625
58.453125
59.3031
59.64225
59.64675
59.732125
59.73265
60.57595
60.708425
61.141275
61.271625
61.344825
61.560925
62.128725
62.43955
62.790075
63.130975
63.667275
64.0841
64.34485
64.570225
64.72785
65.421025
65.65695
66.330225
66.502475
66.54425
67.2511
67.321875
67.75155
68.358675
68.400375
68.562625
69.51085
69.7314
69.97775
69.98785
70.264025
70.407675
70.699425
71.2351
71.776
72.61195
73.413
73.55965
73.75905
73.9196
74.072375
74.433325
74.798
75.220975
75.4308
75.515
75.851
76.1581
76.287475
76.4222
76.530075
76.533975
76.761675
77.06525
77.6324
77.785275
77.8998
78.7379
79.153725
79.5017
79.56555
79.646625
79.9508
80.069525
80.139025
80.4258
80.59255
81.179775
81.497625
81.502775
82.0502
82.5517
82.677175
82.9709
83.140725
83.54755
83.99625
84.11115
84.229775
84.747275
84.913575
84.9942
85.25595
85.29175
85.501225
86.042
86.081375
86.24005
86.3949
86.79015
87.25745
87.48405
87.837425
88.545775
89.15145
89.310425
89.798375
89.831375
89.900325
89.9791
90.1143
90.6339
90.81635
91.2437
91.349075
91.68605
91.68915
91.778125
92.02475
92.70285
92.776175
93.2174
93.46415
93.510675
93.905825
95.265575
96.325425
96.417475
96.598425
96.76675
96.98905
97.302625
97.4
97.4181
97.6055
97.8484
98.128575
98.31475
98.830375
99.285775
100.55925
100.688125
100.891275
101.097225
101.156375
101.315225
101.596425
101.96575
102.06255
102.52825
102.729475
103.163925
103.5786
103.757975
103.91375
103.917125
104.121525
104.63695
104.91195
105.219775
105.677125
105.94535
105.951025
106.6956
106.77735
107.3609
107.4261
107.86
108.3867
108.5279
108.8328
109.263375
109.431725
109.54035
110.379175
111.469175
112.299275
112.34165
113.075675
113.86635
113.979725
114.208525
114.2766
114.44155
114.614675
114.69695
115.721825
115.86195
116.14195
116.250275
116.3821
116.668075
117.062
117.32485
117.5875
117.660625
117.854
118.071275
118.26805
118.31155
118.738725
118.8018
118.9172
119.419025
119.7853
119.97545
120.5688
120.72925
121.355925
121.44375
121.560225
122.1787
122.424425
122.80535
122.88765
123.44515
123.630125
124.168575
124.620275
125.137775
125.49665
125.744775
126.29225
126.360775
126.409025
126.647025
127.6302
127.678
127.760975
128.218725
129.168125
129.185
129.866325
129.86995
130.107825
130.1843
131.1352
131.191225
131.282625
131.3777
131.482525
131.7133
131.919775
132.03725
132.155575
132.570475
132.996725
133.045
133.299175
133.770625
133.82295
134.1039
134.4272
134.5081
134.805975
135.1384
135.39285
135.887625
136.538825
136.645975
137.156325
137.475275
137.5538
138.114725
138.76235
139.7078
139.791
139.926575
140.05115
140.144775
140.457075
141.393875
141.702625
141.7904
142.723225
143.518525
143.95545
144.369875
144.72935
145.131175
145.2328
145.3015
145.5044
145.78805
145.911625
145.9216
146.175175
146.450875
146.59305
147.072325
147.962025
148.590075
148.9459
149.29285
149.43585
149.4597
150.085
151.644025
151.9182
152.1195
152.95175
153.08865
153.628175
154.079375
155.09525
155.29555
155.5475
155.88475
156.054875
156.69235
156.737575
157.382
157.653025
157.8692
158.20045
158.504775
159.015525
159.4749
159.7654
159.8586
160.809025
161.0468
161.952975
162.240475
162.285825
162.51715
162.642275
163.231175
163.3963
163.547775
164.31235
164.7111
165.386375
165.421925
165.86845
166.1097
166.8172
166.8547
166.88395
167.3155
167.693175
167.6962
167.861325
168.691525
168.755025
169.68555
170.2398
170.45635
170.9672
171.58995
171.651625
171.66095
171.971825
172.00485
172.835
172.91785
172.925875
172.99335
173.537025
173.579175
173.701125
174.047875
174.3319
174.500825
174.830125
174.919775
174.97145
175.66925
176.622425
177.131725
177.538075
177.584975
178.189225
178.3811
178.670825
179.34955
179.684325
180.379025
180.7189
180.787225
181.2353
181.732925
182.203425
182.4658
182.47515
182.593425
182.8764
183.60855
183.614325
183.802375
183.999425
184.219475
184.30435
184.62905
184.83305
184.98285
185.41625
185.600475
185.60425
186.035225
186.6384
186.711375
186.804075
187.104475
187.3385
187.655725
188.252375
188.6347
189.068775
189.15315
189.95765
190.20155
190.51835
191.097075
191.1735
191.26935
191.332075
191.652225
191.90295
192.33905
192.628025
192.63135
192.97295
193.404025
193.454525
193.526575
193.84615
194.343725
194.49635
194.793925
195.10065
195.6066
196.358425
196.362275
196.75775
196.869875
196.95165
197.9541
198.33865
198.445725
198.815075
199.56855
199.946225
200.120825
200.1655
200.4564
200.62745
200.884775
200.982525
201.0415
201.0781
201.3166
201.3998
201.46685
201.560975
201.6545
201.7652
201.917025
201.9875
202.106575
202.190375
202.242025
202.2983
202.708325
202.76375
202.8258
202.8787
202.9985
203.103275
203.107675
203.185325
203.230025
203.278175
203.6978
203.757675
203.951475
204.070675
204.074075
204.125225
204.36095
204.46315
204.5602
204.761225
204.82685
205.0047
205.008925
205.3911
205.44585
205.5107
205.633025
205.7862
205.81475
205.8614
205.9834
206.65965
206.726
207.386775
207.439725
208.3312
208.541375
209.04715
209.118125
209.804075
210.0614
210.5223
211.308325
211.482625
211.8911
212.42955
212.512375
214.022275
214.5041
215.03955
215.396025
215.608525
215.797925
216.77075
