0.06665
0.178
0.272325
0.577375
0.7381
0.885075
0.9622
1.2852
1.390025
1.39935
1.490175
1.568525
1.67615
1.855325
1.8945
1.912875
1.972225
1.99135
2.005075
2.04285
2.069875
2.26665
2.3202
2.4192
2.57385
2.58425
2.60355
2.6961
2.70475
2.856025
3.189925
3.4255
3.49445
3.73085
3.781275
3.80885
3.8954
3.9151
4.096725
4.425225
4.45545
4.566425
4.706675
4.849375
4.86875
4.87695
4.913625
4.95475
4.980375
4.99345
5.096075
5.1777
5.33865
5.384725
5.481875
5.494
5.55435
5.941825
6.013075
6.081275
6.14355
6.153375
6.215425
6.2831
6.304375
6.390175
6.470475
6.581775
6.7017
6.94245
7.2737
7.3325
7.4519
7.467625
7.58185
7.63755
7.646925
7.67605
8.0661
8.171475
8.233575
8.322975
8.447025
8.621825
8.846
8.95775
9.07165
9.121025
9.1861
9.220225
9.3264
9.40115
9.586375
9.7831
9.901125
9.93585
9.959775
9.980675
10.580025
10.742075
10.84355
11.749825
11.778925
11.880875
11.88525
11.940425
12.686525
12.8615
13.70475
13.801
13.82215
13.87265
13.90915
13.9536
13.9638
14.609025
14.63415
14.639975
14.661625
14.755075
15.338275
15.39685
15.472725
15.677425
16.39085
17.01695
17.037475
17.146975
17.1817
17.288375
17.3077
17.649325
17.773075
17.797475
17.8192
17.833325
17.9606
18.050775
18.1063
18.176925
18.1877
18.29575
18.362025
18.37935
18.671125
18.728275
18.82255
18.9421
19.01575
19.110125
19.252975
19.4028
19.439625
19.607175
19.697075
19.7649
19.80645
19.85685
20.046425
20.2998
20.333425
20.376975
20.4041
20.433425
20.656575
20.799275
20.91505
21.0388
21.09115
21.19715
21.242875
21.29005
21.32315
21.369525
21.37905
21.506125
21.83005
21.858075
21.943975
21.991925
22.02065
22.084775
22.19405
22.274725
22.300875
22.336625
22.38395
22.419375
22.60075
22.693575
22.757325
22.8429
23.23465
23.28525
23.3877
23.410325
23.4193
23.4671
23.491925
23.502575
23.599175
23.67955
23.798225
24.03335
24.0985
24.125475
24.169925
24.22085
24.26775
24.42755
24.502775
24.6886
24.752925
24.779925
24.82515
24.925575
25.0688
25.28655
25.55865
25.614575
25.7289
25.8327
25.924025
25.9514
25.987175
26.2408
26.38235
26.68485
26.855325
26.946275
26.96775
27.07575
27.161175
27.6081
27.755275
27.88075
28.058075
28.08265
28.1199
28.287825
28.45795
28.83025
29.10295
29.123125
29.12995
29.21955
29.735075
29.789175
29.809125
30.101275
30.322
30.3655
30.433875
30.65155
30.776825
31.039575
31.369275
31.9905
32.218925
32.287325
32.32685
32.33605
32.58865
32.79445
33.054425
33.252875
33.349325
33.4927
33.771075
33.830025
33.882775
33.96135
34.1559
34.48595
34.580325
34.65935
34.679275
34.70835
34.801675
34.9001
35.147525
35.240675
35.311775
35.404225
35.436825
35.498525
35.558975
35.62635
35.632875
35.710225
35.828375
35.958825
36.089675
36.2375
36.296625
36.4728
36.557925
36.662775
36.7105
36.765525
36.851325
36.880325
37.033675
37.28725
37.32875
37.441375
37.525525
37.8831
37.914025
38.123575
38.2241
38.232175
38.24465
38.2645
38.292225
38.3184
38.35215
38.436675
38.696075
38.79975
38.97585
39.146875
39.1598
39.17005
39.336825
39.4
39.6081
39.754025
39.926575
39.958025
39.988875
40.038025
40.119925
40.2457
40.439675
40.63315
40.6709
40.7708
40.85455
40.957775
41.0128
41.06225
41.08895
41.091275
41.137075
41.1814
41.36005
41.7082
41.717475
41.7752
41.902825
42.01495
42.087375
42.173825
42.30005
42.57115
42.995525
43.0482
43.08565
43.317525
43.541325
43.815225
44.01625
44.157925
44.2601
44.3678
44.7434
44.9446
44.992775
45.047975
45.05275
45.13475
45.367725
45.4614
45.596225
45.758375
46.161375
46.338575
46.39135
46.43075
47.161175
47.2136
47.276975
47.340625
47.472325
47.552625
47.619425
47.740025
47.992725
48.231275
48.257175
48.325475
48.4679
48.53655
48.917975
48.952025
49.001325
49.0091
49.524675
49.615025
49.77705
49.884025
49.99945
50.3557
50.467875
50.525325
51.044575
51.119975
51.377575
51.5155
51.749325
51.8373
52.016575
52.11875
52.23565
52.256425
52.295625
52.373125
52.495775
52.636525
52.79665
52.84695
52.960875
53.060125
53.2465
53.50015
53.762975
53.8891
53.929125
54.0274
54.056875
54.2176
54.700925
54.7636
54.848575
54.88865
54.966025
55.495525
55.565125
55.802275
55.82685
56.0227
56.0476
56.185825
56.268125
56.4096
56.883225
56.974575
57.0391
57.114
57.1674
57.367225
57.458125
57.54515
57.582175
57.62605
57.672875
57.939375
58.055825
58.146325
58.2678
58.356025
58.404925
58.4619
58.516225
58.645425
58.87615
58.98395
59.102175
59.18905
59.4011
59.57885
59.8603
59.965575
60.190725
60.241725
60.2522
60.443825
60.498025
60.77985
60.817525
60.8766
60.895975
60.91985
60.956575
61.05815
61.10305
61.161375
61.1895
61.21735
61.282875
61.5817
61.66905
61.678325
61.85405
61.945675
61.964775
62.020425
62.16785
62.338475
62.48325
62.5797
62.7141
62.79505
62.830475
62.87555
62.901825
62.9727
63.0266
63.13895
63.1909
63.462225
63.58635
63.70225
63.740475
63.7836
63.8697
64.485775
64.491625
64.50945
64.701775
64.76265
64.80625
64.852625
65.48445
66.12085
66.17585
67.35575
67.756875
68.06245
68.1717
68.237675
69.3303
69.382425
69.418425
69.42735
69.7716
69.90995
70.063125
70.200825
70.29315
70.49455
70.701025
71.0638
71.079675
71.102825
71.171875
71.19405
71.24935
71.366575
71.39835
71.827275
71.89115
72.538775
72.6521
72.68495
72.723575
72.759075
72.82025
72.930375
72.944775
73.04125
73.19675
73.2593
73.3186
73.38905
73.408275
73.523725
73.589575
73.9236
74.2575
74.317975
74.373625
74.563575
74.6933
74.774625
74.827775
74.89375
74.931575
74.9807
75.03695
75.199475
75.2946
75.361475
75.419175
75.433625
75.5078
75.5195
75.85235
75.909475
75.9752
76.000575
76.0443
76.07
76.11625
76.1645
76.23925
76.32875
76.39895
76.499775
76.5321
76.608025
76.712375
76.75045
76.833975
76.84305
76.854275
76.874175
76.898875
76.90955
76.958275
76.9808
76.99005
77.0892
77.1989
77.26015
77.31205
77.331975
77.38395
77.5288
77.68065
77.77155
77.8297
77.855525
77.933425
77.96125
77.96805
78.039825
78.21835
78.257475
78.276575
78.32265
78.42745
78.55855
78.599125
78.684125
78.759425
78.824325
78.8933
78.943325
78.963075
79.038375
79.1438
79.183675
79.288575
79.366825
79.408425
79.4704
79.52855
79.56515
79.633825
79.895
80.060325
80.075025
80.13495
80.14915
80.23125
80.294125
80.461625
80.572775
80.5909
80.664525
80.72145
80.765275
80.85
80.9234
80.975525
80.989125
81.02575
81.034225
81.072625
81.10355
81.126475
81.197475
81.2962
81.542375
81.590275
81.677
81.775225
81.89235
81.943075
82.068375
82.197925
82.241275
82.364075
82.39035
82.39615
82.565525
82.5926
82.6207
82.66325
82.673275
82.69825
82.847275
82.899575
82.91665
82.97335
83.0687
83.109375
83.1866
83.27425
83.2989
83.37245
83.476025
83.6124
83.65735
83.740775
83.796275
83.86055
83.91085
83.956925
83.982375
84.1087
84.244225
84.282275
84.374075
84.5506
84.69175
85.072225
85.234
85.2699
85.28755
85.37005
85.4752
85.577125
85.813625
86.113725
86.21475
86.356925
86.3646
86.46625
86.524975
86.599025
86.69535
86.993525
87.06305
87.3534
87.409025
87.4645
87.547875
87.790275
88.15045
88.319225
88.321475
88.340575
88.362675
88.36585
88.3719
88.491975
88.558825
88.7249
89.051025
89.137775
89.35195
89.44525
89.4598
89.494925
89.628075
89.648575
89.774575
89.94245
90.016725
90.208525
90.280525
90.425975
90.433375
90.92255
90.9323
90.9466
90.971425
91.0564
91.228275
91.337275
91.425325
91.587975
91.674475
91.767825
91.8182
92.03215
92.061325
92.1978
92.245175
92.252
92.286725
92.379
92.434075
92.4963
92.54845
92.624325
92.669225
92.815525
92.9196
92.9893
93.058025
93.234575
93.30975
93.3253
93.7209
93.767525
93.80055
93.827525
93.93835
93.948675
94.00355
94.0507
94.0942
94.22605
94.533375
94.55585
94.58025
94.599825
94.6061
94.62065
94.636575
94.64005
94.689875
94.8333
94.909925
95.20185
95.237775
95.263925
95.330525
95.460875
95.542675
95.759825
95.83915
95.98675
96.080175
96.093325
96.133225
96.307775
96.38655
96.40675
96.449975
96.5407
96.67005
97.0332
97.04335
97.08205
97.163625
97.325825
97.5929
97.683475
97.812975
97.918125
97.9842
98.0041
98.4521
98.5043
98.5105
98.56005
98.7219
99.258525
99.333525
99.457475
99.491
99.558725
99.751875
100.280125
100.400175
100.44855
100.531325
100.5954
100.972
101.261375
101.342925
101.46495
101.780875
102.039325
102.084275
102.101625
102.3648
102.527625
102.578025
102.632375
102.81335
102.88955
102.967575
103.1784
103.4799
103.62785
103.6983
103.80815
103.922875
104.002325
104.029775
104.132875
104.2376
104.44795
104.479575
104.6018
104.8695
104.972875
105.44455
105.524475
105.5579
105.665725
106.0069
106.190675
106.2176
106.273375
106.48075
106.874725
106.9826
107.002475
107.0402
107.0494
107.1115
107.1836
107.41155
107.502825
107.554875
107.64355
107.6883
107.72525
107.8493
107.895075
108.06725
108.15685
108.265975
108.3236
108.638875
108.81065
108.9766
109.080325
109.1719
109.28845
109.4621
109.671225
109.82935
109.99655
110.119375
110.3015
110.3365
110.6787
110.779975
110.8626
110.96555
111.002025
111.053925
111.078875
111.1789
111.24625
111.310725
111.35655
111.4485
111.6617
111.671475
111.699825
111.807
111.8577
111.92
112.006475
112.0742
112.13555
112.227175
112.262825
112.62825
112.7162
112.8098
113.016025
113.08395
113.375925
113.539575
113.627875
113.726825
113.81315
113.82335
113.875325
113.967775
113.998125
114.393625
114.476825
114.5381
114.544475
114.592825
114.816625
114.861975
114.9704
115.36285
115.45775
115.5173
115.68955
115.816425
115.851175
116.38735
116.5116
116.55165
116.6502
117.08035
117.342425
117.3779
117.4226
117.428725
117.473
117.48755
117.876275
117.946425
118.41785
118.56215
118.8327
118.84435
119.438425
119.82415
119.9202
119.942475
119.948675
120.251025
120.48545
120.6045
120.615975
120.671875
120.84775
120.906575
121.01985
121.1146
121.169875
121.458675
121.54795
121.732575
121.7534
121.774675
121.81755
121.924575
122.04815
122.122675
122.19715
122.21155
122.24925
122.5823
122.7928
122.91565
123.0695
123.10825
123.12355
123.1628
123.22295
123.243625
123.41145
123.432125
123.524675
123.5977
123.81885
124.0062
124.11085
124.204775
124.4398
124.476325
124.5619
124.623125
124.753375
124.7935
124.856425
124.88985
124.957075
125.0145
125.048225
125.065675
125.10955
125.125775
125.229625
125.326375
125.348875
125.410425
125.433925
125.513225
125.539775
125.5878
125.614175
125.679075
125.721375
125.7828
125.9781
126.0553
126.07525
126.17635
126.260575
126.321425
126.40135
126.46915
126.531075
126.567575
126.62005
126.69875
126.740475
126.77905
126.79835
126.97305
127.0674
127.130275
127.202975
127.298525
127.344575
127.421625
127.451025
127.6007
127.650925
127.782925
127.823125
127.878
127.963725
128.013075
128.02995
128.18495
128.225725
128.3913
128.51
128.585925
128.644975
128.692075
129.225025
129.506075
129.528925
129.88385
130.17445
130.514075
130.569225
130.571325
130.6055
130.6511
131.3351
131.49925
131.66095
131.672375
131.687975
131.834275
131.887525
132.04035
132.09295
132.39495
132.45975
132.514425
132.5486
132.68065
132.770475
132.893975
133.115425
133.415925
133.464475
133.490025
133.61405
133.659975
133.766075
134.1311
134.3321
134.357625
134.43045
134.589975
135.378725
135.407825
135.52065
136.132475
136.169375
136.217525
136.44955
136.85955
136.879
136.915175
137.03235
137.36855
137.40985
137.84725
137.92545
138.09545
138.2908
138.487475
138.61855
138.739425
138.865675
138.891675
138.96075
139.010825
139.305025
139.717425
140.025775
140.061025
140.1404
140.184775
140.2561
140.29985
140.351075
140.415775
140.4941
140.63515
140.7238
140.9481
141.0177
141.4391
141.588475
141.695875
141.776075
141.78475
141.8411
141.977075
142.099275
142.145975
142.294125
142.35195
142.43435
142.666075
142.70895
142.902
142.934875
143.0972
143.1354
143.16875
143.248425
143.318775
143.447675
143.632225
143.6887
143.721375
143.8655
143.9793
144.08045
144.125075
144.128575
144.19475
144.3778
144.695425
144.8274
144.840825
144.870875
144.98125
145.1519
145.2221
145.3799
145.5726
145.67005
145.711
145.845425
145.901475
146.0072
146.15265
146.36865
146.479225
146.580925
146.6061
146.646475
146.7132
146.9001
146.950175
146.978625
147.2822
147.462275
147.545275
147.566375
147.609775
147.64695
147.66255
147.8371
147.9432
148.1155
148.20355
148.26985
148.343825
148.408325
148.56395
148.66045
148.7996
148.8362
148.877375
148.901725
149.04015
149.06205
149.117925
149.27205
149.511275
149.6936
149.70485
149.7079
149.821625
149.856025
149.937975
150.03575
150.16825
150.26585
150.353325
150.3989
150.41555
150.4659
150.5628
150.690575
150.941125
150.983475
151.08285
151.2152
151.268975
151.352
151.358025
151.386375
151.469375
151.656
151.700825
151.8237
151.957525
152.02345
152.069775
152.16635
152.28915
152.420775
152.59915
152.977925
153.10275
153.204725
153.299775
153.51075
153.557475
153.566525
153.62155
153.6556
154.132025
154.34395
154.411
154.425575
154.4868
154.61495
154.953575
155.04915
155.34735
155.6768
155.70975
155.80875
155.8783
155.98435
156.110375
156.148025
156.249925
156.402625
156.42335
156.51445
156.70835
156.9116
157.016025
157.060025
157.097575
157.380875
157.5646
157.670375
157.82565
157.877425
157.8879
158.0446
158.106275
158.409175
158.5473
158.589525
158.628475
158.657425
158.725325
158.777375
158.902925
159.0574
159.16145
159.27775
159.315875
159.362875
159.52505
159.557975
159.601375
159.76725
159.901675
160.0462
160.189325
160.311325
160.377875
160.434375
160.494175
160.5968
160.61715
160.680475
160.9007
161.024925
161.0745
161.15495
161.24975
161.351525
161.43525
161.491575
161.52755
161.566025
161.640175
161.668875
161.769175
161.850475
161.86615
162.2104
162.310825
162.419975
162.435425
162.466675
162.476575
162.525675
162.638025
162.81165
163.12085
163.20715
163.30855
163.361475
163.394175
163.459675
163.497675
163.573175
163.739125
163.845
163.934425
164.0635
164.10865
164.347325
164.467775
164.491525
164.602375
164.68775
164.80775
164.902475
165.176
165.230425
165.282275
165.41145
165.647825
165.720575
165.813475
165.873675
166.250175
166.386275
166.45095
166.566975
166.7875
167.434725
167.47985
167.4966
167.6822
167.75895
167.8813
168.113475
168.1511
168.35535
168.483575
168.69115
168.751475
168.95975
169.143625
169.492275
169.5812
169.615825
169.7005
169.8167
169.88575
170.15305
170.23765
170.399125
170.498625
170.655375
170.712475
170.77075
170.92755
170.92885
170.994175
171.0264
171.06215
171.12975
171.232975
171.55055
171.6373
171.908675
172.02035
172.105925
172.190475
172.237175
172.2485
172.26575
172.299375
172.33835
172.3872
172.48495
172.77785
173.09015
173.145725
173.198875
173.235175
173.354825
173.4546
173.512825
173.655325
173.7281
173.76085
173.916275
174.36145
174.48685
174.58365
174.6663
174.719925
174.73795
174.807725
174.886625
174.899975
174.98985
175.114
175.190375
175.236825
175.46575
175.629925
175.741225
175.855775
175.8833
175.897325
175.955325
176.079525
176.088625
176.219625
176.2732
176.367825
176.42585
176.441125
176.501475
176.618725
176.874025
177.033275
177.2133
177.274275
177.31075
177.3422
177.3988
177.4175
177.509
177.550625
177.628525
177.7716
177.8266
177.87925
177.936725
177.9902
178.0236
178.1516
178.351825
178.51
178.714825
178.98595
179.03135
179.125775
179.239675
179.262075
179.324725
179.3844
179.41645
179.468075
179.575475
179.7429
179.8651
179.9829
180.020975
180.0621
180.0939
180.145
180.208225
180.368825
180.519475
180.61185
180.6316
180.744525
180.7514
180.774725
180.8728
181.05865
181.1456
181.365875
181.4169
181.451275
181.49175
181.57165
181.58895
181.63945
181.718975
182.284625
182.397175
182.447525
182.510225
182.5485
182.626525
182.64265
182.687025
182.887525
183.08795
183.17305
183.2531
183.395275
183.46715
183.4693
183.556775
183.586
183.588
183.698125
183.964925
184.1141
184.3006
184.3828
184.431575
184.58645
184.679975
184.68775
184.69205
184.739275
184.82045
184.856025
184.93185
184.9894
185.100125
185.281175
185.324925
185.424275
185.5492
185.57685
185.602825
185.626275
185.6454
185.6587
185.6895
185.807975
185.9389
185.979575
186.07455
186.431
186.452625
186.49655
186.55855
186.61485
186.658975
186.850225
187.66685
187.719575
187.734775
187.74385
187.95335
188.017925
188.06415
188.62445
188.696475
188.791525
189.481575
189.5044
189.51785
189.531775
189.556325
189.56505
189.584275
189.6682
189.88495
189.9692
190.102525
190.210675
190.3077
190.58365
190.910875
191.0312
191.053525
191.079125
191.1233
191.1457
191.22665
191.262275
191.503725
191.5577
191.658125
191.664675
191.7171
191.7433
191.82235
191.8413
191.91255
191.978625
192.09425
192.09755
192.17665
192.35925
192.50745
192.54975
192.69965
192.82565
192.896875
192.9267
192.94305
192.994725
193.0915
193.1142
193.301525
193.3304
193.416825
193.43565
193.472375
193.56755
193.6797
193.706675
193.7896
193.87535
194.441325
194.56825
194.6338
194.769075
194.81925
194.86095
194.890675
194.993925
195.008475
195.075475
195.1161
195.146325
195.251
195.375575
195.44765
195.499275
195.573625
195.627975
195.691725
195.827225
195.975375
196.093575
196.2545
196.392325
196.408375
196.44025
196.475525
196.50165
196.514975
196.558675
196.584525
196.62375
196.65175
196.695275
196.7647
196.812525
196.894125
196.982925
197.03125
197.07735
197.138575
197.224175
197.33725
197.38865
197.420675
197.536
197.59435
197.6413
197.68075
197.70475
197.7478
197.7648
197.79985
197.8812
198.05625
198.25375
198.293825
198.339675
198.394925
198.4432
198.4827
198.5065
198.514175
198.546525
198.6039
198.655725
198.855225
198.895925
198.9948
199.063075
199.264575
199.4476
199.486475
199.624875
199.8642
199.947175
200.099825
200.265575
200.34225
200.4354
200.472725
200.52605
200.562225
200.6696
200.806325
201.0456
201.145025
201.2007
201.258075
201.324975
201.458375
201.5537
201.618925
201.748125
201.855675
201.9692
202.032175
202.053025
202.119925
202.12515
202.128425
202.14265
202.17425
202.285775
202.3442
202.439925
202.4731
202.498675
202.678725
202.770225
202.799175
202.92315
202.9754
203.00995
203.04835
203.203725
203.284625
203.348725
203.53855
203.772725
203.8517
203.91195
203.928275
204.00785
204.097525
204.1511
204.5312
204.7037
204.7778
204.9322
205.05655
205.358275
205.39885
205.422575
205.545475
205.6112
205.795325
206.134975
206.241575
206.301
206.376775
206.440925
206.507
206.583375
206.5989
206.67435
206.71535
206.85305
206.982
207.012725
207.040175
207.0902
207.591025
207.8191
207.88795
207.9999
208.029375
208.060175
208.06765
208.1956
208.227325
208.29595
208.352175
208.405225
208.41825
208.464925
208.472825
208.51535
208.581625
208.71065
208.79625
208.845575
208.9066
209.0368
209.05235
209.165625
209.235025
209.494625
210.038875
210.32905
210.390825
210.4026
210.44595
210.496575
210.651125
210.66155
210.75975
210.82285
210.8956
210.961125
211.000975
211.02015
211.066375
211.1019
211.13525
211.184725
211.2112
211.364725
211.3837
211.438825
211.4713
211.5402
211.578425
211.59735
211.7364
211.803025
211.846975
211.882775
211.89615
211.926175
212.030575
212.075975
212.07705
212.2216
212.256575
212.3361
212.38105
212.406975
212.46845
212.58515
212.637925
212.66485
212.7144
212.81225
212.848475
212.8578
212.89365
212.9028
212.9287
213.010225
213.051325
213.14745
213.256675
213.29205
213.32845
213.3632
213.424275
213.4458
213.545775
213.588525
213.61755
213.7592
213.836375
213.925575
213.93735
213.986325
214.010175
214.03585
214.050975
214.2203
214.281625
214.3107
214.385075
214.425
214.4797
214.66225
214.823525
214.88565
215.011375
215.05045
215.073125
215.12565
215.158525
215.1918
215.214975
215.2576
215.2772
215.3352
215.356175
215.377875
215.4489
215.484225
215.56515
215.6095
215.648275
215.710775
215.765525
215.811675
215.9501
216.02165
216.05525
216.064225
216.1605
216.20895
216.24245
216.406775
216.466125
216.521825
216.7996
