0.1477
0.492975
0.913725
2.201675
2.34915
3.47475
3.83125
4.6753
6.24465
6.302025
6.38965
6.7509
6.945175
7.08395
7.426375
7.581475
8.717875
10.0457
11.40155
11.6121
12.643775
12.8946
13.14175
14.651225
15.514675
15.53805
15.78565
15.857175
15.869225
15.9415
16.618525
17.90085
17.920675
18.13255
18.332575
18.33585
18.611475
19.1337
19.380075
19.738425
19.78125
20.441225
20.866075
20.920325
21.07185
21.643
22.155675
22.6567
23.1794
24.463375
24.676675
24.757225
24.976375
24.977675
25.25415
27.7147
28.703575
29.09985
29.387
29.60365
29.640375
29.682975
29.91375
30.748575
30.856875
31.34025
33.101475
33.44895
35.609025
36.513575
36.89265
36.977575
38.131175
38.4411
38.530925
38.556025
38.89235
39.455525
39.67185
41.58
42.246375
42.263275
43.727825
44.91055
45.308425
45.46275
45.581825
46.10685
46.370325
46.632275
46.9285
47.790625
48.48465
49.17
49.572825
49.725275
49.808325
49.88265
50.666675
50.8624
52.263175
52.5844
52.6539
52.805975
53.369575
53.985525
54.777025
55.0932
55.506625
55.5127
55.545275
56.1556
56.3189
56.741075
56.851075
57.09655
57.179
57.2158
57.26495
58.806
58.874875
58.932525
58.9635
59.730175
59.90275
60.667875
60.862475
61.165675
61.194775
61.279675
62.51115
63.3362
64.364425
64.663475
64.737425
65.7075
69.160725
69.512875
69.5215
70.109875
70.32765
70.517925
70.5372
70.7357
70.783375
70.83225
71.4293
71.849625
71.960325
72.0762
72.3901
73.31725
73.378975
73.564725
73.670625
73.84515
73.91215
74.01755
74.0326
74.151425
74.9969
75.21435
75.7293
76.081125
77.074425
77.8131
77.8982
79.135725
79.455025
79.7254
79.731275
79.8276
80.227575
80.522925
80.9413
81.16585
82.196725
82.485
82.5908
82.80935
83.072625
83.868675
84.364175
84.5795
84.751825
85.158725
85.2594
85.401675
85.473925
85.750975
85.854425
87.8401
89.28375
89.34945
89.7376
90.3524
91.5012
91.833775
92.039225
92.352175
92.7914
92.82685
92.975875
93.09625
93.26815
93.311175
93.38915
93.907525
95.562725
95.9021
95.929025
96.745525
96.772575
97.39725
97.40215
98.0971
98.52725
99.730325
100.3978
101.534125
101.54875
102.1959
102.443225
102.9336
103.383475
103.726225
103.889
103.94245
103.97025
105.25105
105.68195
106.281625
107.8133
108.13375
108.164925
108.28985
108.369125
108.371025
109.11965
109.144625
109.2415
110.212975
110.37665
111.675425
111.78635
112.8872
113.622125
113.977775
114.18475
114.975925
115.699075
116.899875
117.22015
117.24595
117.657475
117.65905
117.8323
118.390025
119.486675
120.040025
120.057675
120.38215
120.5126
120.534025
120.6458
120.776
121.062475
121.095275
121.726125
121.950325
121.9976
122.344575
122.495875
122.7681
123.346125
123.4838
123.625625
123.835475
124.0707
124.71745
125.245575
125.304475
125.7929
125.8733
126.486875
126.521525
127.5282
127.627825
128.32765
129.1981
129.80165
131.059025
133.4777
133.77135
134.971425
135.0543
135.4241
136.197325
136.4515
136.533225
136.674775
136.8082
137.40125
137.4033
138.75095
138.83985
139.10935
139.312025
140.017075
141.237625
141.569275
142.236275
142.389525
142.4154
142.767025
142.993875
146.186875
146.455125
146.51275
146.948575
147.287775
147.4213
147.7184
147.857325
148.201075
148.6354
148.666025
149.088075
149.23795
149.38005
150.123425
150.126525
150.570575
150.70435
150.774975
151.70445
151.8491
152.4679
152.498625
152.5661
152.603475
154.000125
154.036275
155.801575
155.9331
156.04
156.29935
156.3326
156.42525
156.686075
156.7277
156.730075
156.745825
158.5315
158.6905
159.513075
160.209825
160.861575
160.8652
161.1347
161.423725
161.535375
161.9619
162.40275
163.3591
163.413275
164.83395
165.522475
166.105075
166.67885
166.815375
167.72995
169.0045
169.90175
170.0489
170.140575
170.2778
170.880025
171.0181
171.289775
172.231525
173.09
173.299575
173.4596
173.67455
173.7549
173.7877
174.7807
175.55365
175.643525
176.482525
176.537825
177.0367
177.098775
177.333625
178.56365
178.636075
178.9795
179.354125
180.647975
180.789825
180.96155
182.105175
182.4734
183.84635
183.849225
183.9414
183.958575
184.279025
184.515275
184.775425
184.835425
184.928275
184.9538
186.047725
186.134975
187.1845
187.19355
187.896
188.246875
190.2093
190.54715
190.833525
190.9057
191.923075
192.0082
192.1254
192.160575
192.2005
192.208025
192.23545
192.251175
192.274775
193.656975
194.3393
194.41105
194.7923
194.928925
195.045
195.400475
195.56155
195.66435
195.6662
196.01725
196.084175
196.567675
196.578275
197.495075
197.621475
197.87345
197.971125
198.119925
198.256125
198.290275
198.408575
198.599875
198.8058
199.3817
199.4974
199.612425
199.760725
199.859575
199.941375
200.099025
200.585575
200.6719
200.67465
200.949525
201.08685
201.154225
201.275125
201.348
201.3765
201.378975
201.73215
201.8413
202.6052
202.807475
202.809925
202.85665
203.0253
203.128325
203.162025
203.621825
203.764925
204.1237
204.289125
204.383
204.418975
204.447025
204.68365
204.7538
204.836475
204.8457
205.02395
205.336975
205.4493
205.51495
205.744175
205.955625
206.11615
206.443275
206.458
206.49645
206.632625
206.661375
206.662875
206.726675
206.93815
206.97165
207.0487
207.059525
207.57935
207.619225
207.7075
207.842325
207.850725
207.852875
208.66255
208.827025
208.85415
208.955375
208.95635
210.102125
210.286375
210.484425
210.48585
211.032825
211.067625
211.645325
211.99625
213.364075
213.647325
213.78415
213.8194
213.885
214.052875
214.56595
214.74165
215.7771
216.2051
