0.09385
0.1653
0.3757
0.838825
0.942025
1.093775
1.1905
1.321925
1.801475
2.02365
2.15525
2.40885
2.62165
2.7579
3.13325
3.243675
3.605925
3.779225
3.91745
4.37625
4.52305
4.742425
4.822475
4.857125
5.076175
5.38785
5.567125
5.744275
6.075175
6.485975
7.17965
7.3627
7.6709
7.748875
8.323425
8.7743
9.359375
10.52475
10.672675
11.7077
11.7692
12.58905
13.694475
13.937025
14.187675
14.538425
15.31545
15.319525
15.5406
15.6572
15.80985
15.940475
16.1295
16.4012
16.733325
17.076975
17.139475
17.237125
17.3469
17.76645
17.881525
18.142075
18.457775
18.8482
18.94155
19.15425
19.5968
19.729825
19.857025
20.12125
20.23475
20.435075
20.4928
21.0128
21.232175
21.4007
21.533125
21.91175
22.449225
22.844125
23.52545
23.988875
24.326125
24.66325
24.878925
25.0629
25.400125
25.71275
26.585475
26.884
27.2119
28.018075
28.422425
29.09665
29.61965
29.79505
30.23865
30.4378
30.514175
30.518525
30.51915
30.70365
30.7756
30.859025
31.089875
31.144975
31.316875
31.533675
32.0401
32.2766
32.553925
32.695
32.780375
32.85035
33.051925
33.2994
33.50285
33.548175
33.9461
34.5088
34.616775
34.81655
34.9326
34.998475
35.137775
35.481975
35.611375
35.774225
36.0078
36.097325
36.21645
36.486025
36.675925
36.7628
37.071575
37.4276
37.43955
37.8029
37.8765
38.072975
38.30655
38.48815
38.6269
39.218
40.0466
40.259775
40.934425
41.1824
41.435
41.5256
41.9005
42.0529
42.757175
43.001975
43.643775
43.7182
44.263425
44.399525
44.4988
44.8586
45.203975
45.33305
46.32435
46.52845
46.796725
47.253625
47.59475
47.751775
48.0634
48.08255
48.463575
48.688175
48.783075
49.037175
49.1512
49.282075
49.515475
49.8733
50.269275
50.280325
50.46445
50.575
50.903025
50.9553
51.047525
51.18865
51.3953
51.799275
52.0899
52.275825
52.4111
52.7293
52.8831
52.9587
53.000925
53.061725
53.36465
53.702225
53.963525
54.200975
54.361775
54.627025
54.680125
54.790475
54.9158
55.0205
55.528075
55.6682
55.7193
55.90075
56.041075
56.393525
56.780925
56.992175
57.3938
57.683875
57.8335
57.983275
58.320725
58.607275
58.92785
59.093975
59.209575
59.886
59.96775
60.270475
61.03125
61.615275
61.85425
62.60125
63.62795
63.87255
64.554
65.57185
66.17405
67.033675
67.2214
67.985425
68.16445
68.605325
69.079
69.31195
69.4892
69.5639
69.794125
70.000875
70.114825
70.138775
70.490175
70.604675
70.70285
70.77345
70.80465
71.149375
71.304925
71.383075
71.5516
71.6355
71.8883
72.0775
72.311
72.52345
72.6771
72.827075
72.990325
73.346125
73.531925
73.845625
74.102775
74.276575
74.70645
74.862125
75.11215
75.329175
75.497625
75.6839
76.283375
76.372925
77.00675
77.09525
77.3031
77.79505
78.04765
78.277175
78.752
78.99455
79.468925
79.9084
80.24505
80.670725
80.935475
81.006125
81.2242
81.4506
81.61995
81.823175
81.8666
82.0895
82.296525
82.430825
82.612525
82.715275
82.9977
83.215025
83.309025
83.663925
83.933825
84.730525
84.844775
85.06835
85.237
85.241975
85.39285
85.452625
85.652075
85.7803
86.016425
86.4152
86.60715
86.793425
86.844925
86.91285
87.040625
87.109925
87.373625
87.741225
88.1469
88.244175
88.4922
88.556175
88.657325
89.227875
89.292675
89.450625
89.59945
90.051625
90.6359
90.77965
91.014225
91.512325
91.6771
91.81745
92.031
92.226225
92.278875
92.684475
92.775175
92.877425
93.07525
93.699
93.8538
94.107225
94.723875
95.049175
96.267575
96.88105
97.147575
97.574425
97.6301
97.886
98.1327
99.1123
99.353775
100.54375
101.07995
101.53285
101.6996
102.058425
102.64455
102.807575
103.023275
103.310725
103.43275
103.50725
103.714
103.757725
103.92815
104.002
104.129325
104.296075
104.448025
104.55735
104.8595
104.924425
105.1587
105.572375
105.826125
105.9283
106.01675
106.25695
106.3045
106.636325
106.860725
107.0231
107.0828
107.217775
107.2927
107.495325
107.59675
107.697525
107.819925
107.920025
108.371375
108.42345
108.952775
109.084425
109.249325
109.467025
110.126475
110.58925
110.6769
110.776975
111.00685
111.301275
111.8201
112.00395
112.820225
112.9931
113.734375
114.35035
114.620375
114.81365
115.251925
115.466875
116.3559
116.4016
116.5116
117.1027
117.463675
118.5231
118.55875
118.861325
118.942725
119.067675
119.127975
119.142975
119.1749
119.2729
119.7435
120.1488
120.6108
120.7001
120.7686
121.0145
121.747125
121.881825
121.9422
122.232675
122.300025
122.5578
123.124225
123.1724
123.396225
123.52385
123.7599
123.902725
123.954125
123.978575
124.2792
124.5402
124.895575
125.167375
125.220125
125.757475
126.243625
126.887675
127.702025
127.83665
128.79115
129.582725
129.93975
130.341525
130.582675
130.7287
131.0913
131.454175
131.6654
131.9514
132.436725
133.0877
133.4496
134.03015
134.0933
134.45145
134.593875
135.25875
135.42515
136.474975
136.715225
136.895625
137.264775
137.3544
137.609025
137.798075
138.042475
138.25955
138.77775
138.9467
139.108925
139.178975
139.308075
139.991525
140.4314
140.468475
140.604375
141.035
141.45735
141.7019
142.0379
142.2467
142.345575
142.487725
142.7647
142.96245
143.208225
143.3379
143.40965
144.034075
144.2119
144.298025
144.34545
144.64435
144.89375
144.9351
145.04595
145.444975
145.556575
145.8603
146.1111
146.310025
146.56615
146.616
146.74735
147.64345
148.04845
148.110925
148.49975
148.746775
148.9511
149.231725
149.515575
149.8941
150.3067
150.4014
150.810625
151.741175
151.7617
151.8346
152.0733
152.2555
152.34515
152.395775
152.5825
152.67405
153.375675
153.4135
153.570075
153.7083
154.3482
154.437875
154.517075
154.815525
155.09965
155.21525
155.44305
155.7437
155.861675
156.198125
156.3492
156.550525
156.9492
157.115625
157.984575
158.288075
158.585675
158.676375
158.8027
158.8558
158.878275
158.933825
159.297975
159.94385
160.3185
160.63775
160.874875
161.061875
161.133375
161.43175
161.84755
162.1811
162.541125
162.646925
163.163425
163.425475
163.750625
163.882025
164.386325
164.56485
165.02235
165.333025
165.560375
166.411425
166.6299
166.838725
166.91845
167.3659
167.438525
167.962875
168.064675
168.085025
168.4131
168.962525
169.4428
169.6146
170.074325
170.22935
170.65325
171.0002
171.1369
171.345675
171.57475
171.887125
171.978425
172.289375
172.758075
172.88465
173.12175
173.458075
173.580825
173.718175
173.808075
174.21405
174.82875
174.850875
175.016825
175.204825
175.331975
175.765475
175.938
176.153775
176.242175
176.3126
176.3889
176.410525
176.64245
177.005975
177.161475
177.372125
177.579625
177.680925
177.786475
178.04245
178.572975
178.67695
178.944975
179.33355
179.474325
180.04015
180.21155
180.50685
180.6826
180.80445
181.63815
181.714
181.91905
182.09265
182.485175
182.653925
183.437225
183.728625
183.929075
184.61245
184.8096
184.9584
185.309075
185.484175
185.613625
185.6543
185.846825
186.110025
186.438075
186.491575
186.5819
186.7917
186.84315
187.2785
187.4501
187.530625
187.775025
187.872325
187.964475
188.599425
188.76495
188.8767
189.2036
189.5774
189.73825
189.794425
189.92045
190.0548
190.190425
190.518775
190.93195
191.0125
191.1575
191.2814
191.63115
191.853775
191.953075
192.037
192.082575
192.1524
192.300225
192.44145
192.54225
192.75785
192.808625
192.952025
193.024575
193.067875
193.1344
193.2407
193.346275
193.4298
193.7544
193.8249
193.83695
194.02385
194.401775
194.595025
194.691725
194.732975
194.988325
195.4932
195.7151
195.833025
195.856675
195.92705
196.327
196.512125
197.140975
197.269275
197.614975
197.7575
197.928875
198.6293
199.7911
200.384725
200.56645
201.259075
201.864875
202.244475
202.6592
202.993575
204.995375
205.3118
205.4866
205.72205
206.186175
206.250675
206.513625
206.891975
207.183575
207.516
207.6102
208.0196
208.129125
208.163875
208.253375
208.578775
208.81015
208.9017
208.983325
209.2089
209.685225
209.804375
210.17975
210.304025
210.47525
210.59235
210.859075
211.1968
211.464475
211.553775
211.633275
212.0269
212.1691
212.5413
212.962975
213.2005
213.3495
213.4498
213.740625
213.879975
214.2434
215.006175
215.4092
215.9992
216.36115
