1.272275
2.537775
2.611025
5.927975
6.023125
6.1473
9.94465
11.769275
12.637175
15.296675
17.7439
22.394775
23.407375
24.676325
26.7522
28.672
31.818075
36.553725
37.97445
43.190525
43.25425
44.01965
44.0372
44.748475
44.765475
44.7991
44.851425
46.639075
49.5468
50.021525
51.032425
54.06675
54.0773
54.0933
55.02335
55.83415
60.35555
61.073775
61.87695
62.63405
63.58805
66.239925
67.118575
67.18395
67.216275
68.03875
68.977375
70.081725
71.13035
71.1487
72.56775
73.302775
74.17955
74.193875
75.2009
76.017125
76.0878
80.953375
83.65325
83.716725
86.297225
92.55845
92.609925
97.043775
97.053225
97.2432
97.63915
97.662575
98.488375
98.55145
99.4021
100.555875
100.5633
100.5855
100.6077
100.6126
107.65585
108.76475
110.16315
110.9586
110.99395
112.8089
113.687275
115.517375
118.557875
119.66065
121.0223
121.080475
121.785525
123.146275
123.53495
124.067875
124.12265
124.2156
125.0812
125.926825
127.880375
129.53055
129.65
131.6274
136.1532
139.819775
146.718175
147.667425
147.7038
148.467975
148.481375
152.114475
152.147975
153.28085
159.0852
160.23015
160.23735
160.251275
160.96225
162.607525
163.5252
165.463125
167.42305
169.677075
172.43745
173.13825
177.365425
178.199075
178.2279
178.235975
178.252475
178.5095
179.3669
180.168175
181.838425
181.88175
182.49975
183.436825
183.6654
184.65685
184.752675
187.672875
188.211725
189.744075
190.800275
191.05665
191.672775
191.705075
191.805525
191.854675
193.015825
193.052675
193.075275
193.682375
193.789225
194.422375
194.6902
194.98855
195.70065
196.634
198.7021
200.446525
201.175925
201.254625
202.108925
202.13575
202.919725
203.226825
203.9203
206.898825
207.041
207.88955
207.960025
208.52985
209.02
209.593575
209.7443
210.218075
210.5064
212.0529
212.9989
213.765575
214.539525
