0.287475
1.2411
1.857425
1.927625
2.607775
2.944
3.726825
4.3491
4.443325
4.987175
5.478925
5.573625
6.265875
6.425325
7.317
7.45075
8.321075
9.07735
9.9907
10.554425
11.72545
12.036025
12.685325
12.756325
13.732075
13.83755
14.539325
14.633425
15.409875
15.540475
17.002625
17.048475
17.24575
17.894
17.986575
18.886925
19.689775
19.705425
20.36
21.31215
21.387
22.290925
22.34535
23.335025
23.439975
24.0077
24.101175
24.7842
25.86975
26.919275
27.11305
27.8643
29.106775
29.2355
29.639
30.243775
30.35165
30.403325
30.747125
31.29285
31.366425
32.226575
32.366775
32.571525
33.505
33.51435
34.4953
35.631925
35.836575
35.888125
36.625925
36.69135
37.327875
37.472825
38.273
39.1186
39.303625
40.14465
41.900325
42.004675
43.0457
43.2798
44.078325
44.907925
45.03695
45.56345
46.28005
46.427325
47.2755
48.278825
48.94195
49.207975
50.996175
52.211425
52.377225
52.5689
53.0389
53.93345
54.770075
54.887325
55.6574
56.217925
56.858175
56.958375
57.54105
57.61835
57.86125
58.315425
58.3377
58.451725
59.151875
60.240925
60.39985
60.9419
60.97325
61.166625
61.675825
62.639725
62.806725
63.698625
63.741475
64.486675
64.75935
65.507975
66.098275
66.32335
67.115375
67.129375
67.208225
68.06135
68.12265
68.566425
68.639075
69.224625
69.31855
70.43745
70.575625
71.1753
71.23175
71.394325
71.479075
72.668675
72.68775
72.821025
73.36315
73.4071
73.572425
74.239125
74.388
74.7473
75.477
75.4974
75.709925
77.954375
77.967
78.140975
78.24135
78.302425
79.0073
80.05095
80.1335
81.06735
81.0985
81.196125
81.62195
81.711175
82.33275
82.4516
82.49555
83.126
83.229075
85.16525
85.37965
85.69705
86.351075
87.5757
88.318175
88.4325
89.27755
89.996
91.62545
92.1418
92.7744
92.957925
93.826025
93.92445
94.56075
94.575275
94.7507
94.841875
95.300225
95.3491
96.26675
97.06155
97.276175
97.849575
97.958
98.67525
99.327925
99.3737
100.535925
101.191975
102.0175
102.0236
102.450225
103.71165
103.91765
104.081775
104.875325
105.539475
105.6779
106.334225
107.115175
107.14125
107.168625
107.24175
107.565025
107.59715
108.00065
109.1005
109.999675
110.23115
110.270825
111.030475
111.7651
112.201775
112.741425
112.9837
113.67015
114.536875
114.7335
115.522425
115.639575
116.58115
116.658775
117.380625
117.46725
118.617325
118.83185
119.834375
119.9854
120.528375
120.5679
121.679375
121.693725
121.8102
121.9694
122.066875
123.068625
123.091775
123.126
123.284325
124.142225
124.1705
124.280175
124.9879
125.986525
126.8434
127.8023
127.991275
128.514625
128.61625
128.6646
128.672325
128.73215
128.794475
129.575625
129.737375
130.532775
131.593025
132.5068
132.602075
132.62215
133.42965
134.340525
134.3671
135.344475
136.187275
136.252325
136.830075
137.053425
137.2176
138.83405
138.97555
140.035025
140.459925
140.49335
141.651575
141.74555
142.0224
142.1833
143.011325
143.14375
143.2838
144.10965
144.8399
144.86935
145.734025
145.9649
146.57065
146.6425
146.759875
147.577875
147.5879
147.70475
147.881125
148.1488
148.90035
149.730875
149.732525
151.4915
152.0033
152.33885
152.4361
153.4879
153.578875
154.484825
154.961
156.19135
156.284325
156.9502
157.8738
157.885275
158.558175
158.56625
159.285125
159.43635
160.23955
160.253425
160.74115
161.64755
161.6818
162.431475
162.47395
163.476275
163.564425
164.480225
164.515775
164.6003
165.49665
165.779775
166.353875
166.459175
166.809675
167.43835
168.491375
169.53115
169.5317
169.748075
169.83825
170.118725
171.049225
171.130625
171.449225
172.2019
173.2863
173.446875
173.528025
173.667325
174.90135
175.0096
175.084375
175.92645
176.06325
176.07385
176.24645
176.311175
176.38885
176.504525
177.263375
177.4082
177.871325
177.984825
178.15075
179.222475
179.3187
179.336175
180.04325
180.064775
180.076625
180.64105
180.7434
181.404725
181.482475
181.552025
181.710625
181.74445
182.450475
182.45645
182.529725
183.44545
183.65185
184.6837
184.750225
185.715425
186.459875
187.791475
188.4768
188.50405
188.647775
189.519425
189.5937
189.91435
190.25695
191.056
191.603375
191.698975
191.740225
191.8542
191.938325
191.985325
192.119575
192.288125
192.8628
193.678775
193.9212
194.813175
195.644725
196.394625
196.7202
196.754975
196.8344
196.91695
197.44945
197.551425
198.512825
198.560875
199.564325
199.665
200.283
200.6224
201.2218
203.058175
203.806125
203.842525
204.671975
205.438625
206.3726
206.388375
206.9882
207.096525
208.04215
208.5266
208.794725
209.035675
209.820275
210.271625
211.13375
211.4949
212.047675
212.06095
212.135325
212.92465
212.9415
213.85385
213.9407
214.45245
214.5339
215.152125
216.1695
