0.017425
0.385825
0.395625
0.462925
0.5941
0.6191
0.636375
0.670825
0.752425
0.7894
0.860325
0.886125
0.96505
1.002875
1.0956
1.549075
1.559275
1.6054
1.663025
1.7215
1.77135
1.852425
1.895775
2.006225
2.1182
2.357825
2.49135
2.526475
2.5653
2.633525
2.805875
3.502225
3.604125
3.6523
3.79385
4.43395
4.524875
5.8559
5.8607
5.8644
5.875925
5.882175
5.8857
5.935625
5.96075
5.982525
6.00685
6.030475
6.03685
6.068525
6.105525
6.119875
6.30995
6.3695
6.6522
6.78355
6.842575
6.965775
7.011875
7.318125
7.34255
7.359975
7.37865
7.992025
8.045175
8.069
8.09495
8.1027
8.470375
9.112125
9.141375
9.154675
9.206275
9.514825
9.619025
9.6856
9.977825
10.174675
10.35445
10.560075
10.607475
10.716475
11.133625
11.17025
11.29345
11.304725
11.688175
11.730125
11.992025
12.525825
12.57205
12.86345
13.7004
14.09405
14.19825
14.210575
14.21365
14.503675
14.614275
15.219525
15.263575
15.385875
16.191475
16.227125
16.266675
16.3261
16.33355
16.355525
16.41845
16.431875
16.482525
16.54665
16.5623
16.678775
16.699825
16.703125
16.87465
17.015075
17.19585
17.255675
17.677525
17.692325
17.72765
17.94055
17.94825
17.95965
17.97705
17.9808
18.022875
18.025925
18.29075
18.298775
18.363775
18.37935
18.474775
18.548175
18.636975
18.97335
18.994725
19.03425
19.080525
19.199225
19.289975
19.326025
19.410675
19.47145
19.5146
19.5826
19.701475
19.812975
19.90425
20.260125
20.325
20.4167
20.43975
20.494525
20.6196
20.737
21.08145
21.089175
21.099175
21.17435
22.06005
22.3962
22.5026
23.309025
23.312225
23.34865
23.3675
23.39055
24.62535
24.629475
24.67495
24.886075
25.657125
26.993275
27.002275
27.116175
27.263
27.404825
27.432825
27.5168
27.556775
27.58825
27.681675
27.722175
27.80295
27.9904
27.9985
28.5619
28.56525
28.574425
28.596225
28.606675
28.61715
28.6318
28.640725
28.654325
28.66315
28.7244
28.74
28.76545
28.800525
28.85475
28.9173
28.975925
29.049275
29.0861
29.1473
29.1702
29.245375
29.27345
29.3008
29.35285
29.5287
29.608025
29.63055
29.728075
29.795575
29.8832
29.96195
30.110675
30.2588
30.29405
30.35935
30.4993
30.588825
30.662775
30.772225
30.90805
31.033775
31.1716
31.197625
31.334225
31.40335
31.482325
31.60115
31.6274
31.659925
31.680625
31.823325
31.94915
31.95595
31.9751
31.9944
32.043275
32.072775
32.15325
32.2397
32.296875
32.376075
32.40925
32.422375
32.430875
32.452625
32.476775
32.4935
32.508425
32.52165
32.554025
32.5705
32.645175
32.788
33.640525
33.91025
34.1853
34.761075
34.909325
35.089275
35.117925
35.150675
35.219575
35.266325
35.350125
35.38555
35.457525
35.543125
35.57175
35.5971
35.6143
35.7239
35.740875
35.80315
35.82935
35.8626
35.97065
36.010025
36.043875
36.078625
36.100675
36.2097
36.318975
36.356775
36.3932
36.471825
36.4968
36.631625
36.88675
36.9335
36.9648
37.712325
37.84405
37.876325
37.8842
37.89075
37.899
37.906875
37.919925
37.930275
37.9379
37.9466
37.95175
37.9651
37.985075
38.001125
38.015625
38.53855
38.5607
38.5971
38.652275
38.70085
38.753525
38.78765
38.8682
38.956725
38.984325
39.009325
39.065775
39.136225
39.189725
39.222475
39.250325
39.263575
39.32285
39.49685
40.2778
40.771725
40.80595
40.824
40.853075
40.8793
40.994325
41.17405
41.223625
41.232875
41.26745
41.2719
41.308075
41.339425
41.378
41.4072
41.456175
41.508425
41.543275
41.580925
41.61425
41.635825
41.6851
41.787475
41.807025
41.9226
41.982275
42.011175
42.90575
43.0077
43.024175
43.058775
43.092775
43.85415
43.858675
43.878825
43.902325
43.960675
43.996725
44.411675
44.4474
44.4766
44.49875
44.52165
44.736625
44.745525
44.967175
45.010625
45.277025
45.3176
45.4327
45.459475
45.506825
45.61705
45.88145
45.971975
46.060625
46.109175
46.117625
46.1503
46.172025
46.32145
46.325
46.357675
46.3667
46.41795
46.4716
46.932625
47.1233
47.16525
47.2643
48.034275
48.142275
48.158
48.190075
48.228925
48.290325
48.325075
48.38225
48.4154
48.5738
48.7161
48.7778
49.4994
49.58065
49.59835
50.14545
50.163075
50.243325
50.38
50.3925
50.47525
50.53725
50.5983
50.653325
50.6605
50.7561
51.334925
51.3604
51.601375
51.660675
51.6864
51.715675
51.7639
51.864775
51.92995
51.962625
51.9814
52.0242
52.07305
52.115525
52.231
52.302575
52.390525
52.4343
52.979375
53.034075
53.06825
53.106925
53.168425
53.2417
53.259
53.2964
53.395975
53.496275
53.649275
53.859775
53.8882
54.157325
54.198175
54.2723
54.38935
54.445975
54.543675
54.59645
54.650175
55.13895
55.156325
55.17115
55.194625
55.244375
55.27745
55.3418
55.38565
55.475375
55.503775
55.555375
55.597425
55.63005
55.69285
55.714875
55.74205
55.78755
55.846975
55.8822
55.9162
56.87115
56.874
56.877325
56.89415
56.89965
56.905575
56.9161
56.93145
56.950425
56.961
56.97975
57.014575
57.038875
57.05425
57.057525
57.0856
57.090875
57.102825
57.1231
57.146025
57.1601
57.20815
57.30075
57.3238
57.372325
57.4183
57.421575
57.907875
57.922075
57.943725
57.965875
57.973675
57.98925
58.00025
58.08905
58.098975
58.280425
58.344575
58.37495
58.4361
58.506125
58.5349
58.548675
58.5671
58.61515
58.72195
58.8014
58.831325
58.947275
58.9556
58.976625
58.98725
59.008975
59.036475
59.140825
59.2372
59.2955
59.328225
59.400075
59.510875
59.634375
59.6608
59.66595
59.68535
59.71075
59.741725
59.79615
59.8339
59.865025
59.90265
60.00655
60.2303
60.311175
60.3306
60.488525
60.5498
61.166075
61.193275
61.2507
61.259925
61.2989
61.336475
61.385725
61.419725
61.44685
61.4935
61.570625
61.64895
61.71045
61.736975
61.818325
61.8465
61.8968
61.969525
61.994775
62.023875
62.052325
62.142175
62.199725
62.254275
62.385775
62.4375
62.482
62.513275
62.544325
63.028675
63.0558
63.06875
63.07235
63.2042
63.2365
63.2802
63.37125
63.48285
63.5091
63.5273
63.602475
63.6727
63.7794
63.901
63.9359
63.96475
64.077375
64.087625
64.11015
64.14195
64.18575
64.20395
64.26185
64.50425
64.795375
64.8241
64.887775
65.7691
65.831625
66.021725
66.029125
66.039925
66.05025
66.07685
66.09335
66.097525
66.106375
66.132525
66.150625
66.33225
66.335775
66.3393
66.466325
66.51335
66.55415
66.6217
66.662275
66.7178
66.743825
66.78955
66.8124
66.86345
66.903525
66.929325
66.9505
67.08275
67.113475
67.135175
67.325175
67.366725
67.37005
67.42825
67.451775
67.4944
67.574025
67.60995
67.71565
67.75885
67.809275
67.81885
67.845925
67.901375
67.919675
68.0032
68.0374
68.193775
68.225425
68.456425
68.571875
68.59555
68.636275
68.712225
68.7514
68.768225
68.8625
68.9948
69.02045
69.7531
69.77795
69.7857
69.834025
69.860275
69.875575
69.93125
70.141275
70.49195
70.5228
70.530725
70.58635
70.603675
70.657275
70.675275
70.728225
71.0802
71.0845
71.092475
71.110475
71.11425
71.115125
71.123125
71.133825
71.1425
71.17455
71.2312
71.2733
71.28465
71.470775
71.515075
71.550175
71.57805
71.590175
71.640525
71.673725
71.686925
71.741225
71.79365
71.832275
71.857275
71.8927
71.923375
71.9431
71.989375
72.01125
72.047025
72.073575
72.135975
72.180875
72.200525
72.24185
72.276375
72.316875
72.367125
72.397625
72.432975
72.46795
72.509525
72.598925
72.62435
72.67015
72.723025
72.759825
72.7757
72.7834
72.806875
72.85385
72.87835
72.8959
72.9211
72.9681
73.008275
73.04795
73.092175
73.13995
73.507775
73.54575
73.584325
73.661675
73.709875
73.73225
73.7768
73.9274
73.944525
73.953025
73.999425
74.032575
74.04915
74.465775
74.492725
74.56045
74.6007
74.609275
74.6543
74.69635
74.7804
74.830675
74.86965
74.887075
74.913025
74.94665
74.964575
75.004025
75.041725
75.09215
75.163925
75.1909
75.294175
75.299875
75.317525
75.34315
75.360875
75.373325
75.411675
75.441125
75.471525
75.51145
75.589825
75.697925
75.712425
75.747325
75.7992
75.843875
75.8734
75.9088
75.946925
75.9518
75.96475
75.990375
76.0323
76.074925
76.101875
76.19615
76.22725
76.26655
76.36625
76.428625
76.434825
76.447175
76.4592
76.4892
76.5592
76.664175
76.7153
76.758175
76.783875
76.8417
76.8789
76.901675
76.914375
77.21325
77.287075
77.361925
77.413575
77.483875
77.578425
77.62765
77.679375
77.72965
77.7844
77.8338
77.927675
77.95345
78.665875
78.71225
78.7526
78.768975
78.78835
78.825675
78.9499
78.958225
79.0102
80.05145
80.069375
80.13705
80.150825
80.17795
80.335125
80.3755
81.0395
81.066325
81.077225
81.094075
82.126375
82.839725
82.870875
82.959875
83.207625
83.3028
83.40255
83.40735
83.434425
83.48565
83.5127
83.52175
83.559275
83.60775
83.7809
83.856725
83.945075
83.971625
84.056325
84.10565
84.1491
84.4382
84.45995
84.46715
84.478475
84.5878
84.606
84.6132
84.6519
84.7721
85.36395
85.391225
85.4695
85.4773
85.4933
85.6047
85.620475
85.76725
85.80805
85.859275
85.92155
85.95985
86.097275
86.124325
86.161825
86.22635
86.300825
86.46665
86.510825
86.664975
86.71915
86.8089
86.83225
86.89955
86.9395
86.966875
87.056675
87.138575
87.172125
87.17745
87.18195
87.2108
87.22385
87.29435
88.0481
88.051525
88.08055
88.098975
88.115275
88.122225
88.2253
88.23965
88.263775
88.2694
88.281175
88.3111
88.3333
88.38005
88.434575
88.493225
88.59765
88.648475
88.703525
88.72495
88.791675
88.807275
88.8311
88.928575
89.0134
89.22815
89.268975
89.293325
89.3449
89.351925
89.360025
89.36385
89.4097
89.4704
89.5215
89.548375
89.617275
89.62425
89.674925
89.69645
89.759875
89.816625
89.847125
89.8926
89.903825
89.94245
89.977225
90.04665
90.3349
90.355275
90.401575
90.59375
90.6498
90.6747
90.724175
90.73315
90.945725
90.95895
91.284875
91.297975
91.326325
91.330875
91.664325
91.7594
91.8159
91.8223
91.862675
91.923375
91.9737
92.003275
92.025275
92.056625
92.06705
92.10615
92.1319
92.1644
92.19645
92.26835
92.360175
92.3749
92.384275
92.395975
92.401775
92.406825
92.411175
92.424525
92.431725
92.4355
92.45585
92.474725
92.48275
92.5447
93.081325
93.08385
93.087575
93.1183
93.1289
93.1434
93.156075
93.165
93.1758
93.1932
93.198825
93.229
93.262925
93.2839
93.321425
93.34455
93.373425
93.400425
93.449925
93.485
93.513575
93.54225
93.566675
93.5974
93.630625
93.6687
93.6797
93.74925
93.780725
93.8122
93.82505
93.85745
93.947775
94.1449
94.188525
94.24785
94.3331
94.807275
94.885725
94.889725
95.27035
95.273975
95.287225
95.296075
95.303375
95.311525
95.345375
95.35335
95.636
95.65315
95.691775
95.721975
95.804525
95.809875
95.852525
95.923575
95.976675
96.084925
97.00575
97.0473
97.07635
97.459275
97.5293
97.578075
97.6317
97.66775
97.698625
97.722025
97.737275
97.773325
97.80105
98.454075
98.4712
98.476425
98.5283
98.540625
98.5481
98.561725
98.57285
98.578725
98.588625
98.5965
98.6078
98.614275
98.62175
98.633825
98.64115
98.661525
98.67875
98.7212
98.7622
98.922375
98.9689
99.065225
99.116175
99.24495
99.35275
99.3915
99.457125
99.5046
99.56715
99.64135
99.686125
99.69465
99.717875
99.7732
99.872725
99.877075
100.2098
100.246125
100.296975
100.317625
100.337225
100.37225
100.400925
100.43655
100.463275
100.562125
101.2046
101.227875
101.26275
101.298475
101.3364
101.357275
101.389825
101.419475
101.44785
101.566025
101.613075
101.630725
101.647475
101.724675
101.7747
101.863425
101.889475
101.89885
101.9814
102.093
102.182975
102.7669
103.203925
103.2602
103.2905
103.3157
103.33525
103.347475
103.385425
103.45405
103.5204
103.59935
103.613
103.6403
103.651325
103.67705
103.699975
103.7128
103.7272
103.744875
103.79785
103.814675
103.844825
103.88965
103.926025
103.93325
104.00245
104.0657
104.312525
104.36325
104.411575
104.513175
104.580525
104.6673
104.6762
104.8031
104.81115
104.854175
104.8801
104.9151
104.968875
104.984375
104.997475
105.030025
105.09635
105.15055
105.234475
105.2742
105.310975
105.378375
105.45845
105.4754
105.513375
105.54235
105.642025
106.040975
106.135525
106.215475
106.349125
106.374575
106.396
106.510325
106.567975
106.593725
106.61705
106.62565
106.997925
107.189575
107.195075
107.225625
107.230025
107.23375
107.2382
107.254875
107.26405
107.554825
107.587025
107.611875
107.629125
107.6349
107.6494
107.6614
107.669825
107.6952
107.719325
107.743725
107.790175
107.828325
107.850075
107.88305
107.947975
107.98835
108.006375
108.040625
108.074525
108.113975
108.141975
108.1942
108.235675
108.260975
108.286775
108.2979
108.302325
108.308675
108.319625
108.3418
108.35105
108.413525
108.444725
108.50495
108.55945
108.588075
108.654
108.669125
108.673775
108.7267
108.797275
108.83205
108.891075
108.933125
108.967475
109.001675
109.178675
109.212575
109.266775
109.30515
109.312325
109.406525
109.4653
109.594425
109.612425
109.667825
110.0304
110.050525
110.061425
110.0681
110.08315
110.10285
110.10945
110.336725
110.362375
110.4017
110.420275
110.445975
110.4788
110.5093
110.5493
110.582075
110.66565
110.695375
110.718775
110.760475
110.81675
110.84705
110.87665
110.9036
110.935425
110.947025
110.961375
111.095275
111.243675
111.2924
111.54045
111.604375
111.641525
111.682125
111.76275
111.823575
111.848475
111.886175
112.39635
112.44585
112.50465
112.537975
112.67055
112.694175
112.731125
112.7836
112.834575
113.1483
113.2255
113.270225
113.2771
113.30175
113.304725
113.4091
113.4852
113.5907
113.62745
113.686625
113.853375
114.817675
114.86275
114.9098
114.923375
115.020975
115.091375
115.1368
115.206525
115.244325
115.279
115.296625
115.318275
115.452575
115.502175
115.60375
115.7024
116.208025
116.433675
116.4647
116.573725
116.592675
116.614425
116.643025
116.662925
116.69125
116.75545
116.8432
116.871675
117.46105
117.466975
117.489675
117.507275
117.8162
117.844925
117.8616
117.9409
117.9814
117.999775
118.36965
118.434125
118.516825
118.52065
118.66355
118.85755
118.92885
118.949525
118.9793
119.054575
119.0876
119.113675
119.209375
119.2549
119.2672
119.3965
119.61585
119.7107
119.901575
119.9679
120.0093
120.026375
120.1766
120.6124
120.6978
120.732725
120.779425
120.859475
121.2969
121.30435
121.3174
121.340275
121.36445
121.372875
121.408125
121.4306
121.46955
121.473
121.593
121.64465
121.665825
121.6698
121.6756
121.6843
121.7018
121.733225
121.786275
121.833375
121.869775
121.898475
121.935075
121.960075
122.02015
122.0882
122.112325
122.13255
122.16715
122.202675
122.23195
122.259125
122.29445
122.321025
122.34715
122.36115
122.3714
122.3974
122.457175
122.546875
122.5644
122.597525
122.626875
122.65215
122.769875
122.785075
122.829
122.854725
122.886075
122.92175
122.953925
122.9684
123.021075
123.050925
123.0861
123.20615
123.240325
123.375225
123.464425
123.56355
123.644025
123.7455
124.07185
124.0896
124.121275
124.15835
124.28005
124.501775
124.506125
124.56675
124.61025
124.6506
124.70735
124.771075
124.818225
124.8386
124.87925
125.071575
125.0938
125.1924
125.565775
125.582725
125.592725
125.599925
125.608775
125.76705
125.7866
125.805575
125.831325
125.96235
125.9868
125.991675
126.122025
126.262475
126.2924
126.562375
126.607375
126.652375
126.669275
126.710775
126.7568
127.153725
127.18605
127.20905
127.2183
127.449275
127.532075
127.546275
127.593575
127.639
127.66465
127.68805
127.7204
127.75695
127.910275
127.98665
128.076075
128.2405
128.3326
128.411825
128.451025
128.487175
128.53315
128.609825
129.040375
129.0557
129.095525
129.119625
129.15135
129.194825
129.2259
129.284975
129.315875
129.33035
129.4152
129.5758
129.595825
129.636575
129.67875
129.7275
129.918625
129.939025
129.960875
129.973425
129.99485
130.0032
130.0083
130.018475
130.036675
130.0577
130.06395
130.0992
130.571025
130.5775
130.591825
130.8561
130.922875
130.961625
131.011225
131.13785
131.502325
131.548425
131.6207
134.167825
134.415275
135.094075
135.0977
135.1523
135.26275
135.274975
135.30345
135.318375
135.397925
135.81225
135.851975
135.86195
135.960225
136.024525
136.143275
136.18865
136.93865
136.970025
137.466525
137.472
137.502125
137.523225
137.531325
137.567375
137.570375
137.604675
137.612675
137.655225
137.722725
137.80415
137.841975
137.8819
137.9438
137.9665
138.07255
138.10505
138.138375
138.15525
138.161875
138.171175
138.180125
138.20315
138.2064
138.2325
138.28435
138.296025
138.34105
138.39005
138.415825
138.4782
138.526675
138.71085
138.768025
138.77605
138.7825
138.8098
138.84025
138.861525
138.8967
139.004875
139.029675
139.061325
139.080625
139.1066
139.22065
139.258425
139.37405
139.3993
139.581775
139.630725
139.676725
139.682625
139.751775
139.8154
140.591525
140.602175
140.6315
140.666725
140.68335
140.975675
141.0056
141.026025
141.05685
141.099525
141.1566
141.23545
141.2938
141.327
141.354225
141.39115
141.429425
141.455575
141.49525
141.54475
141.591025
141.6287
141.63695
141.662375
141.719625
141.7309
142.051525
142.405475
142.426175
142.4899
142.5517
142.605675
142.613
142.649025
142.6701
142.768575
142.8182
142.85695
142.86755
142.879475
142.909725
142.929975
142.938125
143.0235
143.0753
143.108525
143.183475
143.219525
143.25425
143.30405
143.3615
143.404175
143.47265
143.50975
143.562325
143.598325
143.6061
143.655875
143.682725
143.70505
143.76965
143.8091
143.827875
143.863675
143.895625
143.9214
144.050675
144.098325
144.101825
144.286425
144.32805
144.38535
144.769
144.92655
144.948875
145.0231
145.1554
145.188675
145.473775
145.4783
145.4906
145.519625
145.536025
145.64105
145.6613
145.71375
145.769525
145.811925
145.88775
146.1914
146.224175
146.269375
146.309375
146.372075
146.403525
146.498625
146.537425
146.598175
146.684075
146.7145
147.008225
147.071725
147.13005
147.144025
147.16685
147.20975
147.295575
147.444375
147.4888
147.506925
147.536675
147.567425
147.85445
147.860025
147.886375
147.890275
148.048225
148.0901
148.1153
148.148775
148.1831
148.239925
148.883525
148.893925
148.9081
148.9258
148.952525
149.010525
149.02615
149.042125
149.0615
149.133275
149.1382
149.22925
149.2994
149.304525
149.335075
149.34695
149.3654
149.418425
149.542225
149.5643
149.59815
149.877025
149.911525
149.980075
150.064925
150.174125
150.390025
150.4287
150.51355
150.552675
150.633
150.764325
150.809225
150.840225
150.893025
150.972825
150.991875
151.0281
151.08515
151.176125
151.185975
151.20595
151.373975
151.554275
151.6211
151.6707
151.703375
151.7757
151.810425
151.900725
151.935475
151.9935
152.0721
152.081125
152.214975
152.3885
152.653
153.220775
153.225
153.235025
153.2432
153.254275
153.262725
153.2793
153.29925
153.387575
153.689425
153.87725
153.909275
153.98465
154.0838
154.11335
154.157525
154.1819
154.231125
154.2941
154.318525
154.3826
154.415775
154.448975
154.53865
154.58745
154.6261
154.7385
155.164375
155.788175
155.8251
155.847
155.8712
155.929775
155.974675
156.0923
156.124525
156.1951
156.24095
156.264175
156.2787
156.314825
156.47865
156.49695
156.543675
156.602575
156.64925
156.713625
156.768275
156.783625
156.84695
156.875725
156.91855
156.9642
157.0133
157.06025
157.27635
157.28355
157.33055
157.36665
157.4034
157.4352
157.46405
157.529325
157.585975
157.693525
157.743375
157.764975
157.776025
157.790575
157.79545
157.821325
157.83835
157.98705
158.01195
158.057675
158.0941
158.1384
158.17195
158.225575
158.250875
158.303425
158.37555
158.436325
158.484075
158.52885
158.546175
158.577625
158.61345
158.6608
158.7523
158.78275
158.8296
158.89515
158.921975
158.99135
159.04275
159.123525
159.240625
159.293725
159.329875
159.383
159.387875
159.41245
159.5627
159.6051
159.686475
159.718675
159.8748
159.998475
160.03935
160.0555
160.1391
160.19705
160.253725
160.51545
160.545175
160.6003
160.63825
160.748775
160.834425
160.931425
161.072175
161.133975
161.2609
163.4626
163.7594
163.81315
164.214525
164.344875
164.43265
164.583475
164.874125
165.000325
165.16325
165.656075
166.4293
166.4462
166.60515
166.6114
166.6397
166.707725
166.72535
166.760375
166.805025
166.850375
166.888525
166.9104
166.9906
167.063975
167.11965
167.179
167.216175
167.26135
167.2843
167.3474
167.381325
167.60315
167.739325
167.791975
167.8365
167.9053
167.91165
168.043675
168.046825
168.084075
168.103625
168.11295
168.1583
168.2067
168.290975
168.32665
168.419975
168.472825
168.518375
168.5429
168.597425
168.68405
168.85935
168.96325
169.1862
169.316225
169.372825
169.488
169.5594
169.5951
169.807175
169.873175
169.9023
169.991275
170.13915
170.2003
170.241225
170.279875
170.288025
170.3786
170.554325
170.70665
170.794125
170.7982
170.81255
170.834075
170.866075
170.88755
170.9935
171.02565
171.052825
171.091925
171.1845
171.28675
171.505825
171.5405
171.612475
171.663275
172.3388
172.3416
172.3489
172.356575
172.366075
172.4475
173.071
173.08145
173.096025
173.1011
173.105925
173.125175
173.1433
173.1514
173.158675
173.19855
173.2322
173.245975
173.27335
173.3681
173.4203
173.462675
173.4793
173.510925
173.57785
173.5828
173.59725
173.622675
173.8968
173.934575
174.0477
174.10995
174.191325
174.248075
174.272675
174.332225
174.389625
174.426525
174.447675
174.498675
174.56105
174.576875
174.593375
174.6461
174.676025
175.080375
175.15975
175.274775
175.31905
175.406025
175.410275
175.4211
175.5286
175.615175
175.651425
175.681475
175.697525
175.71255
175.75405
175.781425
175.80975
175.84825
176.214575
176.246125
176.2652
176.291725
176.332175
176.3696
176.39585
176.43045
176.461675
176.4832
176.502375
176.561775
176.575675
176.604875
176.662875
177.403725
177.428725
177.488975
177.5937
177.647525
177.7113
177.8338
177.898025
177.925275
177.963025
178.00795
178.0256
178.0665
178.07705
178.0859
178.106875
178.125875
178.14375
178.1553
178.31785
178.40925
178.448425
178.494225
178.6032
178.69765
178.714325
178.91025
178.985425
179.0517
179.07265
179.09245
179.177
179.190925
179.274275
179.305075
179.345325
179.441225
179.49075
179.521725
179.552825
179.610875
179.684525
179.6979
179.71655
179.744375
179.771625
179.804725
179.8696
179.887375
179.904325
179.91325
179.9689
180.0151
180.757125
180.9188
181.131675
181.190775
181.27195
181.305775
181.382725
181.491025
181.5102
181.5239
181.9917
182.00585
182.0354
182.1448
182.238725
182.337525
182.3825
182.683975
183.3748
183.3952
183.412375
183.698325
183.719675
183.732825
183.776675
183.79105
183.838175
183.857875
184.11195
184.2318
184.24915
184.255175
184.2683
184.271825
184.2865
184.299125
184.3117
184.3233
184.354475
184.379725
184.4332
184.4559
184.52855
184.58575
184.650575
184.699
184.7287
184.759175
184.863375
184.8668
184.882275
184.90485
184.929025
184.94615
184.95215
184.98405
185.152175
185.26655
185.316
185.329125
185.364
185.3999
185.442
185.479225
185.491875
185.521675
185.56325
185.60915
185.661525
185.687075
185.772825
185.832575
185.85775
185.942575
186.09105
186.164575
186.256025
186.334775
186.39175
186.406225
186.479725
186.523
186.6071
186.695475
186.72455
186.743875
186.76825
186.789
186.845975
186.91965
186.993375
187.0942
187.136475
187.160725
187.206425
187.23895
187.282675
187.372475
187.43005
187.4664
187.476425
187.546975
187.5888
187.644775
187.690375
187.807525
187.84065
187.89235
187.925325
187.94015
187.988
188.022625
188.06365
188.081
188.115125
188.13605
188.18995
188.19995
188.228575
188.256375
188.3176
188.326575
188.417675
188.497575
188.5902
188.641625
188.696325
188.723275
188.7701
189.20305
189.217175
189.226
189.265025
189.2788
189.31685
189.3408
189.372325
189.428875
189.473275
189.5031
189.535075
189.5513
189.63105
189.941
190.04215
190.078825
190.1539
190.2049
190.255125
190.3034
190.32835
190.388475
190.45765
190.499025
190.5028
190.52065
190.555375
190.582075
190.60805
190.645825
190.71195
190.7718
190.807925
190.874475
190.89855
190.9467
190.96615
191.02065
191.209525
191.2488
191.42085
191.483575
191.511325
191.5288
191.5594
191.594175
191.60815
191.612325
191.704325
191.7337
191.7577
191.807375
191.908875
191.949075
192.05065
192.90895
193.0022
193.0602
193.0718
193.24015
193.39145
193.486575
193.501675
193.529925
193.56755
193.572325
193.579975
193.590375
193.962225
193.971725
194.003825
194.02655
194.03715
194.0505
194.065225
194.0735
194.08495
194.1093
194.118925
194.151175
194.202325
194.266675
194.4163
194.47855
194.892175
194.9029
194.934
194.947925
194.969125
194.975975
194.9994
195.03565
195.587375
195.5922
195.617875
196.543975
196.63255
196.6604
196.678175
198.1286
198.192225
198.1968
198.32105
199.466725
199.542375
199.748525
200.318775
201.309875
201.3158
201.337225
201.689675
201.7096
202.013675
202.036825
202.05245
202.05925
202.071625
202.081725
202.086225
202.10105
202.110825
202.138725
202.16965
202.20365
202.211475
202.235975
202.27765
202.33635
202.354225
202.387525
202.406725
202.4219
202.46915
202.51135
202.52895
202.5927
202.6265
202.654225
202.664925
202.688425
202.71505
202.72925
202.748125
202.79975
202.846525
202.90225
202.9191
202.9539
203.01165
203.030375
203.115225
203.155025
203.245475
203.31825
203.473125
203.500075
203.52535
203.922675
203.962975
203.9765
204.020825
204.093
204.139525
204.1475
204.156775
204.2109
204.2705
204.309975
204.34995
204.40025
204.434125
204.480975
204.511375
204.553325
204.6391
204.869925
204.960575
205.06615
205.656025
205.66505
205.886725
205.962575
205.993325
206.139975
206.21745
206.2894
206.422525
206.44115
206.501525
206.528025
206.65135
206.67075
206.8525
207.04515
207.099275
207.21005
207.32805
207.6576
207.682675
207.69955
207.703025
207.732925
207.770075
207.791625
207.87455
208.29965
208.66915
208.67765
208.721825
208.788925
208.82395
208.883125
210.363575
210.3842
211.0884
211.10115
211.3643
211.54315
211.75515
211.7803
211.82715
211.8436
211.8474
211.8779
211.9163
211.95625
211.969125
211.9878
212.025325
212.067475
212.900375
212.915025
212.940475
212.95965
213.02375
213.658025
213.662075
213.686375
213.694425
213.715375
213.83545
214.351825
214.385075
215.2796
215.2838
215.288825
215.297225
215.3002
215.319525
215.3259
215.374975
215.43355
215.4459
215.461825
215.489325
215.929275
215.9994
216.05785
216.064575
216.068925
