50.012325
50.194825
50.2
50.333575
50.338175
50.34445
50.5567
50.561675
50.614575
50.83195
50.876
50.879325
50.885475
50.89125
51.462075
51.4825
51.505475
51.5085
51.5136
51.871125
52.02645
52.2771
52.2807
52.2885
52.627825
52.86455
52.965425
53.00545
53.0726
53.579725
53.603925
54.3815
54.6337
54.8545
55.160925
55.164125
55.17575
55.271375
55.315775
55.5881
55.59105
55.594775
55.6353
56.670275
57.0212
57.3112
58.4188
59.15145
59.251475
59.2628
59.286525
59.438275
59.462725
59.471175
59.511275
59.534375
59.601275
59.733175
59.968475
59.972125
59.9788
60.1504
60.5001
60.504625
60.516525
60.923025
60.956775
61.00905
61.210375
61.403975
61.472075
61.837275
61.878375
62.4598
62.645775
63.0822
63.19685
63.7604
63.8282
63.891675
63.9154
64.149625
64.34065
64.3586
64.36185
64.672975
64.68945
65.097325
65.10085
65.133
65.72815
65.977725
66.005675
66.0089
66.70625
66.723375
67.158525
67.167525
67.17705
67.249025
67.424725
67.6116
67.929425
68.387175
68.39025
68.8206
69.0805
70.1633
70.44185
70.5113
70.8214
70.910175
70.9534
71.296875
71.7339
72.00425
72.021625
72.35545
72.3586
72.58915
73.0495
73.25555
73.5021
73.504875
73.507825
73.510675
73.8595
73.86045
73.86345
73.8658
74.10405
74.14935
74.43355
74.436375
74.4395
74.6988
75.025825
75.02965
75.19595
75.199525
75.209025
75.2265
75.559475
75.56205
75.564875
75.5686
75.996375
75.999975
76.09565
76.4483
76.45175
76.767125
77.05925
77.072325
77.17785
77.236625
77.241325
77.320175
77.37995
77.676175
77.69315
77.697825
77.7531
77.797025
77.914425
77.918025
78.032325
78.04125
78.2661
78.309775
78.3894
78.6286
78.631375
78.7724
78.78655
78.798175
78.813675
78.865275
79.116275
79.12155
79.125375
79.335075
79.3619
79.764625
79.7683
79.790375
79.79385
79.796825
79.8039
79.874225
80.478475
80.549275
80.8877
80.890475
80.89365
81.190975
81.579825
81.59305
81.7198
81.8584
81.88885
81.910475
81.938025
81.957625
82.286175
82.28905
82.2916
82.480875
82.48435
82.499125
82.94665
83.000925
83.0801
83.12205
83.136625
83.6136
83.621
83.70945
83.718675
83.721625
83.77085
83.78695
83.819525
83.842375
84.13225
84.243375
84.63145
84.63425
84.6375
84.6429
84.720975
84.975825
84.983475
85.134575
85.307475
85.330125
85.660475
85.670125
86.012325
86.168625
86.218275
86.6235
86.802325
86.815375
86.86145
86.873225
87.419475
87.44705
87.7174
87.76745
88.09155
88.0954
88.101725
88.137175
88.1389
88.20375
88.227875
88.4062
88.426125
88.45215
88.4702
88.487975
88.528125
88.54625
88.556025
88.5822
88.598475
88.764825
88.76765
88.777575
88.788725
88.98935
89.129275
89.60485
89.6095
89.6353
89.754875
89.76935
89.9587
89.961475
89.964525
90.105925
90.3973
90.39975
90.4022
90.40785
90.729425
90.74005
90.7617
90.80035
90.88085
91.137625
91.140475
91.1505
91.16635
91.2713
91.387975
91.9508
92.467525
92.668675
92.793575
92.80835
92.827175
93.1073
93.484975
94.626475
94.63505
95.288975
95.470225
95.4776
95.758425
95.7638
96.192325
96.1953
96.394375
96.501525
97.6225
97.8952
98.270625
98.273575
98.2761
98.279675
98.728875
99.02455
99.09685
99.287125
99.628775
99.81145
99.86485
99.88985
99.902525
99.915575
100.25565
100.70445
100.777325
101.02405
101.049125
101.369275
101.773925
102.015625
102.034875
102.0792
102.52275
102.53105
102.774225
102.793725
102.86675
102.917575
102.9279
102.963325
102.993125
103.0032
103.0206
103.032375
103.0529
103.064275
103.072
103.125975
103.201225
103.221725
103.335175
103.3597
103.3699
103.402975
103.451375
103.457225
103.4643
103.49715
103.503175
103.50855
103.524625
103.52745
103.572325
103.603525
103.682275
103.6918
103.762
103.771125
103.77935
103.788975
103.796275
103.834375
103.845175
103.883725
103.885325
103.89205
103.9282
103.947625
104.224425
104.405575
104.834625
105.35875
105.36125
105.364125
105.36805
105.40825
106.068675
106.07195
106.160025
106.16705
106.22185
106.31545
106.365475
106.384925
106.387
106.42595
106.435975
106.4397
106.454725
106.4653
106.497525
106.50585
106.529675
106.5616
106.5695
106.61055
106.8427
106.921875
107.1371
107.151175
107.15415
107.157975
107.476625
107.6602
107.79695
107.80285
107.81105
108.05055
108.053425
108.194625
108.377675
108.3809
108.390725
108.622
108.62485
108.627825
108.632425
108.749175
108.9125
109.296575
109.2991
109.301625
109.3743
109.618125
110.3391
110.680475
110.684025
110.822225
111.0485
111.3239
111.326375
111.3289
111.6109
111.6229
112.12205
112.124825
112.5422
112.54555
113.13675
113.140425
113.14625
113.287575
113.31605
113.3962
113.431925
113.79875
113.801575
113.8046
113.809075
113.83115
113.841875
113.847725
114.375
114.378
114.380075
114.387975
114.523425
114.542975
114.673525
115.004575
115.0596
115.062075
115.064875
115.252225
115.258575
115.356025
115.447625
115.665775
115.697425
115.70425
115.9978
116.00295
116.01865
116.249
116.420525
116.4994
116.515275
116.5588
116.80275
116.8057
116.809575
116.8252
116.831125
116.8816
116.8935
116.9264
117.49705
117.504475
117.549925
118.157475
118.165575
118.451125
118.8308
119.2075
119.30045
119.312775
119.4404
119.4434
119.4497
119.59275
119.600325
119.657725
119.6898
119.706225
119.904025
119.956775
120.13225
120.28455
120.751775
120.868
120.874725
120.89425
120.903125
121.099975
121.333025
121.33575
121.338875
121.414275
121.446
122.170275
122.430375
122.56195
122.64605
122.75935
122.927825
122.9308
122.943875
122.945275
123.139425
123.4698
123.473175
123.48355
123.609925
124.3634
124.40895
124.432325
124.44545
124.5159
124.537225
124.54085
124.5451
124.79185
124.794075
124.7964
124.799175
124.90385
125.140325
125.145125
125.2753
125.632175
125.63835
125.656875
125.6893
125.696175
125.7329
125.766975
125.773225
125.83465
125.846325
125.867675
126.171675
126.1742
126.177
126.1809
126.3769
127.1073
127.11195
127.125125
127.182625
127.19315
127.42575
127.5176
127.56595
127.59925
127.777375
127.780275
127.790125
128.0108
128.01335
128.172925
128.23915
128.245725
128.26905
128.27065
128.30735
128.31435
128.376425
128.38715
128.400125
128.408325
128.417075
128.424575
128.4671
128.99235
129.01195
129.015525
129.03895
129.2978
129.321225
129.331575
129.35235
129.362175
130.45225
130.461925
130.4651
130.466675
130.469875
130.5021
130.51425
130.7281
130.76475
130.855975
131.54385
131.66455
131.667075
131.93385
131.937325
131.94675
131.9955
132.12335
132.509025
132.643325
133.072525
133.647325
133.654325
133.668775
134.026175
134.40045
134.641975
134.64575
134.866475
134.8693
134.8724
134.8752
134.877075
134.8825
135.425775
135.4286
135.433125
135.4372
135.45195
135.71735
135.720025
135.723
135.981825
136.190575
136.193
136.195525
136.198325
136.510475
136.602575
136.67925
136.68905
136.78195
136.793475
136.7975
137.080325
137.08345
137.091125
137.20875
137.21025
137.463275
137.618375
137.632
137.890675
137.893375
137.896175
137.899075
138.0061
138.009175
138.011825
138.21305
138.22735
138.4101
138.618925
138.624525
138.74665
139.09095
139.3264
139.385975
139.4534
139.537675
139.55265
139.741425
139.745125
139.912275
139.919025
140.356675
140.439625
140.831975
140.835075
140.865075
141.83145
141.9836
142.236
142.239425
142.887325
143.83355
143.852325
144.168
144.648775
144.73195
144.89935
145.021675
145.286375
145.289225
145.695575
145.88135
146.09145
146.0941
146.096925
146.101625
146.38465
146.39615
146.39975
146.407025
146.408525
146.4534
146.489125
146.493125
146.56415
146.60995
146.656825
146.673775
147.01085
147.193025
147.24465
147.49585
147.885025
147.888125
148.426825
148.899925
148.903125
149.5017
149.50845
150.35845
150.486575
150.83325
150.836475
150.8884
150.9145
151.657975
151.822575
152.173175
152.17635
152.18435
152.342075
152.397575
152.43075
152.7504
152.790675
152.8092
152.8205
152.825975
152.896575
153.280975
153.7385
154.196525
154.198825
154.201125
154.20425
154.4511
154.649375
154.65565
154.847125
154.854625
154.9201
155.134875
155.137575
155.1406
155.587
155.59855
155.64455
155.657875
155.945975
155.949325
156.18095
156.395425
156.648425
156.8277
157.0088
157.3714
157.60795
157.769125
157.814775
157.828275
158.088375
158.12415
158.139975
158.17895
158.3575
158.6018
158.604425
158.6072
158.725625
158.966925
158.970825
158.97385
159.137175
159.28985
159.35275
159.355975
159.63965
159.6502
160.534125
160.60135
160.63145
160.65315
160.70275
161.054725
161.05795
161.439525
161.447625
161.4755
161.886925
162.76895
162.802475
163.013925
163.142925
163.193775
163.216575
163.4113
163.4435
163.44625
163.449425
163.549125
163.6175
163.8383
163.841275
163.853875
163.958625
164.38795
164.392525
164.46795
164.58945
164.59565
164.862375
164.916325
164.9211
164.938425
164.99605
165.005975
165.0318
165.279
165.281475
165.2841
165.430275
165.63375
166.335125
166.59755
166.601275
166.75395
166.770925
167.097475
167.453875
167.932575
168.004225
168.41875
168.429725
168.7643
168.801475
168.80485
168.811
169.19085
169.209225
169.222475
169.274175
169.369125
169.622575
169.7182
169.775125
170.135175
170.20135
170.4117
170.4157
170.425575
170.8696
170.921075
170.9707
171.22895
171.27125
171.733425
171.790025
171.95065
172.26725
172.276175
172.54175
172.6852
172.7155
173.18305
173.448975
173.759075
173.759925
173.764
173.774725
173.789325
173.871375
173.884475
173.919725
174.084775
174.268975
174.283775
174.290375
174.30395
174.33805
174.6846
174.687625
174.7712
174.7725
174.83435
174.849625
175.0903
175.093025
175.09615
175.397975
175.461825
175.465225
176.314375
176.323975
176.37235
176.688025
176.7244
177.089225
177.0921
177.240675
177.268125
177.28055
177.3163
177.336425
177.60535
177.6091
177.926125
177.9467
177.9501
178.1459
178.374025
178.4481
178.45785
178.53535
178.611
179.1795
179.184675
179.189525
179.4049
179.49735
179.499875
179.5024
179.5827
179.593775
179.763675
179.803
179.9526
179.955975
180.0282
180.55355
180.77935
181.6177
181.6382
181.646475
181.652625
181.6683
181.692275
181.704725
181.71665
181.73215
181.942825
181.950175
182.128925
182.293275
182.29935
182.962375
183.694725
183.698
184.2224
184.246425
184.28625
184.309175
184.31105
184.378125
184.63785
184.7625
184.861075
185.21385
185.217275
185.5205
185.524125
185.559475
185.718625
186.18265
186.277625
186.2964
186.472625
186.4756
186.478375
186.66805
186.67935
186.72105
187.140875
187.638625
187.65115
188.0194
188.0222
188.179225
188.2067
188.245525
188.40605
188.40955
188.728525
188.753125
189.1224
189.12535
189.1295
189.218875
189.25715
189.650875
189.717425
190.01775
190.02045
190.02335
190.08775
190.123225
190.48925
190.779525
190.782325
190.7853
190.8964
190.9084
191.1743
191.177475
191.31705
191.328875
191.69325
191.69575
191.698525
191.702125
191.74835
191.8031
192.07995
192.08635
192.4212
192.457925
192.4777
192.481775
192.485025
192.537325
192.9812
192.982575
193.071325
193.275075
193.286775
193.3204
193.3771
193.5231
193.544175
193.770725
194.0106
194.048275
194.050875
194.053675
194.205875
194.2747
194.315475
194.3288
194.573125
195.005775
195.01175
195.016325
195.06805
195.119325
195.408575
195.411
195.41345
195.416375
195.41945
195.79425
195.7974
195.816325
195.835625
195.859225
195.900425
196.204625
196.2073
196.225375
196.24415
196.5246
196.529575
196.79495
196.7974
196.799925
196.9391
196.9572
196.967975
196.996025
197.333625
197.4002
197.41155
197.511625
197.7257
197.72825
197.7311
197.869025
197.90125
197.9077
197.92565
197.99725
198.0086
198.015275
198.038475
198.1139
198.1162
198.118675
198.1242
198.129475
198.1306
198.134375
198.13845
198.206725
198.240125
198.254375
198.25645
198.27735
198.31665
198.320575
198.328325
198.333675
198.372825
198.396875
198.407575
198.415225
198.457825
198.498725
198.508275
198.513025
198.52215
198.577075
198.619275
198.657475
198.678125
198.696025
198.715525
198.7307
198.738125
198.8043
198.8169
198.84545
198.8729
198.877275
198.890025
198.919875
199.039675
199.06055
199.063375
199.0807
199.1018
199.147475
199.1508
199.1972
199.4469
199.453425
199.45755
199.459825
199.462375
199.524075
199.860525
199.872625
199.99605
200.185575
200.341275
200.35505
200.626175
200.629
200.970025
201.1749
201.198875
201.483175
201.5569
201.851375
201.866875
201.88095
202.0095
202.038325
202.097275
202.4244
202.6472
202.6503
202.653775
202.6786
202.68895
202.7146
202.729575
202.8171
203.36625
203.718775
203.7207
203.9313
204.15545
204.656075
204.6617
204.666525
204.770375
204.812925
204.869225
204.90205
205.1487
205.159675
205.172175
205.336675
205.5654
205.5679
205.57065
205.63885
205.668225
205.7697
206.06945
206.0722
206.111375
206.346725
206.426225
206.5334
206.54025
206.545175
206.58565
206.596825
206.70405
206.78905
207.031875
207.0347
207.038
207.082325
207.5214
207.523975
207.527025
207.753125
207.7573
207.7604
207.767225
207.883925
208.4997
208.679025
208.7074
209.467325
210.16815
210.181375
210.201575
210.234175
210.31535
210.3418
210.573
210.646575
210.68735
210.7001
210.951325
210.9658
211.014375
211.22725
211.234025
211.33805
211.3953
211.4436
211.46635
211.4735
211.503375
211.510475
212.271425
212.275225
212.27855
212.4201
212.92225
212.9254
213.00335
213.7186
213.7212
213.7555
213.76165
213.8131
213.82225
213.838775
213.964225
214.36435
214.368175
214.633125
214.63605
215.28695
215.570125
215.7348
215.73765
215.881775
216.00075
216.01675
216.089375
216.10455
216.10745
216.1278
216.13355
216.158725
216.168125
216.562675
216.84175
217.2407
217.5616
217.641275
217.66655
218.019325
218.033125
218.035375
218.04455
218.754175
219.00035
219.003625
219.223025
219.333925
219.33655
219.3748
219.390625
219.402925
219.41715
219.4469
219.485625
219.535875
219.547525
219.56965
219.574875
219.577375
219.580625
219.616975
219.6283
219.63265
219.64115
219.6607
219.673675
219.69395
219.695775
219.71225
219.7156
219.768975
219.772625
219.788
219.808525
219.8725
219.8842
219.945025
219.9734
220.2802
220.515125
220.555275
220.56315
220.56845
220.9737
220.97955
220.992775
221.063625
221.103275
221.342325
221.5216
221.700925
221.9256
222.02585
222.063825
222.0883
222.159375
222.19925
222.207225
222.330125
222.426525
222.63865
222.83575
222.838075
222.84035
222.84395
223.167
223.1725
223.1945
223.3039
223.460675
223.554775
223.557325
223.607725
223.8058
223.955
223.95795
223.960275
223.96575
223.971725
223.98405
223.99825
224.01455
224.27215
224.734075
224.7365
224.739075
224.742325
224.906825
225.0455
225.055525
225.3371
225.34005
225.34295
225.34745
225.507275
225.566475
225.831675
225.8345
225.842275
226.0007
226.01715
226.03585
226.05435
226.1027
226.23235
226.25025
226.2634
226.7034
226.711875
226.756725
226.838925
226.885925
227.255775
227.25835
227.2607
227.581525
227.816225
228.3093
228.3124
228.318825
228.322575
228.367675
228.41515
228.41915
228.4223
228.427
228.43175
228.583175
228.59815
228.6169
228.64185
228.6469
228.737525
228.75265
228.7957
228.886025
228.897925
228.91265
228.93495
228.988325
228.999575
229.012075
229.04275
229.1136
229.132875
229.1494
229.21215
229.505275
229.507975
229.510775
229.60285
229.7567
229.7598
229.762875
229.82425
230.031625
230.138075
230.80445
231.101675
231.104925
231.1107
231.4443
232.11175
232.40605
232.41555
232.417625
232.606875
232.6633
232.867675
232.8729
232.8754
232.879325
232.902425
232.928275
232.9704
232.983425
233.020325
233.0969
233.4063
233.415775
233.431475
233.483675
233.50115
233.52605
233.605025
233.60795
233.622075
233.641925
233.66235
233.666475
233.6694
233.674275
233.69005
233.6932
233.700325
233.702725
233.705675
233.80325
233.84165
233.84435
233.848125
233.8577
233.87015
233.87605
233.889375
233.8982
233.926725
234.0201
234.0334
234.253675
234.256
234.25855
234.2619
234.266075
234.374425
234.599225
234.62255
234.62535
234.628325
234.674825
235.058225
235.165475
235.43795
235.483825
235.652925
235.66725
235.752075
236.014475
236.01775
236.272775
236.275375
236.27815
236.281425
236.28555
236.316925
236.32605
236.333825
236.350675
236.60855
236.611875
236.632225
236.911825
237.139225
237.171
237.184325
237.20575
237.23905
237.288725
237.739
237.74625
237.859125
238.10135
238.113875
238.1196
238.124375
238.344325
238.34725
238.376
238.3961
238.707
238.983275
239.001825
239.034725
239.1576
239.16835
239.42555
239.653725
240.0421
240.045275
240.2817
240.51595
240.5185
240.521175
240.530425
240.6066
240.621425
240.62545
240.6611
240.703175
240.746375
241.0755
241.078
241.080725
241.22975
241.24495
241.28255
241.30875
241.447775
241.724675
241.727125
241.730025
241.8851
241.889075
241.9649
242.008625
242.0281
242.050175
242.31465
242.317725
242.502225
242.56235
242.569325
242.57445
242.734
242.747425
242.750075
242.75285
242.92515
243.0883
243.090775
243.093525
243.105375
243.1477
243.287875
243.329875
243.57225
243.574575
243.5768
243.579275
243.58305
243.589925
