50.010575
50.248775
50.5981
50.600475
50.8935
51.064975
51.30955
51.7599
52.546125
53.09365
54.097
54.74955
54.8197
55.1063
55.110575
55.630425
56.14355
57.973475
58.114775
58.564725
60.167675
61.999825
65.0244
65.028275
65.565825
66.042875
66.520625
68.67125
70.653825
70.8097
70.889225
71.54975
71.725175
73.0386
73.1839
74.061975
74.23
75.18715
78.017525
78.92445
79.176775
79.746525
79.7567
82.0095
82.9906
83.0928
83.76845
83.842725
84.671825
85.000075
85.7131
87.326725
87.420125
87.745825
88.34215
89.0319
91.54835
93.8745
95.830775
96.309825
97.7412
97.891875
97.9926
98.96415
99.94635
101.73575
102.353425
103.018
103.0549
103.376825
103.558575
103.59535
106.197225
106.440875
106.5196
106.528925
106.914325
107.4487
110.181125
110.18365
110.402775
110.72785
111.4112
111.619375
112.155725
112.569375
114.53185
116.52085
117.223475
117.6188
117.9577
119.169475
119.5018
119.65765
124.044675
124.8909
126.069175
126.589275
127.350275
128.4413
129.346425
129.357
129.36005
129.98545
129.99115
131.241525
132.73045
133.800275
134.20985
135.327675
135.330425
135.511025
135.61345
136.034575
136.833275
136.89635
138.1115
140.453175
143.805875
144.644725
145.33875
146.593075
146.856425
146.871725
147.73095
148.11085
148.756725
149.562425
150.204475
150.208625
152.835725
153.4061
153.409425
154.851475
155.32005
155.95235
156.357375
156.94735
158.33385
158.7102
158.71455
158.717475
159.6947
161.23195
161.611125
161.643775
162.59825
163.78945
164.1135
165.256475
165.861225
166.715425
166.7697
167.175
168.670925
169.5977
171.7616
173.305825
174.243175
174.248175
175.932975
177.043975
177.93995
178.0489
178.20445
180.256075
183.848175
184.1865
184.736725
186.001625
187.37545
189.255975
189.718925
189.96235
192.642225
192.94265
194.313875
194.80425
195.547775
196.204425
196.565175
196.964225
197.8879
198.083925
198.22015
198.6506
198.68395
198.73065
198.751
198.754
198.7618
198.77285
198.7844
198.866425
198.913575
199.0935
199.10115
199.108975
199.15485
199.52495
199.529225
199.792425
199.79655
200.3181
200.32035
200.322475
200.324975
200.5989
200.601875
201.01595
201.848925
202.05215
203.152425
203.331925
203.396075
203.613225
204.012275
205.1093
205.1137
205.5033
205.794925
206.151725
206.66795
206.82895
208.06925
208.087625
208.6208
208.731975
208.808775
210.715275
211.185675
213.101075
213.3802
213.8517
214.244775
214.515725
214.519725
215.5804
215.7599
216.183375
216.354825
218.575625
219.039275
219.285525
219.3494
219.81265
220.69555
220.6983
221.969325
222.125275
222.2322
222.8935
222.93105
222.933725
222.9373
223.194325
223.1976
223.584975
224.01935
224.5324
225.850825
225.853625
226.378175
228.2934
228.625275
229.221725
229.501175
229.50395
229.717575
230.069525
230.61265
231.526875
231.53005
232.1199
232.47605
233.119525
233.60805
233.694575
233.7007
234.359325
234.361875
234.36445
235.155725
235.9336
236.0835
236.519675
237.714375
237.719625
238.81375
239.52535
239.778025
240.026675
240.029275
240.661125
242.424025
242.477825
242.546925
242.892425
243.0189
243.595025
