0.281525
0.603875
1.322175
1.733975
1.780025
2.6781
3.0031
3.1785
3.735925
3.891275
4.3065
4.54195
4.55075
4.58115
4.7171
5.062625
5.083475
6.32275
6.33635
7.07855
7.168125
7.18885
8.547675
8.55755
9.020925
9.024275
9.031625
9.037025
10.036575
10.04915
10.651625
12.3512
12.98025
12.98575
13.9835
13.9951
14.218575
14.864725
15.778975
16.08925
16.679525
16.754375
17.34525
18.5866
18.6311
18.870125
19.159875
19.4479
20.173375
20.2117
20.233125
20.39965
21.010775
21.181125
21.19265
21.4245
22.49385
22.814325
22.970625
23.255525
23.47945
24.1949
24.292075
24.521875
24.8735
24.98795
25.522
25.90705
25.920575
26.141
26.150975
26.177975
26.948825
27.692275
27.7024
27.811625
27.8402
28.09305
28.121525
28.93985
28.989825
28.998875
29.503925
29.533025
29.88275
30.236675
30.2483
30.74205
30.769325
30.98405
31.003625
31.3817
32.138025
32.7858
33.02045
33.0783
34.0366
34.0583
34.070925
35.119875
35.1283
36.161625
36.5937
36.951625
37.227275
37.35835
38.069625
38.1751
38.2615
38.265325
38.36155
38.647125
38.705625
38.822925
39.1599
39.33585
39.610275
39.683575
39.85915
40.37715
40.616125
40.646125
41.029025
42.197575
42.762075
42.837425
42.843375
45.20065
45.512575
45.683925
45.69885
45.7183
45.7311
45.74495
45.7515
47.0595
47.792825
47.92535
48.3748
48.618575
48.6465
48.65455
48.705425
48.9297
49.2322
49.3418
49.37115
49.39075
49.430275
49.888975
50.028675
50.04195
50.1426
50.545225
50.5581
50.5748
51.084825
51.1238
52.279125
52.736625
52.783725
52.917125
52.96815
53.01195
53.08125
53.308175
53.55335
54.444975
54.706825
54.8259
56.270725
56.280225
56.31895
56.982775
57.670075
57.683125
57.6871
57.705175
57.71945
58.718325
58.742525
58.76545
59.04615
59.058075
59.063
59.068
59.085825
59.128425
59.267325
59.302325
60.223275
60.2537
61.3039
61.758575
62.143225
62.1472
62.1691
62.5013
62.896425
63.8676
64.15205
64.393775
65.3014
65.630975
65.65885
65.663025
65.8197
66.361975
66.646125
67.055225
67.2533
67.52505
68.475025
68.906425
68.971675
69.46935
69.5096
69.544625
69.9996
70.005475
70.74575
71.73525
71.9773
72.018475
72.2571
72.264325
72.309875
72.63805
73.019275
74.11075
74.225575
74.480975
74.69295
75.9667
75.9973
76.355625
77.166875
77.19225
77.729125
78.0915
78.30955
79.3594
79.377025
79.687825
79.761875
80.37145
80.380075
80.900125
81.223725
81.638125
82.4501
82.864425
83.726825
83.73975
84.00015
84.37935
84.68055
85.02205
86.011
86.01715
86.038375
86.04515
86.226375
87.69855
87.849475
88.386475
89.228825
89.3083
90.6699
90.82815
90.88555
91.51435
92.20575
93.802475
94.1837
94.8328
95.5086
96.330625
96.686475
96.897425
97.374725
97.7241
98.0346
98.10165
98.586725
99.5583
100.98155
101.25825
101.6082
101.621175
102.156725
102.76195
103.069975
103.1386
103.2753
103.392675
103.628825
103.89225
104.1754
104.3743
105.065925
106.395025
106.4256
107.26565
107.2799
107.298325
109.358925
109.395625
110.8859
111.112825
111.584025
111.663225
111.6816
112.70395
112.72515
113.046775
113.2791
113.303075
113.75185
114.501875
114.718725
115.0628
115.072
115.21305
115.37705
116.0009
116.484925
116.503525
116.871125
117.416375
117.51205
118.334725
118.86085
119.156725
119.161925
120.56595
120.579775
121.0089
122.444625
122.45775
122.85125
122.89385
123.8401
123.8433
124.29225
124.468975
124.891325
125.595375
125.65515
126.257825
126.277575
126.80045
126.8326
127.43495
127.57475
127.800275
128.6546
128.6596
128.6723
128.7386
128.99555
129.036225
130.1646
130.200075
130.61975
131.517275
133.30645
133.318675
133.359975
133.599925
133.606475
133.634875
134.22215
134.622775
135.22455
135.51955
136.819775
137.12995
137.90885
137.920875
138.629225
138.636225
139.1483
139.311925
139.9005
140.547875
140.56325
140.839075
140.8819
141.35775
141.987225
142.221525
142.24245
143.464375
143.4953
143.8064
143.829225
144.066025
144.074025
144.08125
144.632175
145.326925
145.338625
145.523775
145.765575
146.0906
146.350625
147.03825
147.115225
147.521775
147.527325
147.69455
147.7721
148.09375
148.42645
148.435075
148.616575
149.562225
149.5754
150.780325
150.7895
152.198375
152.359725
152.3646
152.829075
152.8333
153.691
153.694575
153.8274
154.427775
154.8503
154.90075
156.09
156.14235
156.6433
156.655225
157.678725
158.03445
158.0521
158.096525
158.232675
159.1633
159.29315
159.8083
160.826225
160.861925
161.283825
161.487625
161.796275
161.81205
162.780425
163.246825
163.52995
163.94465
164.257625
164.594475
164.6544
165.03065
165.3833
166.0234
166.358375
167.117025
167.4434
167.957525
168.00535
168.018625
168.765425
168.781425
169.27385
169.5567
169.8056
170.1488
170.702475
170.7386
170.9783
171.2534
171.953975
172.31495
173.00885
173.356125
173.37885
173.4552
173.469775
173.83765
173.877475
173.9216
173.948125
174.816525
175.4621
176.4294
176.463475
176.718625
176.947775
177.72865
177.742725
178.101675
178.580375
178.621025
178.653425
179.019975
179.02515
179.1984
179.798575
181.302325
182.45795
182.4945
183.257625
183.29925
183.317775
183.466325
183.47905
183.76775
184.130025
184.23875
184.244575
184.7088
184.724475
184.7327
185.633375
186.090575
186.8682
187.636125
188.058025
188.502675
188.50885
188.52145
188.5713
189.179775
189.531275
189.8327
190.6002
190.665925
191.059
191.067625
191.14935
191.713175
191.75365
192.343125
192.35525
192.375275
192.383875
192.42095
192.4457
192.755725
192.77155
193.11975
193.131975
193.4205
193.447325
193.4673
193.83935
194.13595
194.7986
194.810825
195.797925
196.11355
196.95345
197.266325
197.584675
198.285
198.5658
198.6109
198.713825
198.795375
199.152125
199.5738
199.793875
200.680825
201.096325
201.1936
202.088475
202.118725
202.1519
203.622575
203.98965
205.261975
205.54185
205.742425
205.7563
206.7175
206.722025
207.239125
207.30795
207.7926
207.832425
208.08995
208.09455
208.974475
209.11025
209.405225
209.415625
209.93425
211.213
211.746525
212.957475
213.99
214.349025
214.77145
214.786
215.274575
215.2815
215.287075
215.2949
215.6479
215.65945
215.69025
217.22925
217.2354
217.5094
218.2774
219.083525
219.0964
219.374
219.8982
220.01135
220.934025
220.938575
220.95135
220.96665
221.3068
221.331675
222.120325
223.304925
224.410925
225.365075
225.526525
225.554075
226.0036
226.70605
226.711725
227.250475
227.5189
228.040525
228.42275
229.06445
229.0819
229.217875
230.525175
231.212925
231.453925
231.5541
231.98035
232.033075
232.538425
232.57445
233.5431
233.67865
233.720625
233.957475
234.168475
234.199575
234.5031
235.09235
235.097475
235.10775
235.1678
235.295025
235.33095
235.646425
236.2658
236.3045
237.003375
237.380075
237.3873
237.778475
237.785875
237.79145
237.79915
237.84585
238.132475
238.137975
238.66745
238.95015
239.087625
239.093725
239.10535
239.11245
239.14395
239.68445
239.69995
239.73425
240.73955
241.3739
241.935225
242.271625
242.582125
242.83325
243.15015
243.165975
