0.703325
0.868775
1.422975
1.429225
3.072925
3.07605
3.102375
3.166225
3.863575
4.2935
6.263075
8.13235
9.420275
9.429975
11.0776
11.49605
11.615975
11.688925
11.69185
11.696325
11.7187
12.707
13.75465
14.481
15.357375
15.7278
18.29245
18.2977
18.320625
18.49745
18.516375
18.72005
18.732175
18.852675
18.867825
18.87295
18.87615
18.881325
18.89935
19.0333
19.045475
19.549375
19.78515
20.203
20.35105
21.10885
21.12195
21.509225
21.677825
21.682125
21.708875
21.98445
22.00805
22.2092
22.214625
22.2366
22.240925
22.251575
22.2621
22.48145
22.94635
22.956775
22.984475
23.182125
23.190025
23.235875
23.5485
23.5565
23.63985
23.671
23.70495
23.7698
23.7856
24.0697
24.07335
24.089775
24.295925
24.577725
24.5808
24.58505
24.60625
24.833425
24.867675
24.91945
25.45495
25.4586
25.54095
25.54935
25.805475
25.808625
25.811075
25.826825
26.156925
26.507225
26.515175
26.563775
26.572275
27.445775
27.740225
27.753825
29.5836
29.71415
30.447975
30.471875
31.6457
32.666875
32.674375
32.91325
32.9165
32.9425
32.996125
33
33.0241
34.81295
34.81835
34.838375
35.03515
35.037625
35.05765
35.3959
35.758725
35.785275
36.752325
36.75945
38.242925
38.259525
38.2666
38.29265
38.425575
39.298775
39.340325
39.3456
39.354075
39.362375
39.511825
41.268575
41.493175
41.49755
41.509625
41.59575
41.6626
42.079325
42.094075
43.216775
43.270525
45.68055
46.248325
46.251225
46.254125
46.278825
46.836325
47.144475
47.2993
47.9824
48.021525
49.5695
49.610925
49.8475
49.8547
49.860125
49.868025
49.88705
49.9476
50.27505
50.288475
50.32325
50.3277
50.358775
51.0512
51.461425
51.677825
51.687575
51.694525
52.3475
52.78055
52.788625
53.234325
53.246
53.2674
53.6183
54.83905
55.3218
55.32885
56.43575
56.441475
56.47235
56.665325
57.4968
58.038025
58.1153
58.9885
58.99175
59.00455
60.604275
60.980825
60.983275
60.98625
61.022425
61.401625
62.2079
63.3374
63.53105
64.096725
64.10085
64.104875
64.561325
64.577875
64.6527
64.67125
65.107175
65.111775
65.1421
65.318575
68.09445
68.95915
70.101825
70.2552
71.510825
71.51745
71.541225
72.3775
72.5217
72.52595
72.66715
73.1177
73.43905
73.46115
73.783525
73.78775
73.81215
73.8466
73.8551
73.8761
73.909025
75.9411
75.97505
76.034225
76.6862
76.869675
77.399825
77.4105
77.41505
77.47265
77.490875
77.74255
77.7767
77.9621
78.68375
78.68725
80.2033
80.6843
80.85345
80.88555
81.253175
81.2599
81.881675
81.891475
81.923325
81.93745
81.94315
81.946775
81.962775
81.965275
81.969675
81.9985
82.0592
83.072925
83.86775
83.972375
83.978825
84.749175
85.03155
85.0387
85.785175
85.797875
86.066225
86.079875
86.191825
86.303225
86.318375
86.72485
86.752
86.914975
87.34045
88.3764
88.409575
88.419825
88.4228
88.476
88.59045
88.605625
88.614075
88.618125
88.6203
88.6258
88.629075
88.631775
88.646175
88.8715
89.115975
89.463775
89.466775
90.8851
92.832
93.02775
93.530375
94.34465
94.923575
95.77965
95.78285
95.88425
95.900975
96.472175
99.1392
99.171725
99.2705
99.826275
99.8313
99.978325
99.9921
100.008225
100.29665
100.857275
100.872925
101.19815
101.201475
101.229275
102.139625
102.1988
102.24865
102.9935
103.082925
103.196625
103.3203
103.552525
103.605425
103.8145
104.879375
106.53915
108.351525
108.357225
109.047725
109.549025
109.94055
110.820525
111.055275
111.3016
112.064325
112.068475
112.075925
112.9203
112.923175
112.928925
115.318575
115.65555
116.052
116.054975
116.07055
116.970225
117.002925
117.613325
117.947175
120.93945
120.94855
121.348675
121.69875
121.701775
121.7258
122.6137
122.6191
122.64465
123.5706
124.20675
124.21225
124.538725
124.8003
125.173875
125.182625
125.3045
125.312375
125.510325
125.520325
125.74585
125.7722
125.7763
125.9492
127.488575
127.89795
128.49835
129.336375
129.704575
129.744625
130.16375
130.1686
130.1732
130.747575
130.77635
130.781525
130.822
130.850625
130.88485
130.8973
131.879475
131.88895
132.424675
132.7366
133.6438
134.412175
134.92375
135.118775
135.13195
135.74375
136.356575
136.360125
136.3632
136.389325
136.60275
137.069575
137.297325
138.126375
138.1342
140.1965
140.3292
140.3324
140.35545
141.438625
141.594275
142.178125
142.2114
143.237575
144.9482
146.476025
146.481075
146.48435
146.487625
146.55965
146.565225
146.5866
148.097375
148.89265
149.1481
150.774775
150.77985
152.79955
152.881725
154.887925
154.99935
155.0387
155.635625
155.68565
155.69175
155.700625
155.721325
156.205825
158.067375
158.07245
159.2214
159.242525
159.71765
159.721875
159.734
159.78465
159.794775
159.799375
159.99245
160.0082
160.7259
160.752275
160.7675
160.77015
160.7732
160.9028
161.848825
163.772825
164.462525
164.469625
166.042975
166.0461
166.048825
166.052525
168.667725
170.8499
170.85285
170.8734
171.95245
173.3262
173.33165
173.33815
173.3415
173.34595
174.0078
175.471425
175.67025
175.9805
176.3849
176.3879
176.41155
180.247975
180.252275
180.2636
180.26795
180.27075
180.276525
180.4449
181.2811
181.683175
181.85285
181.922825
181.944725
182.5918
182.594675
182.59965
182.618975
182.723725
184.2538
184.3042
185.597125
185.805775
186.065
186.07075
186.556875
186.683025
186.7451
186.751275
187.19565
188.068575
188.9503
189.27775
189.2804
189.2861
189.2951
192.373625
192.37635
192.384625
192.4032
192.407675
192.557125
192.563425
192.579875
192.58605
192.659275
193.291225
193.301575
193.6116
194.334125
195.278375
195.299525
195.31055
198.2777
198.790575
201.190725
201.51725
201.51975
201.522375
201.526475
201.74965
202.00555
202.251675
202.265
202.74705
203.3378
203.75565
203.76425
205.293725
206.10285
206.562425
207.1105
207.1129
207.11595
207.72345
207.733725
207.887325
207.92225
207.93265
208.916625
210.615225
210.61755
210.620975
210.62475
210.64605
211.527325
211.6921
213.470075
213.474025
213.4789
213.4828
214.726925
214.730225
214.7342
215.302025
216.23275
216.24445
217.607075
217.609575
217.613275
217.623425
218.13405
219.0952
219.189925
219.329925
219.861925
223.131925
223.13675
223.3322
223.33505
223.347775
223.9593
224.014075
224.0523
224.057575
224.074775
224.094775
224.251625
224.27445
224.824025
225.217
227.61185
227.6724
227.680525
227.7301
228.1691
228.1978
229.173525
229.3417
229.34475
229.355475
230.3911
230.61735
230.622775
232.45895
232.66595
232.8974
233.016575
233.024925
233.5135
235.304175
235.306675
235.30865
235.3123
235.752175
235.755525
235.758925
235.76445
237.02815
237.0377
237.062625
237.22395
237.4398
237.459275
238.2048
238.687775
239.02115
239.183775
239.51055
240.17345
240.68285
241.09395
241.67585
241.679075
242.2159
242.505525
242.578875
242.930375
243.110525
