0.037925
0.144475
0.520925
0.95875
1.195375
1.2607
1.36105
1.645975
1.69875
1.742475
2.054825
2.516775
2.5491
2.98815
3.026325
3.16975
3.5693
3.865725
3.9137
4.02865
4.461775
4.546175
4.669
4.721275
4.81135
5.17875
5.279475
5.3503
5.5248
5.598475
5.70945
5.831025
6.671575
6.855675
6.924075
7.1791
7.3476
7.36065
7.65435
7.77865
7.930225
8.00205
8.16635
8.20785
8.27845
8.49925
8.54545
8.629675
8.791025
9.027925
9.111175
9.310925
9.340625
9.3883
9.948425
10.40915
10.55135
10.558275
10.64175
11.5556
11.755225
12.122125
12.286875
12.313725
12.7121
12.793075
13.094325
13.287575
13.33375
13.345575
13.485775
13.896775
13.9492
14.204225
14.248
14.677225
14.7676
14.913225
15.135375
15.2922
15.54445
15.739675
15.837875
16.17315
16.614625
16.74535
16.977525
17.01205
17.014275
17.25935
17.341875
17.58725
18.050025
18.14795
18.361225
18.62045
19.326475
19.340425
19.393325
19.74635
20.115025
20.12695
20.36565
20.9913
21.35195
21.35665
21.52945
21.6412
21.705375
21.96215
22.276325
22.3812
22.69585
23.055925
23.1733
23.284075
24.3399
24.45045
24.71445
24.869225
25.083125
25.334
25.9597
26.02285
26.1044
26.629875
26.64915
26.652775
26.67715
26.736975
27.0082
27.48995
27.651675
27.8086
27.867375
27.88295
27.9652
28.439825
28.522525
28.53045
29.4821
29.65525
30.2126
30.27485
30.3156
30.61655
30.623475
30.7578
31.033575
31.12945
31.292075
31.471475
31.72865
32.137625
32.213325
32.405725
33.150425
33.271775
33.325475
33.502675
33.525875
33.91065
34.239125
34.86515
35.195925
35.29305
35.390475
35.576725
35.9211
36.36385
36.39485
36.5327
36.61985
37.087225
37.271675
37.512925
37.573775
37.8085
38.237475
38.374425
38.452925
38.499525
38.546
38.551075
38.5823
38.655275
38.6704
38.712625
38.99755
39.121825
39.152075
39.1876
39.40745
39.48845
39.6731
39.73215
39.880925
39.96715
40.1499
40.204
40.38925
40.41485
40.543175
40.605225
40.6737
40.862725
41.000325
41.164075
41.18975
41.2501
41.338225
41.3949
41.4979
41.603975
41.735025
41.890975
41.963925
42.3347
42.602675
42.640725
42.8728
42.96065
42.968325
43.14605
43.39635
43.664375
43.748875
44.36375
44.459075
44.73985
45.06585
45.091225
45.172075
45.3572
45.423625
45.6273
45.717725
45.77865
46.05905
46.13165
46.5007
46.712725
47.1619
47.2274
47.765
47.795175
47.80005
47.9354
47.9692
48.153525
48.226375
48.2775
48.353425
48.3782
48.3926
48.432075
48.5555
48.619875
48.731
48.81115
48.822675
48.842725
48.877525
48.887625
48.967825
48.97005
48.983675
49.1005
49.111025
49.1484
49.2318
49.278675
49.5936
49.65605
49.76425
50.022875
50.080175
50.24895
50.39355
50.5455
50.8868
50.908025
50.910375
50.928325
51.5601
51.62015
51.72635
51.79645
52.066525
52.3204
52.590775
52.8484
53.230725
53.326225
53.76435
53.8385
53.8418
54.41195
54.4427
54.49805
54.631775
55.015925
55.3209
55.3571
55.435725
55.686225
56.268425
56.6663
56.708775
56.8747
56.9918
57.1045
57.41255
57.5444
57.615325
57.6183
58.3343
58.494725
58.7728
58.961425
59.018675
59.085825
59.1735
59.18935
59.276725
59.611475
59.766525
60.06895
60.089325
60.140125
60.26485
60.93405
61.1218
61.795425
61.812875
61.871575
61.949025
62.07715
62.205975
62.59575
62.7521
62.85755
62.912825
62.97035
63.341025
63.762125
63.83645
63.8531
63.920225
64.0431
64.059825
64.133825
65.1289
65.3248
65.364075
65.37045
65.626675
65.64225
65.687575
65.734775
65.760625
66.196975
66.351425
67.011625
67.372475
67.42945
67.816025
68.043175
68.045325
68.134125
68.489425
68.5725
68.72695
68.7376
68.8371
68.85005
69.6285
69.725525
69.802925
69.89285
70.09965
70.187475
70.75015
71.18395
71.5034
71.5931
71.7106
71.8573
72.278075
72.369375
72.3737
72.727475
72.87145
73.20585
73.455175
73.79045
73.949175
74.01445
74.1904
74.7801
74.9431
74.970625
75.137725
75.872425
75.965175
76.069225
76.1489
76.545775
76.5953
76.601175
76.7042
76.771475
77.01385
77.2101
77.48955
77.814975
78.236675
78.276
78.650625
78.7805
78.85365
78.9847
79.04135
79.280475
79.3348
79.425
79.427275
79.455275
79.809975
79.84015
80.1434
80.1726
80.3125
80.340825
80.39575
80.401775
80.99935
81.00225
81.005325
81.00625
81.05085
81.126475
81.20875
81.299675
81.5479
81.6832
82.19715
82.621725
82.7241
82.82525
83.05475
83.137125
83.5302
83.736175
83.79165
83.82475
84.239725
84.400725
84.788925
84.84105
84.973725
85.122275
85.210775
85.28105
85.372525
85.5468
85.7202
86.253425
86.3476
86.74735
86.81775
86.9914
87.1541
87.2025
87.3684
87.67255
87.7074
87.8401
88.529625
88.876725
89.1321
89.399025
89.468375
89.544425
89.8338
89.890675
90.145275
90.27275
90.339625
90.403075
90.534425
90.9193
91.050675
91.22755
91.2641
91.39555
91.50755
91.5415
92.014225
92.094125
92.654675
92.721825
93.00455
93.059525
93.28865
93.371975
93.4221
93.428775
93.69125
94.55465
94.6245
95.166975
95.453025
95.7602
95.819225
96.17075
96.534425
96.6496
96.799925
96.9505
97.214725
97.5386
97.61665
97.679875
97.88315
98.042275
98.40385
98.415025
98.502375
98.604775
98.817425
99.1331
99.1786
99.380975
99.3907
99.42785
99.629125
99.7906
99.804275
99.978125
99.988475
100.4831
100.5482
101.20615
101.234725
101.29715
101.375475
101.5115
101.534775
101.63065
101.697125
101.76255
102.1671
102.502025
102.92115
103.226175
103.331575
103.503
103.933425
104.10555
104.14235
104.18675
104.189275
104.978025
105.082525
105.306825
105.351875
105.524925
106.613675
106.67985
106.806
107.031475
107.039075
107.8044
107.852525
108.302775
108.308225
108.565025
108.572725
108.795675
109.194175
109.3847
109.646825
109.99585
110.217675
110.24915
110.34905
110.479275
110.48405
110.9918
111.1513
111.488825
111.883975
112.3318
112.710675
112.846875
113.153575
113.217975
113.221975
113.590775
113.612375
113.848125
113.878675
114.252325
114.481075
114.52275
114.6623
115.134075
115.349275
115.48865
115.614
115.6725
116.0367
116.354675
116.6181
116.91075
116.948275
117.079375
117.555825
117.865475
117.94355
117.95525
118.0167
118.095825
118.314525
118.334025
118.709275
118.748975
118.8843
119.337375
119.66145
119.827525
119.87945
120.190475
120.42895
121.2662
121.313725
121.413425
122.0574
122.10235
122.592
122.753675
122.820125
123.2521
123.365
123.52245
123.574125
123.940775
124.0332
124.753725
125.179975
125.36475
125.496125
125.73995
125.8371
125.8725
125.8903
125.924
125.929525
125.95025
126.11895
126.3151
126.46305
126.7372
126.86715
127.405325
127.918525
128.108125
128.190775
128.240975
128.259675
128.349475
128.38185
128.42325
128.4442
128.460725
128.524625
129.0076
129.300075
129.37385
129.7391
129.910675
130.1903
130.593025
130.626975
130.74315
130.774175
130.83655
131.289925
131.45095
131.61275
131.72835
131.91135
132.0143
132.23725
132.9461
133.0185
133.03805
133.25545
133.30965
133.34025
133.537525
133.902875
133.917675
134.04685
134.1106
134.194125
134.44895
134.515675
134.683725
135.5959
135.751975
135.901675
135.988025
136.637975
136.6446
136.771225
137.099325
137.1814
137.387425
137.460375
137.671125
137.907025
137.918375
138.0702
138.218075
138.574625
138.590575
138.64795
138.755825
138.83095
138.90165
139.16695
139.1844
139.38655
139.444825
139.46675
139.475025
139.916275
140.011575
140.043575
140.102825
140.12065
140.551925
140.610825
141.1215
141.356175
141.552825
141.788875
141.7975
141.80775
142.315625
142.49595
142.801775
143.2289
143.289025
143.3196
143.380225
143.479275
143.54835
143.599075
143.604525
143.81155
143.857425
144.030125
144.60625
144.70575
144.774625
144.801525
144.8177
144.94565
145.24685
145.257275
145.51135
145.573275
145.770825
146.167025
146.646575
147.28595
147.287675
147.312475
147.356975
147.549625
147.563
148.189275
148.2389
148.854
149.237025
149.6069
149.610475
149.683575
149.7986
149.876425
150.1444
150.359525
150.55015
150.634775
150.8199
151.58865
151.639175
151.87485
151.892325
152.312575
152.471125
152.7265
152.837125
152.916175
153.399625
153.4904
153.708875
153.725525
153.818625
153.9061
154.800525
154.858025
154.9058
154.933275
155.132575
155.276975
155.455175
155.489
155.4998
155.63715
155.6779
155.736925
155.752875
155.91985
156.5193
156.53515
156.680575
157.639175
158.118625
158.124375
158.149125
158.211375
158.345775
158.780175
159.2321
159.282825
159.426575
159.925875
159.93465
159.949975
160.084275
160.158875
160.356075
160.69495
160.86975
161.099275
161.60045
162.3019
163.127175
163.1497
163.32805
163.407575
163.527525
163.5973
163.8179
163.9339
164.016575
164.114725
164.8317
165.0529
165.424725
165.633175
166.057325
166.0836
166.08595
166.794025
167.327975
167.76645
167.9249
168.148475
168.516975
168.8199
169.165575
169.27755
169.2854
169.70115
170.195425
170.5854
170.746725
170.8463
171.071275
171.54075
171.667275
171.937075
172.015625
172.5911
172.930625
173.029375
173.805975
174.195475
174.2243
174.3153
174.32025
174.3404
174.4148
174.737875
174.802625
174.857725
175.033325
175.640825
175.65175
176.186575
176.275375
176.91435
177.01495
177.335575
177.382025
177.4992
177.86255
178.092875
178.145275
178.344475
178.5425
178.704475
179.120975
179.73565
179.9051
180.328275
180.36345
180.51325
180.5164
180.7106
181.675275
181.6769
181.680275
182.10685
182.2413
184.222525
184.268525
184.307525
184.3088
184.311925
184.35325
184.7285
184.77515
184.941475
185.366125
186.003525
186.926975
186.9487
186.9882
187.056525
187.402875
187.4052
187.40865
187.415175
187.443525
187.76445
187.9566
188.3908
188.42905
188.434625
189.2611
189.427825
189.464
190.376875
190.442825
190.449075
190.7779
191.101575
191.18705
191.32355
191.3677
191.493275
191.729775
192.223375
192.27125
192.49065
192.5244
192.66145
193.1766
193.47285
193.476975
193.481
193.5618
193.5832
193.5922
193.6397
193.780775
194.36125
194.4339
194.683075
194.956125
194.967075
195.11695
195.5187
195.63175
195.655775
195.863775
195.91345
196.00885
196.257825
196.424575
196.659925
197.013025
197.305425
197.477875
197.953725
198.270275
198.47245
198.9908
199.1313
199.601
200.04655
200.1688
200.23255
200.490625
200.498175
200.507825
200.679375
200.689775
200.75575
201.18705
201.5978
201.6107
202.01695
202.1438
202.346175
202.348375
202.463575
202.722925
202.865425
203.17535
203.847925
203.9836
204.13425
204.591425
204.717725
205.262525
205.2828
205.3632
205.701675
205.814825
206.186725
206.256725
206.743575
206.849825
206.974975
207.0203
207.273275
207.313025
207.635825
207.64165
207.74865
207.8446
207.89965
208.212125
208.43695
208.512025
208.569975
208.6716
208.702825
209.09905
209.1409
209.212725
209.22695
209.51195
210.283975
210.366425
210.687575
210.756125
211.123425
211.146475
211.17405
211.227625
211.2629
211.543475
212.2791
212.3559
212.693575
212.695875
212.799225
212.82355
212.839825
212.85305
212.88095
212.90745
212.92925
212.95145
212.960825
213.74345
213.853425
214.11075
214.1146
214.419575
214.97095
215.28115
215.38335
215.508325
215.553875
215.56085
215.987275
216.340675
216.389575
216.40805
216.462425
216.698225
216.980975
217.060425
217.3746
217.896675
218.03555
218.111975
218.1674
218.22565
218.245775
218.47265
219.02055
219.436275
219.635175
219.67345
219.71565
219.906025
219.99095
220.606875
221.171825
221.784675
222.316925
222.6621
222.666575
222.716625
222.7382
222.821075
223.2862
223.767525
223.80515
224.231975
224.83305
224.87065
225.5695
225.657975
225.66895
225.936425
226.80175
227.378325
227.54945
227.603425
228.56825
228.773925
228.979875
229.008675
229.04745
229.062625
229.265425
229.4979
229.66465
229.667775
229.6704
229.96115
230.289925
230.365925
230.42845
231.7625
232.090425
232.174725
232.182525
232.1848
232.187225
232.267175
232.276025
233.06975
233.793075
233.982325
234.039775
234.048925
235.1008
235.105025
235.15925
235.314125
235.861175
235.950775
236.711375
236.7219
237.2591
237.416725
237.51525
237.731425
237.900725
237.903525
239.28725
239.521075
239.6885
239.7332
239.740125
239.781225
240.0709
240.18765
240.284075
241.38105
241.51525
242.55865
242.662975
242.6671
242.684975
242.8472
242.908425
242.965325
243.156725
243.330775
243.51995
