0.6523
0.673625
0.679325
0.684375
0.6901
0.712625
0.72525
0.9474
0.960125
0.965825
0.972125
1.384625
1.4096
1.411125
1.4498
1.53845
1.5711
1.63215
1.649125
1.71385
1.73275
1.7559
1.7621
1.769825
1.8291
1.843125
2.1288
2.166975
2.378475
2.397725
2.4285
2.857225
2.880125
3.01575
3.0219
3.3885
3.39205
3.396875
3.76315
3.77185
3.7785
3.783325
3.8109
3.8786
4.202375
4.242475
4.28915
4.308375
4.315425
4.62055
4.653
5.09305
5.172425
5.194625
5.4794
5.562325
5.569
5.61015
5.63085
5.644725
5.6593
5.672325
5.6957
5.71145
5.718575
5.812025
6.170425
6.243925
6.27495
6.316
6.3254
6.38085
6.410925
6.7992
7.134575
7.145775
7.153075
7.1739
7.182175
7.202125
7.2166
7.2536
7.48165
7.4866
7.53155
8.2397
8.250125
8.57315
8.647525
8.662175
8.766025
9.050925
9.104425
9.14765
9.229
9.25215
9.28975
9.32615
9.358125
10.462575
10.612525
10.659875
10.665175
10.702675
11.115475
11.126025
11.137975
11.15035
11.165475
11.2171
12.53525
12.575925
12.590875
12.628375
12.646
12.6724
12.712925
12.7362
13.014475
13.080575
13.39065
13.432375
13.44375
13.4681
13.7251
14.167425
14.201125
14.21115
14.226525
14.245475
14.6399
14.83595
14.841725
14.853925
15.25905
15.2892
15.30095
15.3387
15.697475
15.70635
15.720525
15.7575
16.101225
16.51
16.5146
16.5286
16.586925
16.6107
16.6281
16.690625
17.07485
17.597425
17.645225
17.690575
17.92335
18.119575
18.63575
18.8753
19.008075
19.1988
19.22095
19.50435
19.51535
19.53655
19.56875
19.5872
19.6894
19.709725
19.72715
19.7627
19.8465
20.108775
20.213425
20.226575
20.2298
20.32405
20.35185
21.0377
21.183375
21.2113
21.5134
21.821525
22.270725
22.2803
22.282875
22.308525
22.33755
22.375575
22.390925
22.423625
22.533225
22.82955
22.9435
23.0804
23.17455
23.536725
23.540425
23.6069
23.655025
23.96775
23.9787
23.992075
24.2005
24.2058
24.271875
24.61835
24.623825
25.004075
25.058225
25.084225
25.387575
25.872025
25.875925
25.946475
26.061275
26.530925
27.1402
27.77455
27.780075
27.78605
28.1087
28.11335
28.378825
28.406675
28.416575
28.421325
28.42535
28.5336
28.930175
28.940725
28.948375
28.969675
28.990125
29.04095
29.051975
29.066225
29.3642
29.3737
29.50305
29.520775
29.53585
29.59975
29.92825
29.9568
30.25315
30.806525
30.856725
31.145625
31.260025
31.31685
31.35905
32.107475
32.129125
32.131975
32.13615
32.63205
32.8321
32.972625
33.038975
33.0456
33.1047
33.1438
33.369725
34.06855
34.13825
34.460775
34.4656
34.4775
35.109225
35.456475
35.48605
35.531325
35.542875
35.5938
35.600575
35.92335
35.9436
36.24595
36.256225
36.28145
36.565075
36.571675
36.57685
36.581475
36.584775
36.606925
36.9247
36.9475
36.96185
36.96935
37.397325
37.43545
37.82515
38.168925
38.1779
38.359075
38.3739
38.39305
38.431225
38.449
38.53105
38.5419
38.5554
38.597675
38.605175
38.62885
38.656225
38.6774
38.704625
38.71805
38.740425
38.80915
38.908925
39.0693
39.0852
39.1116
39.156825
39.191025
39.24315
39.252025
39.3086
39.328025
39.3747
39.39385
39.57995
39.680325
39.71635
39.808125
39.86505
39.905275
39.938775
40.13025
40.175675
40.30655
40.345175
40.3615
40.397625
40.4432
40.4846
40.5162
40.5602
40.598975
40.63615
40.829075
40.85225
40.865875
40.91195
41.064875
41.0898
41.155575
41.3549
41.40035
41.459
41.47835
41.491825
41.51675
41.556175
41.65445
41.76355
42.049725
42.22325
42.228675
42.2982
42.332275
42.35655
42.43285
42.448975
42.476525
42.52145
42.863625
42.896975
42.95535
43.18535
43.200325
43.577575
43.9095
44.996575
45.25815
45.2754
45.298175
45.5937
45.599375
45.6299
45.9631
46.385625
46.3918
46.438275
46.806675
47.0651
47.115525
47.191925
47.22875
47.233325
47.26575
47.492675
47.4942
47.5598
47.823475
47.9247
48.217525
48.22495
48.228975
48.251475
48.262525
48.438575
48.69445
48.71775
48.761075
48.783475
48.80775
48.844675
48.857825
48.86975
48.899825
48.9628
48.992525
49.012625
49.035125
49.09565
49.2102
49.237475
49.27025
49.303625
49.342625
49.353225
49.377625
49.486525
49.5023
49.509275
49.5421
49.569525
49.583925
49.6454
49.6793
49.704325
49.7399
49.7823
49.786775
49.802925
49.808475
49.821275
49.838625
49.870825
49.883025
49.922875
49.97675
50.036975
50.040375
50.260875
50.292775
50.612575
50.61455
50.847725
51.60635
51.620425
51.633325
52.00315
52.838425
52.88705
52.909125
52.92545
52.95455
52.99935
53.022425
53.040475
53.617375
53.954525
54.26805
54.43655
54.7641
54.820775
54.829075
54.874125
55.19925
55.242875
55.3024
56.055
56.134025
56.142525
56.152525
56.1896
56.21345
56.26265
56.304
56.55745
56.573575
56.6066
56.66825
56.673425
56.972325
57.380675
57.47955
57.4987
57.7237
57.74035
57.766625
57.768375
57.7762
57.779625
57.79215
58.099925
58.10885
58.11945
58.126475
58.48785
58.806275
58.838025
59.078375
59.08575
59.14525
59.18985
59.235275
59.24615
59.589525
59.65355
59.670175
59.675875
60.113475
60.12215
60.191975
60.8857
60.958775
60.969325
61.306325
61.312725
61.3159
61.380275
61.4025
61.415
61.43515
61.443925
61.449275
61.50975
61.53445
61.560075
61.832225
61.846675
62.5239
63.15445
63.167725
63.49755
63.50115
63.52195
63.550425
63.921575
63.945275
63.955975
63.96605
63.988725
64.002325
64.011325
64.02015
64.0254
64.0706
64.081175
64.08845
64.091525
64.10985
64.12075
64.13035
64.14775
64.3848
64.38755
64.827775
64.837825
65.2858
65.324575
65.643325
65.6469
65.650625
65.658475
65.662875
65.73345
65.791425
66.177375
66.217625
66.260825
66.3319
66.6414
66.6508
66.72445
66.7387
67.05905
67.0709
67.193675
67.535275
68.034675
68.043075
68.07605
68.093675
68.571575
69.1001
69.109925
69.12185
69.4833
69.4889
69.58685
70.0101
70.018425
70.1119
70.584925
70.8139
70.8783
70.902825
70.926375
70.94055
70.947425
71.245375
71.6925
71.70475
71.714125
71.719325
71.797125
71.8021
71.814025
71.9396
72.01645
72.290575
72.541375
72.56655
72.59755
72.631075
72.9745
73.04395
73.058225
73.26185
73.646025
73.65345
73.657375
73.74055
74.0915
74.1018
74.236275
74.5086
74.73575
75.253475
75.942075
75.997275
76.00715
76.050575
76.0638
76.09465
76.553625
76.6264
76.660825
76.67545
76.687925
76.70515
76.718625
77.02725
77.031625
77.044075
77.0477
77.061925
77.18385
77.195375
77.231875
77.254975
77.52055
77.52605
77.690725
77.7077
77.72095
77.73345
77.740125
77.78595
77.8268
78.065775
78.0982
78.12515
78.26545
78.3764
78.3939
78.398375
78.41655
78.667675
78.67035
78.7054
78.770375
78.788425
78.79365
79.0205
79.055825
79.296925
79.3366
79.353125
79.36615
79.436325
79.6957
80.133775
80.373875
80.405725
80.418575
80.6535
81.199075
81.240325
81.256375
81.272275
81.614575
81.9419
81.963925
81.9819
81.992875
82.0135
82.4799
82.4893
82.5236
82.543025
82.552725
82.572425
82.85055
83.00255
83.039725
83.052325
83.481275
83.7787
84.65975
85.0197
85.023825
85.656575
85.9489
86.0223
86.062475
86.122525
86.142375
86.14865
86.160575
86.174175
86.1922
86.213175
86.249675
86.521575
86.633225
87.003475
87.0077
87.69875
87.80525
87.81035
87.813725
87.834675
87.89295
88.189525
88.256425
88.343875
88.503325
88.51765
88.53085
88.555775
88.90205
89.37595
89.6765
89.70225
89.79645
90.07325
90.4041
90.45565
90.467625
90.80395
90.8076
90.81375
90.821025
90.82725
91.150375
91.192025
91.55495
91.5634
91.575575
91.589775
91.6146
91.9262
91.964925
92.270475
92.2767
92.357375
92.36675
92.38455
92.409725
92.4131
92.419125
92.86895
92.884325
93.387475
93.40455
93.41225
93.47945
93.790575
94.321675
94.96375
95.225175
95.379525
95.436825
95.45035
95.45495
95.469225
95.475925
95.5184
95.55365
95.823025
96.051
96.077875
96.291775
96.31385
96.353425
96.4308
96.504225
96.518075
96.891575
97.1059
97.121475
97.1498
97.319275
97.684275
97.726825
97.76415
97.78555
97.805575
97.953375
98.13435
98.40095
98.597325
99.113775
99.402725
99.472525
99.492275
99.503275
99.52685
99.551025
99.5689
99.595375
99.611725
99.904475
99.915275
99.96025
99.9924
99.99985
100.003975
100.0172
100.02275
100.0336
100.8852
100.90265
100.919425
100.935025
100.9544
100.974675
101.002
101.028875
101.273
101.341325
101.345375
101.359275
101.4284
101.639
101.6657
102.0024
102.018
102.0249
102.03045
102.041375
102.045425
102.058775
102.1077
102.97675
103.054725
103.13435
103.253075
103.27835
103.379075
103.5397
103.635325
103.67525
103.8272
103.8564
103.8903
103.9283
104.15475
104.209
104.2227
104.2534
104.29065
104.642
104.989975
104.995
105.012725
105.386725
105.4251
105.45425
105.486075
105.795075
105.872725
106.156
106.19665
106.243
106.314475
106.3496
106.3517
106.422225
106.831525
106.8492
106.906725
106.9315
107.188275
107.4443
107.464725
107.73185
108.0359
108.073975
108.082875
108.0913
108.0973
108.108475
108.138975
108.408075
108.716325
108.766225
109.0137
109.3601
109.422475
110.0056
110.02115
110.035025
110.0723
110.273075
110.379475
110.81805
110.82575
110.976625
111.038925
111.4163
111.43475
111.4487
111.527775
111.5689
111.6317
111.680975
112.51065
112.64095
112.7952
113.2526
113.29955
113.303575
113.354875
113.82385
113.90255
114.483975
114.49415
114.584025
114.6454
114.659975
114.799675
115.22025
115.3278
115.36115
115.366525
115.38225
115.97655
115.98285
115.989675
115.99695
116.4432
116.522925
116.54105
116.594325
116.605625
116.610325
116.8757
116.8855
116.8894
117.51425
117.60435
117.651225
117.961775
118.8742
118.905175
119.2857
119.589775
119.59785
119.613775
119.634325
120.198875
120.202625
120.5877
120.59955
120.60655
120.902725
120.94355
120.961275
120.97185
120.99885
121.37905
121.3875
121.40535
121.409475
121.74105
122.267525
122.478675
122.536125
122.560875
122.5736
122.601425
122.87635
122.882875
122.9218
123.1743
123.246425
123.53995
123.84815
123.914225
124.3587
124.36315
124.369775
124.814825
124.82505
125.337675
125.61715
125.759
125.77265
126.233575
126.249925
126.353525
126.3867
126.714275
126.723375
126.757625
126.76165
126.76515
126.7712
126.77745
126.8457
126.856875
126.8598
127.484675
127.558875
127.8011
127.808975
127.8139
128.2969
128.33465
128.3535
128.390925
128.397725
128.423775
128.733575
128.9078
128.918725
129.06255
129.322925
129.4004
129.7911
130.138025
130.16335
130.4615
130.479175
130.5954
130.6702
130.805675
130.8135
130.818075
130.82815
130.849825
130.86205
131.119875
131.162725
131.610725
131.621325
131.6337
131.688475
131.713675
132.53575
133.182925
133.2019
133.2226
133.2695
133.364225
134.1294
134.243725
134.29275
134.3845
134.65565
134.6636
134.870475
135.415475
135.470125
135.488175
135.490875
135.4976
135.501175
135.505425
135.528525
135.537625
136.0127
136.021975
136.067875
136.431925
136.460825
136.649575
136.6687
136.773925
137.088825
137.0933
137.09615
137.163475
137.23305
137.980425
138.018725
138.74465
139.002175
139.006175
139.0218
139.266875
139.28075
139.3044
139.3329
139.3433
139.3848
139.43705
139.466025
139.47025
139.488475
139.49995
139.860275
139.87275
139.946475
139.954425
140.499675
140.52035
140.833575
140.8399
140.848175
140.906425
141.2919
141.29855
141.41655
141.717075
141.946325
141.95805
142.32055
142.583175
142.588675
142.620125
143.023625
143.39695
143.4064
143.42205
143.4493
143.46055
143.4765
143.486975
143.5037
143.529025
143.593525
143.605075
143.61725
143.634225
144.5091
144.518375
144.660925
144.9981
145.008425
145.33195
145.410975
145.420525
145.426675
145.44765
145.778775
145.783425
146.123325
146.126525
146.138225
146.158175
146.38115
146.388925
146.507325
146.5214
146.543275
146.551175
146.57785
146.589025
146.98305
146.98955
147.006825
147.541625
147.566225
147.58305
147.60295
147.6661
147.6768
147.6869
147.984
148.103825
148.142775
148.17265
148.190575
148.20735
148.21125
148.599
149.264225
149.27535
149.29755
149.380225
149.385825
149.42895
149.46925
149.517225
149.542275
149.569175
149.599425
150.28255
150.29455
150.29865
150.32875
150.343425
150.4432
150.465275
150.4921
150.543625
150.558175
150.785025
151.182925
151.186025
151.194575
151.533425
151.794375
151.83075
151.898325
152.3504
152.356525
152.386375
152.47925
152.833575
152.8441
153.21135
153.236325
153.27015
153.279875
153.731225
153.7409
153.8208
153.8721
154.44365
154.841075
154.857775
155.3392
155.6426
155.656375
155.683025
155.691325
155.704
155.711875
155.72335
155.736225
156.0923
156.0954
156.6219
156.639975
157.028675
157.325425
157.38195
157.696725
157.75405
158.0799
158.094175
158.10135
158.174975
158.18255
158.23285
158.25825
158.27225
158.7389
158.761425
159.096175
159.10545
159.11005
159.11635
159.235875
159.256925
159.274025
159.278625
159.3976
159.661975
159.68425
159.86585
160.30285
160.310225
160.3152
160.8207
160.840425
160.8541
161.250375
161.271975
161.790475
161.79975
161.81395
162.19555
162.1985
162.201825
162.216225
162.252
162.590625
162.598075
162.853825
163.075325
163.111375
163.1359
163.155675
163.164725
163.17065
163.52315
163.5263
163.539375
163.56165
163.578125
163.6005
163.607375
163.618675
164.471825
164.4905
164.527275
164.538825
164.550025
164.56525
164.569775
164.592225
164.62015
164.661825
164.908
164.914325
164.9395
165.018475
165.027725
166.035825
166.04005
166.3602
166.36905
166.3714
166.653325
166.7563
166.8357
166.875575
167.4433
167.49715
167.5141
167.900075
167.91745
167.929075
167.94515
168.082
168.0864
168.427
168.4786
168.768975
168.774675
168.783325
168.78745
168.7942
168.79925
169.157625
169.172075
169.18055
169.18935
169.195775
169.2025
169.24595
169.267175
169.27665
169.2839
169.2871
169.29305
169.714975
169.7444
169.807125
169.8309
170.143825
170.151525
170.155375
170.7071
170.72505
170.8533
170.8704
170.881675
170.896075
170.915025
170.947975
170.9938
171.2892
171.306575
171.569075
171.575175
171.5825
171.6283
171.955425
171.99435
172.300225
172.3058
172.65765
172.663875
172.72825
173.028975
173.33005
173.3426
173.398375
173.7619
173.769675
173.7767
173.792525
173.85575
173.869725
173.889425
173.921775
174.26925
174.28595
174.807625
174.822975
174.85465
174.866175
175.11795
175.11895
175.452525
175.467825
175.7852
175.815675
175.852225
176.30555
176.328125
176.351375
176.39245
176.648425
176.657575
176.667775
176.682175
176.700475
176.804425
176.87215
176.875925
177.236575
177.32455
177.329425
177.33685
177.718175
177.734525
177.73945
177.745475
177.7747
178.0652
178.078475
178.09095
178.1262
178.147225
178.428075
178.43115
178.46595
178.4771
178.537225
178.55135
178.564275
178.582875
178.6566
178.6869
179.02615
179.18335
179.1924
179.199975
179.203475
179.785625
179.978225
180.00175
180.016175
180.030275
180.113875
180.1328
180.158975
180.201875
180.21115
180.217775
180.257075
180.980175
180.9953
181.02615
181.073
181.539075
181.542375
181.716975
181.729075
182.460325
182.47385
182.482675
182.567725
182.592025
182.597625
182.60405
183.3328
183.365525
183.5144
183.52715
184.2427
184.29205
184.30805
184.315475
184.322175
184.32915
184.341225
184.36255
184.4008
184.817825
185.578475
185.5906
185.648825
186.091125
186.10465
186.116175
186.12555
186.13245
186.141825
186.15215
186.2357
186.514175
186.540175
186.5603
186.791775
186.8
186.822625
187.6033
187.622525
187.6334
187.75875
187.768575
188.1677
188.2448
188.524225
188.569675
188.723625
188.730825
188.762925
188.843775
188.879425
188.903575
189.216375
189.28415
189.61065
189.673925
189.68905
189.71075
189.73185
189.942425
189.9934
190.00555
190.343425
190.517925
190.537425
190.5473
190.56345
190.894675
191.122625
191.177325
191.3148
191.323725
191.355425
191.409775
191.7473
191.75305
191.764075
192.069125
192.39995
192.52945
192.55315
192.561075
192.5659
192.5789
192.59215
192.615325
192.648475
193.37745
193.57235
193.7674
194.0389
194.0457
194.054325
194.07915
194.088275
194.109375
194.13905
194.27795
194.338275
194.628225
195.081075
195.084025
195.08955
195.5324
195.567425
195.78305
195.794975
195.861375
195.892725
195.91325
196.21895
196.49235
196.5266
196.553725
196.876925
196.98115
197.0413
197.0939
197.12615
197.401275
197.40955
197.456225
197.5078
197.5241
197.553775
197.860625
198.222725
198.40205
198.4044
198.4106
198.428075
198.435125
198.5365
198.638725
198.8972
198.92955
199.062325
199.0899
199.102
199.16045
199.460775
199.47745
199.486825
199.4974
199.52555
199.556025
199.810625
199.81305
199.990275
200.02055
200.0694
200.306
200.31805
200.353275
200.63995
200.6665
200.67455
200.68055
200.7062
201.1475
201.193175
201.204075
201.22875
201.55555
201.604225
201.617225
201.622275
201.629225
201.67605
201.939875
201.949225
202.035325
202.0868
202.1176
202.1542
202.448625
202.492125
202.78555
202.997175
203.0119
203.27295
203.299975
203.35375
203.372
203.65935
203.902
203.95345
203.961375
203.968025
204.248825
204.571275
204.72775
204.73595
204.7462
204.8663
204.889675
205.14385
205.14655
205.211025
205.2221
205.2656
205.693425
205.82105
206.153
206.2116
206.220775
206.6179
206.660275
206.709575
206.7131
206.748925
207.200425
207.250475
207.599075
207.62905
207.764225
207.785025
207.83605
208.2349
208.602125
208.704925
208.71415
208.7279
209.085175
209.095225
209.10065
209.10295
210.04055
210.18695
210.194425
210.201875
210.317525
210.58545
210.589725
210.59995
210.60615
210.612925
210.6182
210.621675
210.627375
210.649975
210.661925
210.70385
210.980825
211.481475
211.49435
211.502075
211.5098
211.554925
212.006425
212.36245
212.3703
212.38645
212.396775
212.43675
212.59645
212.613725
213.4199
213.430775
213.436025
213.4744
213.5151
213.831625
213.860975
213.923775
213.938675
213.986975
213.994125
214.004125
214.01
214.026875
214.04985
214.340275
214.672275
214.795775
215.2941
215.301175
215.50615
215.5106
215.523125
215.582175
215.599925
215.62165
215.6291
215.647175
216.0149
216.8605
216.881725
216.907525
216.921275
217.197475
217.5842
217.698875
217.7285
218.0187
218.05015
218.45695
218.694125
218.700625
218.706775
218.715225
218.74135
219.1722
219.19165
219.23595
219.293225
219.321975
219.564075
219.5704
219.687725
219.70645
219.7308
219.964575
220.220625
220.243375
220.250975
220.258475
220.2696
220.2959
220.938825
220.942375
221.003425
221.0414
221.350375
221.936025
222.103275
222.1348
222.205975
222.222775
222.29065
222.300075
222.317425
222.358075
222.395575
222.4138
222.432325
222.45355
222.481775
222.6225
222.94665
223.239125
223.27195
223.289525
223.3008
223.546975
223.54895
223.761325
223.785225
223.789925
224.04635
224.0545
224.087475
224.090625
224.098875
224.152525
224.49575
224.509575
224.5293
224.74635
224.801075
225.05575
225.421
225.499025
225.536475
225.55415
226.00975
226.4049
226.73775
226.840275
226.8523
226.874475
226.91665
226.9377
226.9884
227.529425
227.829875
227.8342
228.020675
228.360275
228.38305
228.4427
228.450075
228.556125
228.749275
228.9933
229.016175
229.020175
229.22045
229.227425
229.2764
229.5529
229.904075
229.91895
229.9252
229.9328
229.9717
230.20415
230.2858
230.8345
231.4975
231.50865
231.51745
231.98365
232.0782
232.092
232.10425
232.107425
232.1195
232.16115
232.54135
232.611025
232.62145
232.94255
233.018625
233.469
233.492325
233.5299
233.71215
233.776775
233.9596
233.988975
234.001475
234.023375
234.0598
234.3018
234.307725
234.767125
235.0902
235.1052
235.12835
235.2925
235.339375
235.40145
235.41255
235.421375
235.44205
235.46155
236.041125
236.28245
236.970575
236.9812
237.212175
237.2167
237.221425
237.231025
237.23485
237.25495
237.263025
237.28215
237.842725
237.855075
237.884725
238.08525
238.128475
238.13895
238.159975
238.186325
238.6326
238.659325
238.715675
238.96415
238.990625
239.07895
239.099775
239.156325
239.167025
239.19265
239.202525
239.21745
239.647875
239.66125
239.665075
239.6864
239.69075
239.76965
239.97345
240.148125
240.17535
240.19435
240.20065
240.2176
240.24855
240.260425
240.56185
240.621
240.70105
240.745775
240.79705
240.842825
240.9005
241.11215
241.318125
241.327425
241.33225
241.66935
241.891675
241.9115
241.9428
242.038075
242.283275
242.28855
242.306975
242.3309
242.4824
242.849425
243.16185
243.16705
243.174225
243.18015
243.18435
243.243625
243.260375
243.27265
243.287925
243.56725
