0.5356
0.545925
0.551825
0.6007
0.674475
0.7268
1.04665
1.0493
1.0521
1.58745
1.781225
2.16955
2.171875
2.17455
2.42005
2.730825
2.95555
3.828425
3.853375
4.31475
4.652025
4.65795
5.05755
5.577075
5.675875
5.733075
6.21425
6.2172
6.2203
6.2342
6.273925
6.292225
6.7675
7.169325
7.17195
7.1745
7.577725
7.594025
8.28645
8.577275
8.58045
8.5858
8.736425
9.154325
9.387025
9.7544
10.612975
10.632975
10.6401
11.125475
11.1913
11.48915
11.49765
11.514875
11.564425
12.611425
12.7223
13.0934
13.367675
13.808125
13.83575
14.08415
14.20145
14.64985
14.65375
14.790925
15.247
15.2491
15.251775
15.297475
15.36165
15.700375
16.216325
16.57295
16.990575
16.9934
16.997925
17.551425
17.560875
17.56725
17.57175
17.68275
18.0412
18.0641
18.07205
18.082475
18.932
18.95255
18.96375
19.442075
19.500125
19.5671
19.645425
19.7056
19.72085
19.744625
19.75355
19.781075
19.83465
20.21665
20.685
21.165825
21.17925
21.236275
21.511925
21.6033
21.92365
21.967625
22.319225
22.371925
22.8309
22.836225
22.84465
23.152925
23.238625
23.6057
23.6121
23.618425
23.66365
23.95375
24.60775
24.6103
24.611575
24.612875
25.0201
25.023225
25.046175
25.478525
26.023575
26.043275
26.168125
26.7198
27.054175
27.057075
27.145275
27.158
27.164375
27.168125
27.17285
27.4405
28.393
28.899075
29.41115
29.4174
29.48415
29.62075
29.648425
29.9517
30.2111
30.235725
31.17725
31.2013
31.706825
31.71645
32.176225
32.198975
32.221625
32.496725
32.5001
34.44295
34.4629
35.114375
35.123825
35.178525
35.5367
35.544825
35.5479
36.251825
36.2546
36.580575
36.586775
36.861425
36.867975
37.37525
37.38
37.44165
38.1273
38.198725
38.21335
38.22715
38.32035
38.33935
38.504175
38.55105
38.5668
38.58465
38.614175
38.643725
38.659575
38.68385
38.707
38.71385
38.725325
38.741175
38.768425
38.791625
38.826475
39.0026
39.09745
39.18495
39.22555
39.228725
39.23735
39.247675
39.25545
39.288225
39.30035
39.3306
39.5676
39.63435
39.6489
39.6652
39.78675
40.261825
40.264825
40.27215
40.341825
40.476825
40.8076
40.82475
41.03175
41.132975
41.23525
41.3092
41.34475
41.4792
41.597775
41.646625
41.6867
41.844125
41.87665
42.0141
42.1795
42.21685
42.2252
42.233525
42.27205
42.352275
42.374025
42.424075
42.4307
42.503925
42.770375
42.772675
42.77495
42.7778
42.9386
42.954325
43.28425
43.2865
43.288675
43.2918
43.6387
43.641125
43.643725
43.938925
44.53775
44.5408
44.682
45.32505
45.32835
45.67215
45.6899
46.060575
46.326325
46.539475
46.79175
47.0745
47.55995
47.562925
47.76065
47.776275
47.7912
47.8161
48.29255
48.5185
48.526525
48.5421
48.558775
48.56535
48.575675
48.60905
48.621975
48.6413
48.650425
48.658475
48.708675
48.751475
48.851
48.858625
48.867525
48.9049
49.053125
49.175925
49.20315
49.21875
49.23025
49.267425
49.301575
49.305175
49.322175
49.3625
49.394425
49.407625
49.507325
49.52515
49.531875
49.54655
49.548075
49.5511
49.554225
49.576375
49.591775
49.596175
49.6086
49.616775
49.620125
49.63905
49.680025
49.755925
49.7933
49.810025
49.822775
49.836475
49.916975
49.96085
50.237625
50.240725
50.535225
50.539
50.8577
50.860925
51.205825
51.20875
51.21155
51.490825
51.5082
52.023025
52.0482
52.64075
52.6491
52.6974
52.857375
52.8704
52.8824
52.8937
52.9042
52.917075
52.955475
52.966575
52.991075
53.030775
53.06885
53.3548
53.3723
53.579675
53.582
53.584475
53.5874
53.97005
53.97525
53.9939
54.234775
54.33435
54.338175
54.35075
54.4209
54.448475
54.7521
54.762575
54.858825
55.198375
55.20115
55.207325
55.629575
56.132525
56.615075
56.6182
56.635425
56.985
56.988
57.385025
57.3884
57.4759
57.4807
57.8116
58.11185
58.119275
58.485425
58.488425
58.494325
58.519825
59.08225
59.091475
59.0935
59.143725
59.17945
59.2301
59.26115
59.533075
59.551175
60.02435
60.0268
60.029125
60.20435
60.58625
60.934625
60.95925
60.987325
61.246775
61.40495
61.8356
63.272125
63.8316
63.848125
63.91115
64.027875
64.075125
64.472975
64.728125
65.1123
65.130175
65.207525
65.3277
65.729825
65.732725
65.7355
65.753
66.723325
66.726825
66.7371
67.180875
67.2498
67.6266
67.637975
68.09225
68.563425
68.930975
69.0804
69.085525
70.0915
70.111475
70.181225
70.80985
70.837175
70.88895
70.91175
70.966825
71.6756
71.73545
71.7525
71.779725
71.84705
72.30305
72.305575
72.3081
72.31655
72.457725
72.615275
72.640225
73.035025
73.03885
73.1263
73.6701
73.6726
73.67575
74.16485
74.596875
74.71075
75.173375
75.184575
75.19055
75.22065
75.230925
75.246525
75.933975
76.02555
76.039975
76.062475
76.088525
76.535425
76.54045
76.555725
76.584175
76.595625
76.6518
76.675125
76.7465
77.1654
77.16815
77.17065
77.182375
77.218025
77.236875
77.68785
77.69065
77.69305
77.6981
77.71265
77.72315
77.73705
77.7893
77.801325
78.249775
78.25875
78.303525
78.309525
78.32565
78.3491
78.3997
78.7262
78.729925
79.21575
79.225075
79.2348
79.320275
79.33355
79.348025
79.3617
79.38625
79.8626
79.870725
80.622325
80.650225
81.125225
81.1356
81.1922
81.734775
81.743675
81.862175
81.89125
81.919
82.006775
82.6293
82.993275
83.004325
83.012975
83.043325
83.127525
83.36975
83.372475
83.37565
83.3787
83.390925
83.739875
83.7426
83.745325
83.759375
83.772825
83.827025
83.87425
84.23
84.236725
84.246675
84.26845
84.3647
84.66045
84.66275
84.6651
85.2929
85.296375
85.31225
86.027375
86.11615
86.1652
86.202825
86.509325
86.512475
86.6642
86.71625
86.863175
87.3348
87.337675
87.34015
87.3442
87.3489
87.79415
88.14485
88.150575
88.192775
88.22355
88.23375
88.24055
88.247225
88.251725
88.4862
88.512
88.524975
88.5613
88.5999
88.616125
89.1292
89.1321
89.143525
89.359375
89.615875
90.0549
90.0573
90.05965
90.063025
90.4488
90.751775
91.2356
91.238875
91.565
91.56815
91.571075
91.9731
92.81535
92.830325
93.4446
93.4805
93.49405
93.539525
93.846025
93.8566
93.888375
94.326375
94.673775
95.407225
95.439675
95.461625
95.47655
95.526975
95.9105
96.4472
96.877175
96.881875
96.8909
97.308875
97.316575
97.6545
97.773225
97.943475
98.2733
98.275875
98.27965
98.6823
98.692525
98.742725
99.493475
99.52975
99.6219
100.373875
100.918175
100.955725
101.04365
101.381875
101.41375
102.03315
102.0864
102.501925
102.52365
102.540275
102.823675
102.836675
102.96335
102.98395
103.128025
103.340225
103.359825
103.362625
103.365325
103.37075
103.380275
103.523375
103.5327
103.580575
103.586675
103.59185
103.5998
103.602925
103.610275
103.6189
103.625125
103.64325
103.797475
103.8081
103.811075
103.82535
103.8314
103.839175
103.84235
103.8551
103.86475
103.871875
103.875
103.880875
103.887475
103.891825
103.89615
103.89975
103.90325
103.906825
103.91035
103.914525
103.919425
104.29125
104.2937
104.29615
104.5868
104.590025
104.5986
105.0308
105.387125
105.3998
105.41685
105.855175
106.15775
106.1658
106.17335
106.222
106.238375
106.27565
106.282125
106.293475
106.308225
106.317925
106.38095
106.4037
106.42715
106.460625
106.47065
106.5394
106.545975
106.5577
106.56345
106.94085
106.943425
106.945875
106.94895
107.29375
107.793875
107.79705
107.801575
108.150375
108.448275
108.745325
109.007275
109.05675
109.323075
109.326025
109.3343
109.370525
110.056425
110.1701
110.80575
110.808925
110.811675
110.871425
111.322025
112.147625
112.51675
112.557175
112.60635
112.698175
113.178525
113.2104
113.25965
113.93575
114.429275
114.53135
114.5739
114.6448
115.264125
115.267975
115.789225
115.793125
116.510025
116.6007
116.880125
116.90125
117.36395
117.5001
117.937675
117.942375
118.19865
118.486725
118.50835
118.9836
119.262525
119.56425
119.60855
119.660025
119.69275
119.91195
119.9236
120.278025
120.869825
120.874625
120.876775
120.905675
120.955825
121.0419
121.361775
121.36405
121.36675
121.371525
121.455775
121.814725
121.819025
121.85285
122.2339
122.518875
122.918625
122.921825
122.926575
122.9318
122.943075
123.2472
123.47465
123.94685
123.949475
123.95475
123.9715
124.394375
124.903075
124.9058
124.908525
124.9177
125.600975
125.60345
125.6058
125.609
125.6125
125.6238
125.63785
125.7335
125.768475
125.790075
125.838875
125.861725
126.115125
126.1238
126.38155
126.65875
127.123875
127.12945
127.139125
127.8936
128.010925
128.016175
128.257375
128.27535
128.300325
128.31565
128.349325
128.357675
128.374825
128.4238
128.823725
128.826375
128.83095
129.34055
129.344125
129.793525
130.458625
130.465075
130.473225
130.522475
130.76795
130.792275
131.201075
131.209575
131.566175
131.5927
131.61635
131.634675
131.665625
131.68665
132.025675
132.12735
132.7859
133.136225
133.13915
133.143
133.15135
133.185475
133.7323
133.87015
133.89935
133.939325
133.9817
134.043175
134.3503
134.388675
134.40285
134.4532
134.922075
134.924
134.92645
135.11965
135.44575
135.498575
136.5477
136.57415
136.591725
136.609625
136.666125
136.68185
136.7169
136.756725
137.144675
137.147125
137.15015
137.47555
137.4786
137.9554
137.95795
137.960925
137.9676
138.007375
138.00965
138.01185
138.347475
138.35055
138.7505
139.333475
139.464225
139.484675
139.498825
139.92395
139.976875
139.992975
140.381725
140.855825
140.85865
141.3159
141.31845
141.3219
141.32695
141.415875
141.73755
141.8363
141.870225
142.30055
142.304025
142.318825
142.664775
142.6685
142.6929
143.4914
143.582525
144.603825
144.62915
144.6604
145.044875
145.413675
145.489325
145.8444
146.1106
146.152725
146.42525
146.997325
147.080275
147.137375
147.605125
148.071775
148.079025
148.51645
148.5425
149.238175
149.38415
149.482975
149.53095
150.2141
150.391675
150.88195
151.8053
151.830875
151.931225
152.200575
152.20395
152.20585
152.21365
152.31765
152.362675
152.37195
152.782375
152.78515
152.7887
152.80405
152.819575
153.28565
153.288975
153.29875
153.59925
153.603075
154.316675
154.319475
154.33675
154.4255
154.855725
154.8822
155.3123
155.315125
155.609875
155.61275
155.617575
156.1714
156.1836
156.5393
156.646825
156.6558
156.984425
156.9872
156.994275
157.00845
157.03595
157.72715
157.7455
157.81065
157.8333
158.15185
158.166025
158.347225
158.385975
158.712425
158.715325
159.083975
159.115925
159.1394
159.1663
159.2641
159.36495
159.7238
159.7287
159.744975
159.863925
160.253675
160.259125
160.262125
160.3697
161.182
161.1939
161.5771
161.891675
162.196075
162.98845
162.99715
163.0128
163.0255
163.0866
163.123325
163.19595
163.554975
163.9507
163.95325
163.955975
164.436725
164.4627
164.50345
164.51285
164.529825
164.536875
164.868575
164.87105
164.873475
165.009175
165.38155
165.38455
165.388925
165.401025
166.338225
166.615375
166.6228
166.62705
166.751025
166.753975
166.773825
167.46775
167.474325
167.48935
167.856475
168.4772
168.479775
168.482425
168.48505
168.49695
168.96205
169.1771
169.1896
169.208825
169.22665
169.27685
169.320725
169.654875
169.6656
169.6754
169.6842
170.138875
170.14175
170.1459
170.83965
170.86205
170.890875
171.302
171.66675
171.9444
171.948025
171.9522
172.330125
172.332775
172.9084
173.7581
173.790725
173.852475
173.90755
174.240675
174.246325
174.31405
174.70435
174.80965
174.846
175.185625
175.18875
175.1916
175.4167
175.718575
175.72365
175.73775
175.8778
175.98275
176.3254
176.3294
176.7242
176.72715
177.17225
177.2771
177.292175
177.763475
177.76675
178.1982
178.539975
178.5841
178.6077
178.64345
179.142
179.145425
179.187775
179.591275
179.595525
179.618425
179.9509
179.953825
179.958575
180.034675
180.053125
180.093925
180.128825
180.196975
180.227325
180.2394
180.50955
180.51325
181.559925
181.66465
182.223775
182.22945
182.325325
182.94415
182.948625
183.38645
184.246
184.288925
184.313175
184.357725
184.37135
184.774575
184.786775
184.855475
185.522225
185.529975
185.6997
185.7271
186.105175
186.1704
186.209025
186.2353
186.516975
186.519425
186.5218
186.524475
186.53515
186.562625
186.58925
186.600725
186.785775
187.078675
187.53405
187.637675
187.78075
187.790775
188.11095
188.114025
188.118025
188.120775
188.13435
188.217275
188.60685
188.62105
188.699225
189.210525
189.213225
189.21575
189.219325
189.597575
189.620325
189.64395
189.6804
189.708825
189.7433
189.979475
189.9823
189.987
189.991275
190.0898
190.47935
190.820775
190.8233
190.825925
190.828975
190.833075
190.88245
190.907625
191.16755
191.170625
191.28705
191.316625
191.612775
191.61605
191.620575
191.768825
192.06685
192.4551
192.46165
192.546925
192.9839
193.09415
193.33045
193.332875
193.335125
193.337775
193.34755
193.41295
193.550175
193.662675
193.701475
194.011025
194.01325
194.015875
194.208125
194.532625
194.535875
194.539
194.8098
195.06805
195.070575
195.073875
195.081975
195.4957
195.793325
195.797675
195.803325
195.830475
195.9031
195.9252
196.1909
196.194325
196.199325
196.2094
196.278675
196.4423
196.47555
196.5201
196.964975
196.969125
196.980525
197.3751
197.3775
197.380275
197.869
197.8714
197.873775
197.877475
197.89385
197.932925
198.008575
198.033125
198.145075
198.15105
198.15705
198.1778
198.200875
198.21025
198.21375
198.2205
198.22705
198.235625
198.32385
198.334775
198.34435
198.35515
198.3642
198.371425
198.373925
198.3805
198.406075
198.412425
198.419475
198.422675
198.428225
198.432275
198.43555
198.43955
198.455575
198.460225
198.52745
198.53915
198.87405
198.88705
198.8907
198.901675
198.91305
199.075425
199.085575
199.1563
199.452325
199.454325
199.456325
199.458325
199.46275
199.468125
199.53525
199.547
199.55395
199.563775
199.933225
199.935425
199.9376
199.940725
199.952625
200.33115
200.3336
200.3363
200.351925
200.6879
200.690625
200.693675
200.69735
200.711975
201.1613
201.173475
201.176675
201.1903
201.202175
201.2065
201.217375
201.553725
201.563425
201.624775
201.6719
201.930875
201.933575
201.93745
201.946075
202.0226
202.075325
202.44805
202.450875
202.453225
202.683075
203.13845
203.14995
203.2947
203.3702
203.415725
203.6574
203.659875
203.663
204.308575
204.735875
204.745225
204.763175
204.775775
204.8202
204.8552
204.902825
205.170575
205.172975
205.175375
205.248575
205.267375
205.29015
205.3073
205.33425
205.6218
205.62465
205.627425
205.635575
205.730275
206.1356
206.1384
206.140525
206.143625
206.492175
206.811725
206.851875
207.07715
207.0797
207.0822
207.5872
207.5903
207.602975
207.76255
208.198575
208.203125
208.7
208.705025
208.707375
209.108925
210.175575
210.2017
210.227125
210.23645
210.2839
210.31405
210.584125
210.587475
210.6146
210.64765
210.723975
211.036775
211.226675
211.2382
211.2625
211.99485
212.26165
212.34755
212.377225
212.41345
212.433225
212.555
212.568225
212.5878
212.966625
212.969425
212.976375
213.335275
213.692
213.727075
213.76325
213.97855
214.3825
214.673875
214.67945
214.726075
215.908725
215.984725
215.9899
216.020575
216.024625
216.049025
216.05795
216.97075
217.240675
217.556825
217.6081
217.623925
217.6893
217.735825
217.7512
217.99775
218.000575
218.0184
218.7451
218.754025
218.768125
219.1946
219.207425
219.33475
219.337625
219.341475
219.3561
219.3617
219.46095
219.488425
219.497825
219.509225
219.51875
219.5347
219.629675
219.63905
219.651825
219.678825
219.6853
219.693025
219.705325
219.711825
219.719625
219.72325
219.7279
219.73305
219.74015
219.7491
219.7532
219.75695
219.760975
219.76485
219.7688
219.7729
219.779575
219.782575
219.824575
219.86805
219.87965
219.893825
219.900925
219.905525
219.9097
219.91435
219.918625
219.92335
219.9276
219.932325
219.9373
219.941525
219.945175
220.311075
220.313075
220.314925
220.31715
220.321175
221.447125
221.722475
222.084975
222.109925
222.163375
222.21285
222.284325
222.3568
222.43595
222.61595
222.646675
223.16435
223.166525
223.16845
223.1713
223.1757
223.19445
223.212625
223.2361
223.26415
223.30955
223.739975
223.74255
223.745225
224.025875
224.029225
224.386825
224.3919
225.028125
225.380325
225.3942
225.45735
225.481025
225.49645
225.522675
225.539225
225.5658
225.915
225.91765
225.9213
226.390375
226.3932
226.395825
226.66355
226.828525
226.83945
226.871275
226.977075
226.978325
227.31955
227.322275
227.325775
227.4907
227.507275
227.57235
227.5911
227.952225
228.467875
228.5063
228.518325
228.526575
228.5344
228.603125
228.643725
228.656275
228.6576
228.673275
228.679875
228.69365
228.72985
228.7363
228.923025
228.983425
228.99055
229.003375
229.07425
229.1449
229.21355
229.228875
229.244825
229.870525
229.87565
229.8799
230.11775
230.1203
230.12295
230.797975
230.831325
230.83995
231.2207
231.5169
231.523125
231.5374
232.05455
232.09595
232.41535
232.606975
232.613625
232.867625
232.869675
232.87205
232.919025
232.97705
232.985
232.995375
233.0314
233.05845
233.068525
233.095125
233.136925
233.472
233.474175
233.47635
233.47925
233.49215
233.5118
233.52505
233.531925
233.5496
233.570675
233.59335
233.6024
233.611525
233.637775
233.695575
233.6986
233.70285
233.7055
233.709225
233.71235
233.71635
233.72135
233.72575
233.737125
233.749575
233.76485
233.77765
233.788975
233.79865
233.804625
233.81155
233.818975
233.822975
233.82765
233.8323
233.83635
233.84375
233.851925
233.8615
233.8731
233.9037
233.924325
233.9461
233.990525
233.9978
234.014375
234.266075
234.391525
234.393625
234.395775
234.398275
234.40215
234.8984
234.90095
234.90345
236.0457
236.32495
236.736125
237.194575
237.23905
237.335025
237.73215
237.7346
237.7376
237.746875
237.76405
238.442425
238.970825
239.188175
239.394375
239.39705
239.39985
240.059525
240.206625
240.619925
241.3106
241.50265
241.796275
241.79935
241.802675
241.9529
242.49335
242.5026
243.147975
243.53695
243.540125
243.5524
