2.661025
6.967775
7.779125
9.6346
11.5619
15.79595
17.391325
18.6225
20.2774
20.689025
20.695075
21.10935
24.242875
26.9062
29.06375
29.616175
30.7998
31.857
38.619975
41.51535
41.519375
42.71805
42.72195
44.436425
45.40765
45.414175
45.9138
47.176375
47.180775
48.112225
48.115975
48.8971
50.632725
51.71165
56.757575
56.76185
58.7057
59.333675
60.52845
60.933975
62.435475
64.597225
65.1677
65.993975
66.00205
69.1704
69.17675
74.70075
77.1085
79.97675
79.983525
87.004525
90.071975
91.46225
91.465475
91.4957
91.51055
91.521925
91.552875
92.358175
92.361925
92.8545
92.857825
93.3345
94.582575
96.93145
97.60695
98.944025
100.1077
100.111425
104.1783
104.18185
104.1872
105.090975
105.094375
105.981525
106.547875
106.552
107.166125
107.169825
108.070475
108.07415
109.457075
110.709875
110.713775
111.1285
111.481675
111.8085
112.470325
112.47435
112.92245
112.926325
113.659525
113.66255
113.66645
114.105
114.34095
114.70235
115.691925
116.311
116.3149
117.257475
117.2616
120.28255
120.286225
122.946525
125.167325
125.6061
126.01185
127.457425
130.2614
132.80175
134.067725
134.6249
134.628025
134.6325
135.9275
138.484225
139.545
143.369325
143.37805
147.41775
147.4235
152.791875
155.7417
159.97805
164.846225
167.405025
167.4083
170.117375
170.498325
170.797225
170.801725
173.3209
176.891125
176.8947
179.177675
179.991025
180.25205
180.81625
180.820875
182.20475
183.26205
186.991675
189.87585
190.499375
191.540425
191.544375
192.025225
192.029
192.03525
192.35
192.3547
192.747875
193.5761
193.58775
194.2152
194.21885
196.5366
197.785425
198.357025
204.518975
204.523575
