2.931275
2.9613
3.007675
3.036425
3.045525
3.078
3.09685
3.10305
3.793375
3.797275
3.80395
4.32315
4.3268
4.333525
4.944325
5.0357
5.25815
5.29805
6.026175
6.02935
6.0331
9.175425
9.1815
9.18875
11.443225
11.45915
11.65445
11.755675
11.777175
11.909825
12.003475
12.063025
12.11295
12.169775
12.812625
12.81795
12.877025
13.005925
13.034
13.0415
13.786725
13.803775
13.821225
14.4649
14.956275
14.96565
15.034575
15.14595
15.259825
15.2838
15.973575
16.2978
16.301325
16.305875
16.8318
16.83465
16.8377
16.8415
17.2864
17.2905
18.692175
18.712275
19.282225
20.5389
20.819275
20.86975
22.242525
22.247325
22.45225
23.1007
23.116175
23.1404
23.653425
23.657525
23.6616
24.40605
24.4883
29.18675
29.312775
29.411025
29.58655
29.61665
29.63205
29.641075
29.64645
29.6518
29.6579
29.667
29.6725
29.6783
29.688775
29.697125
29.70335
29.71015
30.086
30.0904
30.3155
30.333925
30.339275
30.3568
30.368775
30.377175
30.47255
30.503325
30.51855
30.554775
30.946525
30.972175
31.275475
31.281225
31.806375
31.8135
31.8743
31.890175
31.9228
31.96
31.999725
32.01585
32.0518
32.058725
32.074875
32.09115
32.114775
32.125075
32.59065
32.594
32.59855
33.2678
33.279575
33.302525
33.608575
33.613475
34.373575
34.393825
34.43235
35.121625
35.1249
35.128575
35.627525
36.786275
40.021925
40.3165
40.428375
40.4473
40.45635
40.470025
40.5381
40.607225
40.681925
40.71585
40.728675
40.73675
40.74315
40.74725
40.7528
40.76015
40.767875
40.773425
40.781525
41.34395
41.34655
41.34935
41.359175
41.45025
41.5014
41.7429
41.75195
41.762325
41.8336
41.85055
42.704025
42.921875
43.000225
43.018175
43.556225
43.55965
43.563725
43.86505
43.86835
43.872375
43.8768
43.910625
43.988125
44.4602
45.18325
45.186975
45.191675
45.434175
45.43755
45.440875
45.44555
45.6094
46.09885
47.1183
47.121675
47.1255
48.872975
49.057975
49.1018
49.16235
49.667075
50.064175
50.697225
50.980425
50.985375
51.31875
51.32655
51.821175
51.82575
51.830375
52.293225
52.2974
53.317075
54.028625
54.644
56.376425
56.386325
56.617475
56.642175
56.695325
56.73295
58.6759
58.946725
59.016625
59.05075
59.2928
59.3309
59.382875
59.6552
59.727975
60.361075
60.3693
60.4144
60.42285
60.4334
60.452075
60.46875
60.488525
60.536175
60.549575
60.9322
60.935225
60.938475
60.941875
61.179775
62.141275
62.1448
62.150975
62.564975
62.93105
63.371525
63.37535
63.38085
63.874925
63.87905
64.37565
64.3795
65.74985
66.775025
69.0371
69.132525
69.35905
69.3955
69.47025
69.618275
69.66615
69.786575
69.806125
69.851075
70.54475
70.553825
70.565575
70.59885
70.637
70.673025
71.135975
71.13935
71.1425
71.162325
71.4576
71.46125
71.465625
71.760125
71.77595
71.81035
72.3028
72.32565
72.3601
72.3812
72.830025
72.833025
72.836375
72.842225
72.8511
73.84155
73.8448
73.848425
74.221125
74.224275
74.22755
74.231225
74.333375
74.388175
74.409125
74.5104
74.543075
74.869775
74.87305
74.878175
75.740225
75.743575
75.747025
75.752775
75.80115
75.8228
77.481825
81.163825
81.179925
81.225075
81.369475
81.3865
81.50165
81.54045
81.589075
82.249675
82.3798
82.404525
82.42605
82.447425
82.488
82.64985
82.688
83.26935
83.277375
83.59865
83.9511
83.96375
83.97575
84.080775
84.09345
84.157975
84.9963
85.002725
85.707025
85.770425
85.798
85.919625
85.94675
86.006425
86.42715
86.9408
86.944625
86.94875
87.178375
87.186475
87.194875
88.414725
88.4179
88.42185
88.9242
88.9545
89.021625
89.592125
89.596225
89.6021
90.130375
90.133225
90.1363
90.139375
90.143325
90.148325
90.26945
90.565425
90.59195
92.2013
92.204725
92.20875
92.53495
92.597225
92.622675
92.639525
93.24945
93.25405
93.7165
93.948
95.842225
95.865
96.45585
96.49735
96.517725
96.551
96.575325
97.32445
97.78345
97.877025
98.0477
98.069025
98.5207
98.5289
98.889225
98.92015
98.92765
99.745
99.749175
99.7579
99.80315
103.9772
104.27965
104.299125
104.424025
104.5677
104.57745
104.58515
104.5907
104.59845
104.613875
104.6352
105.006125
105.37645
105.397975
105.80855
105.81205
105.816225
106.0611
106.075
106.0841
106.103725
106.113075
106.169375
106.1874
106.2317
106.34305
107.070425
107.16355
107.30545
107.402225
107.432575
107.952875
107.9582
107.9757
108.1094
108.55795
108.560775
108.5636
108.567075
108.764325
108.7858
109.2008
109.2043
109.208875
109.628775
109.636
110.71465
110.721975
110.793325
114.203575
114.46325
114.77065
115.2039
115.20805
115.21195
115.252875
115.2771
115.53815
115.5572
116.22905
116.247025
116.322075
116.38035
116.7055
116.708475
116.711525
116.715825
117.5201
117.538275
117.6386
118.675525
118.679225
118.8599
118.88245
118.938025
119.453275
119.6381
119.69535
120.11455
120.73595
120.750325
121.7403
125.83565
125.914525
125.937125
126.01675
126.03275
126.111175
126.131875
126.16795
127.034375
127.052275
127.074575
128.1808
128.577375
128.581025
128.594425
128.604475
128.62155
128.635275
128.6416
129.6069
130.27625
130.305
130.43655
130.456075
130.504975
130.545325
131.328575
131.3339
131.7321
131.741325
131.803425
133.0795
133.0876
133.2159
133.330225
134.098575
134.526325
134.602375
135.324525
135.3292
136.175075
136.9603
137.62085
137.6473
137.86385
137.905275
137.9256
137.93305
137.943125
138.562025
138.59145
138.60175
138.641225
138.687475
138.71275
138.752775
138.782225
138.78885
138.797275
138.814
138.833075
138.8462
139.09095
139.108725
139.52715
140.2208
140.23175
140.245225
140.2645
140.274425
140.289625
140.298025
140.302325
140.30735
140.314175
140.3193
140.32695
140.337575
140.35045
140.921925
140.925075
140.9292
140.932775
140.93815
140.946725
141.07955
141.735925
142.63855
142.641825
142.6454
142.874425
143.963225
144.0718
144.122575
144.7569
144.760025
144.76345
144.7679
144.771775
144.800075
144.82215
145.2892
145.295225
145.718775
145.722025
145.725825
145.7312
146.106425
146.2601
147.07075
147.0743
147.0823
147.39245
147.542125
147.664475
148.77395
150.024125
150.202325
150.345575
150.394775
150.41335
150.432075
150.4517
150.48405
150.9231
150.92865
150.93835
151.96855
152.445025
152.9146
152.92155
153.087975
153.1639
153.1747
153.29145
154.07895
154.62225
154.627225
155.606175
155.61175
156.400425
157.21945
157.223575
157.228375
157.870025
158.061075
158.905675
158.911
159.10755
159.148325
159.606975
160.090475
160.109875
160.132225
160.146375
160.160175
160.335825
160.39465
160.863075
161.313175
161.317175
161.8107
161.8152
163.8314
163.857775
164.310275
164.853525
164.8583
165.07045
165.105025
165.14175
165.753175
166.248525
166.252475
166.26345
166.411525
166.470925
167.41225
167.415475
167.4188
167.42485
168.6946
168.74725
168.76225
168.783475
168.801025
169.000325
169.8837
169.88765
169.893875
170.1959
170.20115
170.495375
170.561
170.60095
170.726725
170.80335
170.8389
171.437825
171.441225
171.44505
171.65205
171.75635
171.777075
171.920375
172.29445
173.40125
173.404225
173.4079
173.6542
173.7414
173.871525
173.940825
174.44815
174.45165
174.4579
175.1344
175.138025
175.142025
175.379675
176.0757
176.33845
176.385975
176.853675
176.926375
177.4354
177.438625
177.44315
180.67145
180.6911
180.72445
181.152475
181.5976
181.722725
181.759925
181.830725
182.76665
182.769675
182.773175
182.77865
182.897525
183.406175
183.41125
183.728925
183.831725
184.41115
184.44565
185.08755
185.104275
185.67635
186.27935
187.456925
189.27065
189.85815
189.939575
190.032175
190.11975
190.141325
190.147525
190.57245
190.6081
191.0257
191.029375
191.033325
191.51745
191.52155
191.69455
191.779275
191.789625
191.795675
191.811025
192.06075
192.078375
192.13175
192.22295
192.88635
192.889275
192.892525
192.89695
193.50515
193.509125
194.559475
196.2193
196.240475
196.2586
196.273075
196.294275
196.332625
196.33895
196.351425
196.371025
197.070625
197.073975
197.076875
197.0806
197.132425
198.0305
198.034275
198.03805
198.042225
198.791775
198.84755
199.9719
200.6014
200.753725
200.77415
200.802375
201.042825
201.381275
201.400575
201.7811
202.155725
202.342175
202.847725
202.850975
202.855225
203.023225
203.090225
203.1274
203.2372
203.28815
203.469775
203.9535
204.273725
204.3146
204.59965
204.60275
204.6062
204.61145
204.828575
205.2917
