0.064075
0.2067
0.528775
0.602025
0.666425
0.7354
0.794475
0.943325
1.09235
1.21665
1.3382
1.405075
1.5118
1.577075
1.61475
1.731675
1.923175
1.998775
2.04785
2.0939
2.1797
2.217625
2.33295
2.4628
2.6655
2.79385
2.84575
2.902375
2.9405
2.973275
2.984725
3.00705
3.046525
3.0846
3.25315
3.36005
3.3957
3.5527
3.68495
3.7388
3.78655
3.82035
3.943925
4.203275
4.28175
4.335525
4.40015
4.4718
4.709275
4.769175
4.84245
4.85545
4.875775
4.904975
4.915025
4.949925
4.99785
5.049475
5.1937
5.229525
5.264475
5.27185
5.35225
5.451675
5.513325
5.5519
5.61585
5.74885
5.88385
6.077175
6.12515
6.220125
6.3023
6.40815
6.69245
6.716975
6.780125
6.83855
6.875325
7.0173
7.2506
7.370175
7.450425
7.514325
7.58805
7.736275
8.146325
8.2017
8.273125
8.309575
8.70925
8.7385
8.840925
8.96035
9.09395
9.27195
9.403325
9.433625
9.497575
9.5335
9.715125
9.7837
10.144375
10.19195
10.28005
10.4087
10.75215
10.7781
10.839075
10.9655
11.058425
11.161325
11.364325
11.40645
11.4357
11.48615
11.5181
11.55
11.601375
11.648575
11.717725
11.741825
11.781225
11.7917
11.845825
11.918575
12.0029
12.066725
12.159925
12.35215
12.389
12.62445
12.795225
12.820775
12.85075
12.882175
12.9682
13.0173
13.3051
13.405625
13.441425
13.557575
13.586525
13.620525
13.6613
13.70545
13.76145
13.81015
13.887125
14.030325
14.251425
14.31735
14.371525
14.4169
14.470875
14.526825
14.812825
14.885975
14.92485
14.981325
15.0312
15.0815
15.164775
15.21115
15.311275
15.362325
15.445275
15.833175
15.865375
15.91105
15.9632
15.996325
16.194375
16.42465
16.499975
16.56675
16.615
16.773125
16.94565
17.0449
17.3166
17.487425
17.594325
17.873175
17.98755
18.0751
18.261775
18.340475
18.404525
18.464975
18.49375
18.528575
18.558675
18.617775
18.64495
18.68035
18.719975
18.741475
18.8356
18.877975
19.068175
19.161725
19.270175
19.297525
19.3508
19.3769
19.429575
19.47005
19.7346
19.92495
20.057625
20.48295
20.532575
20.610175
20.656625
20.676525
20.68615
20.764875
20.869075
21.164425
21.271475
21.469175
21.753925
21.818125
21.901025
22.060375
22.258325
22.296425
22.336975
22.359525
22.381025
22.402125
22.407725
22.45395
22.554075
23.039725
23.075525
23.100325
23.126975
23.15745
23.192
23.3126
23.694625
23.727875
23.778175
23.8619
24.0281
24.236225
24.3302
24.348075
24.3629
24.385325
24.38775
24.409725
24.44515
24.502075
24.571125
24.702625
25.0649
25.1
25.1722
25.2939
25.532325
25.68295
25.837925
26.12925
26.20265
26.2164
26.2453
26.34015
26.4505
26.518875
26.610375
26.6665
26.697675
26.9468
27.187625
27.324025
27.548475
27.662225
28.052675
28.1448
28.21165
28.399825
28.779725
28.8992
28.952625
28.9997
29.091425
29.1298
29.1433
29.203225
29.2618
29.373725
29.3854
29.391975
29.44165
29.5122
29.54205
29.554375
29.60075
29.61815
29.641
29.744475
29.832575
29.9443
30.2693
30.296325
30.310175
30.339725
30.35155
30.3907
30.445025
30.47265
30.4951
30.54705
30.628
30.65515
30.938625
31.106725
31.16565
31.238825
31.325675
31.455025
31.5902
31.73755
31.7755
31.798875
31.830125
31.844775
31.8505
31.8925
31.960425
31.98505
32.113275
32.225125
32.54965
32.65115
32.8045
33.1303
33.195675
33.214
33.2491
33.2989
33.3465
33.4057
33.48725
33.68165
33.83215
33.8628
33.923575
34.007475
34.023875
34.114375
34.310225
34.52665
34.603575
34.71555
34.99145
35.07185
35.15505
35.5136
35.569575
35.675075
35.7953
35.88235
36.285925
36.3067
36.334675
36.4508
36.518625
36.656975
37.008675
37.12725
37.3515
37.511875
37.69485
37.95005
38.0127
38.07855
38.147825
38.309775
38.574375
38.6152
38.680875
38.745025
38.85345
39.3064
39.385925
39.3998
39.407325
39.588975
39.765825
39.892875
39.9154
40.01425
40.054725
40.20965
40.26235
40.27125
40.281825
40.305225
40.3383
40.377975
40.422525
40.486075
40.512175
40.5468
40.617375
40.669725
40.71325
40.768975
40.90525
40.9529
41.0135
41.160775
41.327375
41.389675
41.440125
41.48985
41.57185
41.71595
42.02555
42.061025
42.091375
42.15905
42.203175
42.2654
42.292775
42.3971
42.6633
42.67955
42.702175
42.719225
42.7702
42.84165
42.8875
42.9226
42.9773
43.0582
43.142775
43.189925
43.43675
43.665025
43.76635
43.8586
43.88645
43.914475
43.9312
43.94155
43.972225
43.9936
44.088275
44.4489
44.53045
44.60895
44.7003
44.737725
44.824475
45.1339
45.3173
45.35595
45.393225
45.432025
45.4467
45.496475
45.5448
45.643675
45.723275
45.875275
46.2327
46.2587
46.306125
46.4089
46.63185
46.764975
47.1134
47.182875
47.29025
47.443475
47.6842
47.715125
47.80395
47.8405
47.90505
48.0252
48.37635
48.45585
48.55835
48.865025
48.9208
48.938
48.950725
48.9706
49.046025
49.07275
49.097925
49.13255
49.172975
49.214775
49.342025
49.435375
49.585775
49.604975
49.7409
49.867075
49.923325
49.972125
50.029025
50.067025
50.1171
50.132775
50.236125
50.608075
50.70355
50.77895
50.8672
51.124375
51.20515
51.288725
51.3102
51.328875
51.401275
51.731525
51.764925
51.783275
51.84115
51.874725
51.95215
52.059325
52.307925
52.3644
52.475575
52.71725
52.814025
52.88655
53.089425
53.203475
53.343675
53.666825
53.7679
53.81825
53.94985
53.9673
54.000425
54.0312
54.116625
54.2193
54.611825
54.69395
54.728775
54.76945
54.84595
54.87305
55.11055
55.14805
55.2838
55.64075
55.86455
56.1304
56.2584
56.34485
56.35735
56.38645
56.404775
56.43015
56.4511
56.5375
56.563625
56.615125
56.6494
56.667075
56.73605
56.8213
57.225925
57.275875
57.361275
57.477625
57.555275
57.61905
57.96885
58.016275
58.0568
58.1242
58.419125
58.542175
58.630325
58.7075
58.76015
58.90925
58.96255
58.9892
59.0547
59.117925
59.143925
59.151825
59.235
59.301275
59.336475
59.399975
59.619525
59.700625
59.7472
59.8977
60.11565
60.270875
60.38005
60.449025
60.50045
60.5585
60.61195
60.68745
60.9755
61.091825
61.144025
61.15695
61.17365
61.221275
61.284275
61.311175
61.412775
61.6888
61.781075
61.991825
62.103475
62.149125
62.304675
62.39755
62.4734
62.53495
62.5866
62.63315
62.6451
62.734525
62.8745
63.28575
63.3909
63.4295
63.915225
63.997525
64.036475
64.12115
64.19695
64.348725
64.394375
64.4566
64.733025
64.854075
65.160175
65.20415
65.242375
65.3482
65.3795
65.410825
65.648825
65.7021
65.8702
66.180625
66.273825
66.33355
66.366025
66.439375
66.678625
66.76085
66.829125
67.01205
67.3566
67.47455
67.8085
67.922525
68.014425
68.0395
68.418425
68.823925
68.9382
69.00085
69.045175
69.079625
69.124675
69.155125
69.199575
69.22635
69.255175
69.302625
69.3379
69.34235
69.349725
69.383425
69.42725
69.46105
69.57585
69.636225
69.660175
69.71885
69.7826
69.860325
69.952425
70.11705
70.306625
70.366
70.471175
70.507875
70.558025
70.58035
70.632975
70.781175
70.9719
71.12345
71.20515
71.331225
71.688275
71.7307
71.745425
71.7601
71.811725
71.8583
71.9682
72.053775
72.076025
72.09545
72.210825
72.293975
72.57485
72.782825
72.865875
72.884225
72.89745
72.906975
72.943525
72.972325
73.031025
73.17835
73.37815
73.527875
73.58785
73.7276
73.921625
73.99495
74.085275
74.1396
74.2033
74.242925
74.27845
74.300575
74.3295
74.35665
74.417675
74.5043
74.8944
74.975275
75.029275
75.1726
75.473025
75.55425
75.638475
75.73875
75.7547
75.814875
75.893375
75.926475
75.98705
76.33335
76.4363
76.491825
76.5562
76.65995
76.928825
77.04705
77.397025
77.556075
77.61545
78.1045
78.233825
78.344125
78.589075
78.902775
78.96535
79.057525
79.086025
79.138225
79.455225
79.606025
80.04065
80.07055
80.11675
80.263875
80.3897
80.559125
80.6359
80.8376
80.93085
81.0841
81.1352
81.155975
81.17565
81.186
81.238175
81.2485
81.282625
81.33125
81.36895
81.424175
81.514925
81.595375
81.63805
81.869875
82.072875
82.22045
82.2293
82.246225
82.28285
82.3113
82.3293
82.361
82.40875
82.4412
82.5217
82.585675
82.635475
82.658725
82.694575
82.76165
82.8079
82.885825
83.03765
83.202525
83.24945
83.3227
83.379025
83.42385
83.574025
83.819775
83.86245
83.883
83.8939
83.966175
84.026675
84.045225
84.1137
84.4567
84.60565
84.6499
84.724975
84.980725
85.1317
85.227675
85.356175
85.544275
85.644475
85.69745
85.739075
85.796525
85.82745
85.8907
85.9255
85.995475
86.175
86.427325
86.52285
86.6139
86.70475
87.0348
87.05435
87.066275
87.07375
87.10935
87.174225
87.208
87.255075
87.289725
87.336575
87.3748
87.4093
87.4577
87.496775
87.66495
87.8268
87.911675
87.95035
88.03505
88.101575
88.2026
88.317975
88.3898
88.567275
88.58775
88.64065
88.6656
88.672925
88.692275
88.73925
88.747275
88.753875
88.80165
88.829125
88.880625
88.916925
88.9828
89.44595
89.487275
89.53065
89.599375
89.69625
89.844875
90.0527
90.08705
90.112525
90.113125
90.149175
90.157425
90.1899
90.284875
90.320425
90.362175
90.408125
90.4343
90.500925
90.6049
90.957575
91.132525
91.190825
91.308475
91.46225
91.53515
91.630725
91.72025
91.825175
92.0175
92.152825
92.211625
92.2622
92.299625
92.35445
92.39085
92.450025
92.493025
92.52255
92.61125
92.653975
92.7349
92.83705
93.26335
93.3233
93.372175
93.414375
93.467725
93.63955
93.824425
93.89115
93.91
93.94375
93.989975
94.106325
94.4568
94.550125
94.6633
94.822
95.07195
95.13115
95.245175
95.344275
95.508675
95.7152
95.736575
95.772375
95.81305
95.824975
95.874575
95.928625
96.00195
96.17645
96.4041
96.4673
96.4993
96.5502
96.57465
96.63415
96.691925
96.79035
97.148875
97.210875
97.30365
97.3834
97.70545
97.757675
97.82895
97.876725
97.944825
97.9816
98.02025
98.100125
98.174675
98.281175
98.734475
98.812725
98.885925
98.9105
98.948825
99.016475
99.0462
99.097975
99.551525
99.623425
99.666925
99.7384
99.7773
99.78685
99.810925
99.915425
100.044275
100.3298
100.3842
100.45285
100.45885
100.482975
100.5271
100.601175
101.3353
101.4123
101.474225
101.4885
101.58595
101.894375
101.97605
102.00225
102.193875
102.461525
102.496675
102.586325
102.6829
102.7759
102.898825
103.2504
103.373675
103.4199
103.542275
103.820825
103.9001
103.93095
103.978475
104.014025
104.070825
104.1622
104.18225
104.2337
104.27095
104.338025
104.369975
104.400425
104.434775
104.510975
104.584675
104.7007
104.79815
104.867475
104.99395
105.042375
105.1193
105.15515
105.208
105.277725
105.314825
105.391425
105.491125
105.521175
105.579625
105.886
105.953075
106.009875
106.038625
106.063725
106.10245
106.104175
106.1343
106.1745
106.249525
106.320425
106.380425
106.559
106.73995
106.788025
106.85085
106.916325
107.1463
107.150625
107.170925
107.193375
107.33475
107.37565
107.3978
107.48635
107.553275
107.733225
107.963
108.005
108.035975
108.1054
108.179175
108.6219
108.6827
108.73435
108.741825
108.760675
108.85005
109.326925
109.399425
109.446975
109.53245
109.6088
109.8638
109.9598
110.01705
110.118575
110.19715
110.5829
110.612825
110.674775
110.701375
110.70865
110.71605
110.726025
110.730225
110.7591
110.770425
110.831575
111.09065
111.311225
111.331925
111.374875
111.453375
111.5036
111.526
111.586975
111.6519
111.8174
112.026825
112.062525
112.1431
112.21895
112.271675
112.545425
112.652475
112.7844
112.9549
113.034325
113.121375
113.271275
113.513025
113.724825
114.17755
114.233825
114.30135
114.309775
114.3127
114.32935
114.338975
114.4039
114.4216
114.47265
114.59755
114.7186
114.730375
114.8141
114.840225
114.99775
115.133725
115.192425
115.265925
115.357675
115.393275
115.423975
115.472675
115.5244
115.774325
115.923775
116.1608
116.2219
116.2553
116.2672
116.290725
116.308775
116.35085
116.4137
116.5229
116.73095
116.801025
116.8458
116.917825
117.082275
117.260725
117.322675
117.4177
117.449075
117.464925
117.498025
117.529925
117.59205
117.9336
118.1357
118.1665
118.251125
118.402325
118.612825
118.7136
118.812675
118.843875
118.85565
118.898475
118.908675
118.96825
119.00065
119.08325
119.15245
119.435825
119.4502
119.494225
119.5239
119.542025
119.59355
119.640425
119.70285
119.765525
119.961075
120.170825
120.2208
120.2587
120.33965
120.362575
120.440725
120.820325
120.913025
120.94905
121.0315
121.08295
121.470775
121.63235
122.014325
122.1251
122.635025
122.787025
122.89445
123.163775
123.323825
123.6553
123.8497
123.939175
124.34525
124.3876
124.43035
124.4937
124.559425
124.996175
125.071325
125.122575
125.541675
125.571825
125.611925
125.63815
125.67155
125.7079
125.80115
125.826
125.853975
125.86365
125.89665
125.957525
126.029625
126.078075
126.09025
126.119975
126.152725
126.2061
126.26505
126.32815
126.7061
126.836125
126.89795
126.94845
126.96385
127.03385
127.046975
127.068925
127.16805
127.227925
127.28465
127.431975
127.641675
127.84085
127.898125
127.9584
128.032825
128.064775
128.1245
128.4421
128.4904
128.53725
128.538375
128.553675
128.5708
128.63925
128.678375
128.721275
128.763375
128.860475
129.020225
129.140075
129.21785
129.389375
129.636175
129.691725
129.7566
129.8066
129.846275
129.901125
130.227025
130.235675
130.2537
130.257925
130.286825
130.315575
130.356325
130.375025
130.412275
130.469925
130.51505
130.55055
130.6064
130.703425
130.7867
130.90925
131.02195
131.096225
131.3156
131.529
131.62795
131.713875
131.735725
131.77415
131.80475
131.990425
132.192
132.366275
132.444
132.540275
132.8888
132.942925
132.997925
133.0787
133.10625
133.15745
133.2098
133.2246
133.2738
133.3172
133.4172
133.61885
133.94255
133.991575
134.02535
134.059525
134.06445
134.0806
134.112775
134.1653
134.1967
134.2629
134.317025
134.34605
134.404525
134.4613
134.498225
134.526175
134.583675
134.664825
134.74515
134.86355
135.002725
135.0467
135.129725
135.188225
135.25715
135.36785
135.4952
135.523175
135.5601
135.59325
135.625325
135.647225
135.66045
135.704575
135.8
135.84355
135.88685
135.9435
135.9862
136.005075
136.06535
136.0988
136.14765
136.2253
136.32505
136.3793
136.439525
136.6899
136.76775
136.85595
136.8782
136.919375
136.9752
137.0063
137.040525
137.0883
137.206025
137.23985
137.534825
137.597875
137.6705
137.6834
137.7776
137.81305
137.840925
137.894325
137.94185
138.154925
138.302625
138.41005
138.4724
138.534475
138.59345
138.640875
138.659125
138.713425
138.747625
138.792725
138.88675
138.977075
139.0837
139.3345
139.341675
139.404725
139.435175
139.4638
139.517375
139.598125
139.6933
139.82225
140.017325
140.0923
140.16495
140.2101
140.233625
140.3426
140.539625
140.825625
140.8525
140.927525
140.942525
140.948225
141.007625
141.02715
141.058475
141.109375
141.154425
141.2602
141.334125
141.450875
141.5275
141.576625
141.61735
141.676675
141.709975
141.77225
142.152925
142.2052
142.28495
142.34065
142.4464
142.522425
142.704175
142.7768
142.83765
142.870375
142.9562
143.0049
143.05075
143.1019
143.21415
143.30835
143.42075
143.558
143.67675
143.794425
143.8978
143.938575
143.955275
143.99765
144.035
144.1394
144.2009
144.251275
144.300975
144.3743
144.481375
144.729275
144.86515
144.90585
144.98615
145.09945
145.298975
145.597775
145.650925
145.687675
145.70495
145.7143
145.7344
145.75525
145.820725
145.8376
145.877025
145.99035
146.0414
146.062325
146.1199
146.1781
146.273325
146.342525
146.55095
146.6705
146.72905
146.951575
147.07475
147.354225
147.3932
147.417325
147.479525
147.4936
147.5532
147.573825
147.596025
147.63825
147.67155
147.711875
147.8382
147.977025
148.18765
148.252125
148.3173
148.398425
148.490825
148.762975
148.9104
149.009875
149.329275
149.37105
149.4194
149.45925
149.48245
149.510225
149.598925
149.961025
150.008175
150.035875
150.084675
150.114475
150.201575
150.27775
150.30765
150.339225
150.363975
150.411125
150.509275
150.837475
150.863075
150.946475
150.981575
151.077875
151.17935
151.2668
151.7477
151.821875
151.87425
151.909375
151.945325
151.98725
152.090575
152.412725
152.444475
152.50255
152.540025
152.591875
152.661775
152.7503
153.01415
153.04835
153.0714
153.1074
153.16555
153.1975
153.276475
153.3314
153.43405
153.501375
153.968575
154.01455
154.056175
154.086825
154.0918
154.12935
154.1987
154.567525
154.636825
154.683175
154.781375
154.854525
155.055925
155.3867
155.4599
155.489525
155.630125
155.804025
155.917975
156.19945
156.287725
156.299625
156.31935
156.34505
156.380375
156.473825
156.51175
156.624
156.71015
156.83785
157.0707
157.12155
157.194725
157.223825
157.2684
157.3244
157.380225
157.600925
157.801125
157.889675
157.96885
158.094025
158.351725
158.399325
158.54475
158.876925
158.904625
158.9831
159.0281
159.068825
159.094375
159.09715
159.126425
159.257875
159.4931
159.509525
159.61825
159.89685
159.9251
159.975225
159.990375
160.01165
160.0371
160.049525
160.0967
160.14955
160.19055
160.231425
160.29265
160.332075
160.476125
160.705325
160.842475
160.964875
161.025925
161.054075
161.180025
161.40465
161.454725
161.519975
161.606
161.6841
161.9043
161.9838
162.13575
162.259075
162.349875
162.415425
162.682125
162.7779
162.877625
162.97465
163.329
163.39385
163.44585
163.47595
163.492275
163.553325
163.5736
163.596525
163.60675
163.647825
163.706025
163.7773
163.856225
163.984425
164.168675
164.251575
164.312875
164.400525
164.48145
164.583375
164.729925
164.994125
165.028825
165.0526
165.06755
165.15915
165.201775
165.2903
165.695
165.752475
165.8035
165.856775
166.0037
166.2731
166.346475
166.350375
166.3634
166.375225
166.4243
166.4653
166.5345
166.604025
166.8002
167.051
167.129675
167.252775
167.418225
167.67645
167.770125
167.846875
168.029425
168.174425
168.24825
168.3502
168.41075
168.50595
168.578225
168.591375
168.613
168.63375
168.662125
168.70385
168.7081
168.733675
168.808325
168.83865
168.867575
168.911375
168.98905
169.1252
169.187975
169.59105
169.68775
169.702025
169.833575
169.98645
170.102275
170.356575
170.426675
170.46745
170.494725
170.505275
170.51445
170.592925
170.6416
170.713025
170.74555
170.779325
170.81105
170.901875
171.038125
171.316475
171.395075
171.437275
171.463925
171.505
171.581725
171.63325
171.652675
171.7234
171.788225
171.95185
172.1015
172.1599
172.273225
172.39105
172.445225
172.4551
172.549
172.7968
172.9287
173.003625
173.093025
173.140325
173.195625
173.385
173.528425
173.578425
173.6041
173.623325
173.65315
173.717925
173.7842
173.907125
174.30355
174.3895
174.513825
174.584825
174.98135
175.052775
175.161775
175.238325
175.3867
175.65375
175.7195
175.9916
176.15545
176.24295
176.2769
176.313575
176.335425
176.359775
176.410325
176.485675
176.65965
176.808975
176.838775
176.884775
176.955975
176.991775
177.451375
177.47485
177.51675
177.554675
177.58985
177.6063
177.7549
178.045025
178.0715
178.141325
178.203125
178.24705
178.371525
178.643475
178.750025
178.8279
178.86435
178.92755
179.051025
179.343125
179.503875
179.6293
179.864475
179.96115
180.0328
180.118475
180.332175
180.392125
180.44715
180.448775
180.509175
180.545175
180.552175
180.58275
180.619275
180.80055
180.845175
180.893975
180.96055
181.063275
181.4199
181.481675
181.521425
181.55545
181.57725
181.628525
181.673975
181.77535
182.086675
182.229125
182.31255
182.4074
182.662525
182.764975
182.821875
182.86045
182.88665
182.97295
183.2683
183.306225
183.391175
183.434975
183.4476
183.517775
183.531125
183.653925
183.697575
183.906075
184.141225
184.352925
184.43
184.44445
184.478075
184.518775
184.58705
184.6264
184.7743
185.02535
185.0569
185.0853
185.1374
185.20335
185.21295
185.4324
185.616275
185.658325
185.720725
185.74915
185.802925
185.912625
185.97125
186.18765
186.20675
186.21375
186.265175
186.29505
186.3083
186.338325
186.431875
186.518325
186.606025
186.671325
187.06055
187.14175
187.238175
187.3067
187.430625
187.58175
187.645625
187.71065
187.846275
187.941325
188.1125
188.201425
188.25855
188.3273
188.650075
188.785825
188.9545
189.00875
189.185825
189.293875
189.40595
189.689275
189.789325
189.8314
189.8925
189.9392
189.982025
190.0619
190.094675
190.226575
190.326875
190.40525
190.546325
190.6037
190.907825
190.9863
191.056425
191.1821
191.504
191.5466
191.61975
191.6303
191.648
191.6623
191.709825
191.73155
191.76655
191.925075
192.014525
192.032275
192.057075
192.130825
192.229825
192.404575
192.698875
192.75385
192.8555
192.885325
192.92105
192.995425
193.29315
193.46845
193.53365
193.58705
193.63365
193.7004
194.139475
194.188
194.309925
194.379375
194.44965
194.71905
194.8564
194.9635
195.2816
195.356425
195.420575
195.491275
195.758625
195.9781
195.99675
196.04475
196.074575
196.1094
196.1395
196.16215
196.199725
196.35615
196.47435
196.6224
196.88525
196.94725
196.997625
197.05265
197.100725
197.20225
197.479025
197.636325
197.689625
197.938775
198.046925
198.111725
198.2223
198.419775
198.570225
198.648625
198.6901
198.75
198.778925
198.8395
199.017525
199.468025
199.54565
199.59775
199.67625
199.7392
200.049025
200.19585
200.27025
200.34755
200.4777
200.569275
200.598175
200.60465
200.6548
200.6769
200.7171
200.819625
200.88445
200.93895
200.95655
201.020125
201.106125
201.2976
201.34175
201.39725
201.509575
201.63375
201.9263
202.04225
202.13085
202.246125
202.2793
202.357025
202.490675
202.65245
202.8992
202.97785
203.013625
203.036175
203.0741
203.1178
203.22975
203.33825
203.607325
203.810075
203.92165
203.978575
204.0619
204.098375
204.2075
204.611825
204.669075
204.672875
204.72065
204.7463
204.764125
204.807225
204.862775
204.9089
205.2535
205.361725
205.453025
205.5019
