2.907025
2.94395
3.0166
3.073325
4.91775
5.248925
8.238275
11.54635
11.945675
12.903275
13.655275
14.93785
15.2244
15.927075
19.338375
20.69195
22.351775
23.086425
23.104225
23.209675
24.369125
29.37715
29.5777
30.338025
30.452425
30.65765
30.745275
31.826825
31.86115
33.227475
40.373375
40.54495
42.720275
48.8752
48.890525
48.933275
49.1388
49.1708
51.79065
53.97655
54.706575
56.3608
61.203425
69.059225
69.44565
69.62205
70.50175
71.72715
71.95775
71.9599
72.912525
74.268325
74.370875
75.776375
83.96435
85.789725
87.046225
88.649675
90.10335
95.79535
98.945325
99.768925
99.801175
103.910675
103.93495
107.2324
108.733725
109.44465
110.69355
110.69605
110.72775
114.359825
116.28805
117.467275
118.90465
118.9198
119.513275
119.6041
125.609025
126.122825
128.535175
128.5443
131.744575
133.237975
134.066975
134.11095
134.275525
135.528425
135.547375
136.034575
136.8897
138.798125
141.663775
142.8974
143.0847
144.0434
147.40655
147.486325
150.01415
150.025725
156.308625
163.577675
165.048675
168.66835
168.75185
170.507825
171.427075
171.467375
173.588225
175.08605
175.1093
176.89965
180.4763
186.260575
189.80975
191.6588
196.014175
196.046575
196.09185
202.26475
202.274225
202.6408
203.032325
204.681175
204.7067
