2.348275
10.19195
10.27295
10.303175
10.338775
19.31425
23.107575
23.707125
25.610925
26.279675
27.305125
27.32795
27.610275
27.621025
27.653375
30.370675
43.941525
47.09275
50.1171
52.70255
58.76655
60.20965
69.144775
72.9539
75.179725
78.7102
79.086
79.3507
79.4902
79.51595
87.8816
95.23395
116.80485
118.944
119.523875
123.8956
125.890825
164.96985
167.120075
167.59435
167.764875
168.613
171.35165
184.47805
185.64105
191.114175
194.594125
194.61115
194.6425
194.697225
194.7014
198.101675
200.537975
204.781675
