0.422575
0.549
1.4372
1.695875
2.335775
2.57075
3.10295
3.478125
4.720525
5.105925
5.778475
5.991375
6.496825
7.396625
7.723675
7.9799
8.206375
8.9349
9.1653
9.3136
10.073975
10.226175
10.257825
11.081225
11.290375
11.38185
12.303125
12.522275
12.6275
12.832075
13.549675
13.821875
13.9483
14.091975
14.31305
14.915425
15.1527
15.231225
15.307625
15.52495
15.687725
16.384825
16.578825
16.70875
17.376225
17.542375
17.62805
17.770475
18.548025
18.778425
18.96705
19.11845
19.7869
19.8887
20.0584
20.77775
20.899875
21.102625
21.932825
22.08935
22.301025
23.2086
23.5294
23.820225
24.095025
24.676075
25.116425
26.1782
26.88285
27.12375
27.99115
28.7627
29.084075
29.791775
30.0156
30.785475
31.097675
31.760025
32.018675
32.714
33.555125
34.075525
34.2766
35.0096
35.357225
36.10155
36.4777
36.8405
37.39065
37.5409
38.327075
39.707275
40.003125
40.850025
41.20045
41.65965
42.372375
42.777775
43.03145
43.8376
44.092775
44.792725
45.148975
45.7851
46.118575
46.730375
47.2801
48.08305
48.58345
49.167575
50.1743
51.2928
51.8991
52.706525
53.135425
53.74705
54.18715
54.521875
55.36325
55.627075
56.591775
57.468875
58.04265
58.440125
58.630825
58.7906
58.9801
59.146475
59.992875
60.340125
60.6289
60.7882
61.5347
61.921775
62.079375
62.818
63.2336
63.3805
63.67835
64.42665
64.680425
64.831225
65.4829
65.66925
65.768125
65.9307
66.796675
67.039575
67.1294
67.1996
68.098375
68.280825
68.3987
69.229125
69.39205
69.57365
70.42555
70.585075
71.26915
71.535375
71.795
72.46355
72.73915
72.956275
73.849075
74.052725
75.023525
75.327625
76.23205
77.1861
78.29385
79.41335
80.527225
81.03895
81.1005
81.8986
82.738825
83.559775
84.11475
84.43635
85.064625
85.91515
86.195475
86.7093
87.145925
88.029425
88.52685
88.872925
89.233125
89.961625
90.6692
91.06
91.4504
91.674425
92.5332
92.801125
93.534975
94.24395
94.658325
95.4247
95.6705
96.401275
96.710875
97.34205
97.457425
98.292325
98.494175
98.69565
99.30965
100.13105
100.350425
100.524
101.256025
101.478
102.22445
102.56075
102.609875
103.23165
103.45655
104.375225
104.67635
105.507175
105.915125
106.62045
106.87
107.8517
108.013675
108.8118
109.1766
109.4255
110.243625
110.4183
110.67665
110.7619
112.15705
113.0381
113.42825
114.2
114.66385
115.231
115.38975
116.148775
116.319925
117.119
117.3411
117.458925
117.724125
117.897575
118.57945
118.811375
118.955825
119.70785
119.880975
119.99955
120.29275
120.977175
121.13785
121.37085
121.69125
122.876975
123.71355
124.1622
125.043925
126.0105
126.58605
127.263975
128.34125
128.816925
129.4842
129.748825
130.0258
130.705475
130.9276
131.7119
132.343125
133.18625
133.449825
134.141375
134.4759
134.7887
135.29735
136.1056
136.4204
137.147175
137.82475
138.181025
138.762375
139.0206
139.16265
140.48005
140.841125
141.55555
141.8633
142.536525
143.243925
143.55015
143.607
144.3305
144.663425
145.2975
145.66905
146.4
146.78885
147.51205
147.834375
148.04225
148.7997
149.282975
149.509675
149.95315
150.28315
150.4436
150.651125
151.414725
151.5928
151.774425
152.5313
152.780525
153.412
153.73305
154.651
155.316
155.73785
156.1981
156.71695
157.1487
158.2468
158.6338
158.862175
159.183725
159.83535
160.050425
160.732275
160.949125
161.618675
161.769225
162.655175
163.020225
163.1863
163.90805
164.723125
165.127425
165.2983
166.02935
166.296575
166.552175
167.1429
167.323925
167.95795
168.18955
168.258725
168.376225
168.6504
169.253275
169.67965
169.89755
170.0686
170.7467
171.040925
171.197725
172.03085
172.228425
172.339175
173.263975
173.375575
173.5467
174.35345
174.5702
175.34905
175.569275
176.6533
177.033925
177.822875
178.17125
179.1851
179.6027
180.7263
181.040325
181.9396
182.27725
183.082475
184.3094
185.418425
185.998075
186.8201
187.765225
188.18915
188.4842
188.549375
188.860925
189.810125
190.458275
191.45705
191.884875
192.780525
193.164575
194.116975
194.419125
195.226125
195.41305
196.373
196.601975
197.1235
197.4427
198.1609
198.62375
198.99675
199.06835
199.772425
199.992175
200.223175
200.9223
201.108075
201.807475
201.973075
202.67585
203.26805
203.60635
203.873875
204.5238
204.83555
205.672475
205.9663
206.94015
207.155625
208.17745
209.040025
209.766425
210.218
211.206775
211.570775
212.304125
212.832925
213.63945
214.103125
214.840025
215.1939
215.98515
216.2603
216.912375
217.095
217.948875
218.0919
218.233025
218.792775
219.18305
219.586125
219.907925
220.325
220.619725
221.577275
222.012625
222.3033
223.12505
