0.05305
0.71535
0.850025
0.8959
1.04245
1.80145
1.8208
1.952025
2.011225
2.10935
2.505525
3.4529
3.99265
4.06745
4.23915
5.233775
5.2948
5.4689
5.910325
5.99365
6.000025
6.006825
6.099125
6.9199
6.98795
7.049075
7.138975
7.1861
7.919175
7.98
8.0074
8.06245
8.084625
8.0951
8.216625
8.234075
8.25195
8.271975
8.481225
8.4941
9.0588
9.14705
9.202725
9.210725
9.24905
9.352225
9.4882
9.579025
9.618775
9.644675
9.654925
10.3938
10.58785
10.612575
10.691375
10.802125
11.040525
11.088125
11.099725
11.507275
11.66055
11.730575
11.765475
11.8194
12.259925
12.81835
12.850125
12.8571
12.905
13.12655
13.1367
13.4607
13.62275
13.717175
13.8504
14.109925
14.199975
14.278225
14.309
14.440025
14.860975
14.9269
14.99545
15.09385
15.731825
15.744375
15.769125
15.8652
15.9365
16.083525
16.11235
16.294075
16.605275
16.705625
16.82765
16.886725
17.52875
17.588175
17.8465
17.85755
17.911875
18.0446
18.207925
18.270625
18.736625
18.774075
18.785775
18.82825
18.9457
18.98135
19.155025
19.376525
19.508725
19.54155
19.812
20.137
20.1692
20.239525
20.339275
20.367925
21.007725
21.0341
21.084525
21.14935
21.6733
21.726325
21.98385
22.525375
22.7256
22.7366
22.887025
23.3424
23.40055
23.838525
24.0677
24.2183
24.273775
24.303
24.437225
24.661825
24.776525
24.7842
24.881725
24.970125
25.038925
25.07345
25.20345
25.3304
25.395425
25.675525
25.687925
25.718775
25.819775
25.858875
26.05955
26.07445
26.209325
26.265125
26.34595
26.487575
26.99085
27.880775
27.97825
28.063325
28.074525
28.2518
28.262475
28.431025
28.477975
28.64575
28.835525
28.972925
29.2322
29.3304
29.474675
29.67345
29.72955
29.921825
30.080225
30.10245
30.137875
30.148375
30.28995
30.319225
30.444025
30.505075
30.557925
30.69355
30.806075
31.151725
31.161975
31.247825
31.2866
31.395925
31.874875
32.113925
32.1338
32.140425
32.155075
32.268275
32.71165
32.88095
32.8999
32.909175
33.139575
33.23195
33.334925
33.82105
33.829225
33.842225
34.188475
34.5684
34.7749
34.86745
34.87155
34.919375
35.441325
35.60025
36.0873
36.20505
36.442325
36.94785
36.954225
37.167325
37.5985
37.771225
37.806225
38.684025
38.700125
38.784825
39.376675
39.4275
39.633225
39.6516
39.886075
39.9383
40.034725
40.054225
40.23025
40.24835
40.521225
40.566025
40.620025
40.7528
40.799725
40.850375
40.9183
41.349925
41.45365
41.461375
41.475725
41.5382
41.829375
41.918075
41.976225
42.074225
42.312425
42.43095
42.709575
42.765475
42.882925
42.923225
42.97475
43.033025
43.061275
43.0673
43.124075
43.2035
43.2986
43.37855
43.4131
43.552775
43.63705
43.646675
43.7012
43.80265
43.994125
44.0333
44.1177
44.132475
44.195125
44.309775
44.4892
44.5352
44.63175
44.8418
44.8909
44.9625
44.99475
45.04495
45.0992
45.164125
45.18405
45.26005
45.57055
45.97865
46.106125
46.163225
46.54545
47.0266
47.074975
47.500125
47.7776
47.995275
50.465325
50.474875
50.597225
50.8131
51.4814
51.5111
51.7134
52.29725
52.377825
52.991775
53.11055
53.29725
53.4316
53.43885
53.471325
53.4851
53.573375
53.711675
54.53985
54.694775
54.9698
54.976975
55.590875
55.75655
55.795825
55.812475
55.866475
55.97
56.83455
56.8542
56.90545
56.9445
56.95235
57.17
57.308225
57.510675
57.537775
57.749575
57.823875
57.8433
57.8516
57.98785
58.03555
58.065175
58.13765
58.275725
58.3542
58.57945
58.6373
59.063075
59.28595
59.39035
59.41355
59.590125
59.76355
59.868775
59.96
60.066
60.318125
60.785425
60.908
61.12345
61.131375
61.159375
61.183675
61.26015
61.2916
61.3026
61.470625
61.557775
61.701725
61.970525
61.989175
62.00585
62.159325
62.3038
62.335625
62.3847
62.4645
62.5274
62.62805
62.672875
62.713275
62.815325
62.887475
63.032375
63.265025
63.351
63.41895
63.516
63.552525
63.5632
63.63255
63.692825
63.827575
63.867375
63.9649
64.046625
64.081575
64.111075
64.142025
64.228775
64.4106
64.457625
64.71955
64.75945
64.846875
64.9502
65.029275
65.098225
65.243975
65.267825
65.302775
65.311525
65.392725
65.488575
65.5822
65.603075
65.790875
65.8478
66.0631
66.20715
66.24055
66.289
66.378775
66.4081
66.479775
66.52195
66.6528
67.045
67.11245
67.160775
67.168975
67.244125
67.27155
67.295725
67.369675
67.54935
67.636525
67.7569
67.788825
67.914
68.576825
68.801125
69.555075
69.674225
69.724575
69.892925
69.96855
70.706925
70.728075
70.9108
71.031825
71.2467
71.5988
72.00345
72.091025
72.1803
72.351775
72.5022
73.24815
73.284675
73.3107
73.348325
73.473125
74.232675
74.27145
74.336625
74.3594
74.3851
74.453275
75.1739
75.190625
75.52485
75.84965
76.08105
76.092725
76.707025
76.862475
76.95635
77.015275
77.539175
77.64655
77.81
77.821425
77.95745
78.028075
78.070475
78.516775
78.577075
78.6905
78.7143
78.76115
78.7745
78.783725
78.82585
78.883825
79.05485
79.781275
79.797075
79.808925
79.947225
79.9667
80.041475
80.064675
80.0747
80.17525
80.22595
80.3148
80.487275
80.847525
80.947
80.98005
81.029075
81.067325
81.0908
81.38255
81.507
81.697625
81.7549
82.03675
82.075175
82.232875
82.474
82.551925
82.55935
82.849675
82.945225
83.30285
83.416925
83.512675
84.121225
84.269925
84.43935
84.6013
84.6478
84.67
84.794925
84.9095
84.952475
85.1286
85.3021
85.4882
85.527825
85.54575
85.626875
86.0251
86.299575
86.32475
86.3752
86.3996
86.5912
87.142525
87.211925
87.57345
87.72605
87.7521
88.5171
88.52625
88.55225
88.719
89.931975
90.330175
90.35915
90.500975
90.69995
90.713575
90.81775
90.830575
90.947175
91.012325
91.39735
91.51075
91.83865
91.8648
91.97895
92.03085
92.09295
92.120025
92.1988
92.72895
92.8574
93.006375
93.0581
93.25215
93.72765
93.737725
93.800525
93.8404
93.886275
93.929075
94.1415
94.22165
94.320725
94.593825
94.601675
94.63155
94.665775
94.780925
94.811025
94.932275
95.479175
95.846125
95.999125
96.0099
96.029775
96.207675
96.298675
96.391425
96.517025
96.56885
96.951225
97.251825
97.342575
97.356275
97.542875
97.632575
97.640475
97.838625
97.8947
98.287725
98.524325
98.53555
98.71265
99.4151
99.53005
99.538625
99.5929
99.711525
99.80855
99.990025
100.0493
100.169375
100.20225
100.62335
100.64835
100.741625
100.9467
100.960575
101.12455
101.6636
101.7383
101.856375
101.881125
101.9716
102.580725
102.61715
102.678475
102.749875
102.826325
102.961875
103.738025
103.801725
103.864475
103.982925
104.13845
104.41365
104.441475
104.565325
104.57275
104.7118
104.8137
104.92125
105.02235
105.067875
105.72965
105.781625
105.91915
105.9329
105.9654
105.9875
106.2951
106.457025
106.5459
106.589625
106.6269
106.929325
106.9552
107.093775
107.13855
107.184
107.192825
107.320525
107.3494
107.4182
107.687825
107.81715
107.902425
108.186225
108.267525
108.340975
108.3725
108.41675
108.469725
108.60855
108.72055
108.77295
108.851375
109.0036
109.16735
109.2023
109.248825
109.487
109.68275
109.70375
109.76215
109.922675
110.220975
111.140125
111.150075
111.19345
111.415625
112.47225
112.5918
112.89725
113.75085
113.887375
113.947125
113.964375
114.057825
114.199625
114.778
114.8468
114.85695
115.10055
115.148
115.22275
115.313375
115.37155
115.39445
115.40265
115.41035
115.548525
115.63745
115.7561
115.905325
116.0136
116.03335
116.045625
116.096775
116.149775
116.180325
116.358625
116.414525
116.4772
116.59845
116.664
116.6815
116.928625
117.428125
117.494125
117.520875
117.544575
117.6101
117.677675
117.6999
117.753875
117.7656
117.782875
117.81075
117.8438
117.868425
117.918775
117.9584
117.98185
118.217975
118.27505
118.43815
118.4459
118.60845
118.6915
118.8062
118.83615
118.963875
118.97625
119.0281
119.132
119.194175
119.201775
119.49665
119.700375
120.052375
120.18235
120.27185
120.356975
120.407975
120.58605
120.86995
121.052
121.343875
121.40855
121.5203
121.544625
121.6054
121.9765
122.346175
122.568525
122.579125
122.65885
123.012975
123.129975
123.298875
123.6007
123.692275
123.718375
123.82885
124.281
124.2997
124.3287
124.68965
124.9029
124.911325
125.365075
125.50355
125.768975
125.957925
126.06275
126.1655
126.2102
126.247675
126.3028
126.310525
126.53175
126.5418
126.82775
126.950125
127.1101
127.30875
127.58035
127.7514
127.8285
127.981275
128.0113
128.385
128.7297
128.752325
128.759375
128.861125
128.9208
129.004075
129.02135
129.180475
129.65005
130.1684
130.32395
130.332725
130.34995
130.470175
130.607425
130.7832
131.07175
131.1406
131.178575
131.191725
131.201925
131.253975
131.2627
131.449475
131.93235
132.03335
132.760125
132.828175
132.87845
133.0512
133.097575
133.7249
133.749325
133.793075
133.80075
134.069625
134.218375
134.3984
134.405775
134.46525
134.55705
135.2422
135.479025
135.4904
135.661725
136.02445
136.2971
136.322075
136.612725
136.631475
136.638175
136.91555
137.093475
137.45285
137.63445
137.6615
137.755975
137.784525
137.794175
138.25555
138.3439
138.42325
138.471025
138.6091
138.714025
139.091875
139.138675
139.306725
139.356525
139.396925
139.457975
139.507475
139.5208
139.5299
139.899825
140.05895
140.16685
140.25465
140.431975
140.74015
140.86725
140.904025
140.9305
141.00435
141.017825
141.027725
141.2041
141.2662
141.281375
141.6705
141.929425
141.9442
142.0425
142.1431
142.196
142.305
142.4144
142.733525
142.7957
142.804325
142.92575
142.946925
143.1438
143.716075
144.032525
144.061875
144.9003
145.02095
145.27995
145.9881
146.004425
146.939725
146.9637
146.9711
147.1267
147.2274
147.334225
147.5729
147.763725
148.3612
148.582875
148.713575
149.386975
149.395
149.506625
149.540775
149.663425
149.802975
149.963925
150.966125
151.06835
151.2235
151.271825
151.282375
151.56005
151.687625
152.0837
152.133175
152.2059
152.319575
152.419575
152.56245
152.668675
152.88935
152.964
153.09715
153.237575
153.336
153.71585
153.9401
154.042225
154.0562
154.75025
154.80325
154.949925
155.0047
155.083225
155.4944
155.6398
155.795625
155.899475
156.0534
156.090275
156.146425
156.351475
156.709
156.71825
156.939875
157.245525
157.328425
157.336575
157.469225
157.484075
157.49295
157.9154
158.06795
158.183425
158.215675
158.333675
158.445675
158.536475
159.38625
159.40155
159.81885
159.95905
160.1984
160.2188
160.3028
160.3824
161.0199
161.026325
161.1366
161.23915
161.27105
161.279
161.317375
162.241575
162.549975
163.40365
163.467025
163.54555
164.09775
164.11475
164.164575
164.172675
164.5039
164.5574
164.597525
165.598
165.7803
165.897925
166.686975
166.7878
166.83845
166.921325
167.010675
167.068375
167.253825
167.346525
167.4847
167.53505
167.6823
167.759825
167.776425
168.28735
168.32005
168.41385
168.439775
169.0563
169.3465
169.361475
169.464325
169.473725
169.558875
169.647475
169.99335
170.1389
170.157875
170.48965
170.547875
170.5985
170.6089
170.659025
170.674575
170.720575
170.867625
171.1514
171.3542
171.42045
171.47205
171.560775
171.5833
171.7986
172.628775
172.872875
173.050025
173.087
173.541725
173.550125
173.63305
173.699225
173.7154
174.022125
174.611725
175.053525
175.70665
175.765025
175.869675
175.908525
176.20025
176.220775
176.912525
177.360525
177.91345
178.187825
178.224725
178.31715
178.5481
178.606125
178.94985
179.871
180.122125
180.1887
180.19795
180.52165
180.89525
180.9995
181.051625
181.3431
181.441475
181.649075
181.704975
182.13815
182.18575
182.219
182.283
182.2994
182.5092
182.52285
182.623125
182.77985
182.813475
183.291525
183.3072
183.3238
183.335175
183.6201
183.939175
184.164575
184.455125
184.48025
184.4909
184.5591
184.680375
184.817425
184.9037
184.972375
185.033525
185.117975
185.422325
186.03155
186.081325
186.11195
186.163875
186.7492
186.7598
186.767675
187.30605
187.587475
187.728725
187.8295
187.9097
188.181475
188.248275
188.280375
188.306225
188.4934
188.5714
188.641
188.651175
188.6973
188.756175
188.939675
188.94875
189.10975
189.16165
189.180375
189.3474
189.436575
189.55565
189.827825
190.32215
190.84225
190.8726
190.895
190.93375
190.99435
191.11175
191.2386
191.838625
191.966525
192.104925
192.40185
192.438275
192.47935
192.7359
192.840375
193.0185
193.558425
193.804725
193.815275
194.315025
194.375425
194.47245
194.520775
194.598125
194.74885
194.7628
194.911725
194.92525
195.325175
195.534525
195.584225
195.683125
195.70575
196.134125
196.895525
197.405625
197.544025
197.558925
198.18115
198.359225
198.55
198.5877
199.4044
200.353975
200.606525
200.751175
201.139825
201.1847
201.214325
201.224
201.452875
202.133275
202.220125
202.338725
202.46285
202.514375
202.67685
202.8194
202.893125
203.092775
203.789225
203.8498
203.879425
205.31105
205.443675
205.71785
205.89665
207.029575
207.111775
208.4654
208.483725
208.5019
208.565575
208.580075
209.3767
209.441925
209.878375
210.727725
210.7395
211.032925
211.23665
211.862775
211.87435
211.92305
211.97555
212.3658
212.535975
212.61835
212.649675
212.7498
212.866225
213.085175
213.32475
213.65875
213.7588
213.97065
214.088325
214.121075
214.13225
214.224
214.31015
214.424225
214.43115
214.559275
214.6381
215.08905
215.144475
215.1659
215.2291
215.348625
215.35875
215.83915
215.9471
215.9943
216.182275
216.21835
216.454375
216.46355
216.56365
216.64865
216.97075
217.3278
217.4886
217.7155
217.74895
217.784525
218.07605
218.182725
218.2038
218.21695
218.5224
218.626625
218.79655
219.0488
219.09245
219.68585
219.780525
219.822975
219.872725
220.4854
220.871875
221.155225
221.647975
221.874175
221.950725
222.040075
223.0332
223.2341
