0.445375
0.55895
0.633825
1.0112
1.07545
1.126075
1.225625
1.244925
1.28395
1.42595
1.526075
1.6071
1.6272
1.69615
1.719175
1.750475
1.8228
1.828875
1.863175
1.91875
1.947275
1.9563
1.980225
2.013725
2.03695
2.1238
2.282025
2.3354
2.491475
2.572625
2.589575
2.6015
2.649575
2.704725
2.744675
2.76475
2.90095
2.94975
3.046275
3.142875
3.1888
3.2339
3.266975
3.29315
3.360925
3.42545
3.526875
3.6529
3.7374
3.807425
3.843225
3.856675
3.8677
3.984875
4.009175
4.083875
4.1637
4.211725
4.30295
4.336875
4.4969
4.583525
4.630225
4.648675
4.66635
4.7558
4.80225
4.85655
4.876825
4.919325
4.94775
4.958925
5.0056
5.06135
5.073475
5.121725
5.13225
5.17535
5.184225
5.24355
5.2951
5.385375
5.58915
5.59615
5.60645
5.6766
5.721125
5.775475
5.786575
5.835225
5.846975
6.202525
6.250025
6.574225
6.598375
6.64545
6.656625
6.674175
6.683975
6.71275
6.73525
6.756
6.764025
6.8456
6.84995
7.001425
7.076375
7.1369
7.198825
7.2207
7.2494
7.632575
7.878325
8.132125
8.2006
8.23125
8.35605
8.45465
8.593475
8.75515
8.8093
9.2819
9.314475
9.3308
9.34125
9.34585
9.3551
9.36165
9.365875
9.37915
9.41055
9.4226
9.4279
9.48375
9.499675
9.516125
9.5232
9.568425
9.57535
9.58615
9.69025
9.74745
9.8306
9.8867
9.9985
10.0672
10.091525
10.1029
10.124375
10.15315
10.20525
10.2223
10.2534
10.280475
10.326775
10.33825
10.35055
10.369225
10.3941
10.43385
10.442775
10.495075
10.5399
10.63445
10.75575
10.782675
10.7948
10.8385
10.8681
10.929925
10.955925
11.016775
11.0587
11.09495
11.123275
11.162275
11.1816
11.1947
11.2291
11.284625
11.311725
11.3379
11.383425
11.40495
11.434875
11.4599
11.480425
11.521425
11.545275
11.556575
11.58285
11.593825
11.630075
11.6499
11.6642
11.706175
11.73105
11.7625
11.804175
11.864525
11.88325
11.915875
11.977225
12.088825
12.15955
12.242
12.32645
12.3535
12.390125
12.427875
12.5112
12.576925
12.628125
12.685625
12.755175
12.8372
12.879325
12.89725
12.9107
12.91635
12.94085
12.947575
12.953925
12.996025
13.0137
13.028225
13.079775
13.100875
13.11315
13.134975
13.15045
13.164825
13.1811
13.2105
13.241425
13.303925
13.37065
13.39285
13.4403
13.47405
13.529775
13.5636
13.57385
13.5838
13.61165
13.635375
13.676475
13.692225
13.714175
13.73855
13.7746
13.782625
13.8044
13.83285
13.8435
13.8702
13.888
13.9489
13.965425
13.99135
14.011725
14.018425
14.025375
14.060725
14.106975
14.129075
14.13855
14.228125
14.239975
14.252575
14.2923
14.432875
14.587325
14.756575
14.88625
14.96205
15.050425
15.150225
15.243525
15.429975
15.467625
15.55205
15.56905
15.593825
15.59905
15.6449
15.673475
15.6979
15.75585
15.843625
15.87245
15.91335
15.94485
16.051475
16.076375
16.16955
16.35295
16.443725
16.546225
16.68155
16.69575
16.71555
16.748875
16.792525
16.806425
16.833025
16.861975
16.892325
16.98095
17.02175
17.039475
17.073675
17.079875
17.16005
17.229575
17.29775
17.33905
17.35885
17.41095
17.455775
17.489225
17.5112
17.6719
17.707425
17.77535
17.841225
17.85665
17.92475
17.93375
17.9586
17.973875
17.993275
18.002325
18.015275
18.0607
18.102875
18.13125
18.135975
18.1417
18.179125
18.262525
18.27735
18.3189
18.35075
18.3746
18.392525
18.4241
18.43395
18.45635
18.49495
18.5091
18.538525
18.5483
18.57925
18.64405
18.655375
18.6835
18.7087
18.72525
18.7535
18.7667
18.800675
18.829225
18.8356
18.949675
19.0349
19.071
19.09745
19.143225
19.1628
19.17995
19.194175
19.217925
19.27485
19.321375
19.375825
19.462325
19.655775
19.812575
19.9567
20.0082
20.01915
20.028525
20.037775
20.042125
20.08795
20.132875
20.1439
20.163075
20.174175
20.179325
20.20385
20.238475
20.249675
20.259275
20.304
20.43695
20.546225
20.72125
20.8374
20.873175
20.95995
21.02765
21.043175
21.11905
21.145525
21.16465
21.17425
21.181275
21.2346
21.276475
21.307075
21.320325
21.469
21.57995
21.638575
21.687625
21.71615
21.785625
21.8028
21.850925
21.97135
22.04995
22.0746
22.130075
22.2542
22.294875
22.372325
22.418575
22.4543
22.493275
22.5219
22.547275
22.571775
22.627275
22.680525
22.796775
22.85455
22.908675
22.93795
22.980875
23.047725
23.218725
23.32895
23.84665
23.86185
23.8668
23.901575
23.91825
23.946325
23.955375
23.9751
23.98905
24.0214
24.0416
24.046275
24.05195
24.06435
24.0852
24.129675
24.135
24.401325
24.427275
24.747075
24.81655
24.86685
24.885725
24.9161
24.9325
24.96545
25.08835
25.161275
25.190425
25.346375
25.4568
25.503425
25.59215
25.63945
25.68435
25.7062
25.7376
25.786775
25.898725
26.000825
26.3022
26.3384
26.4505
26.517325
26.5257
26.5707
26.62255
26.65305
26.685425
26.7091
26.728825
26.737675
26.775925
26.941
27.003075
27.0417
27.125725
27.201625
27.384325
27.444525
27.492025
27.552775
27.5704
27.681125
27.785475
27.90485
27.99815
28.0504
28.1231
28.168575
28.248075
28.263725
28.292325
28.2975
28.374725
28.4173
28.830025
29.165225
29.240725
29.262925
29.3402
29.42865
29.44565
29.490375
29.67725
29.9445
30.026925
30.159125
30.194425
30.33435
30.376525
30.427425
30.5338
30.76895
31.13555
31.188625
31.201
31.214875
31.23555
31.2488
31.264575
31.2735
31.294625
31.3048
31.3842
31.40575
31.541
31.5822
31.628
31.68675
31.8087
31.872225
31.933825
32.29815
32.318925
32.363425
32.397475
32.41725
32.4631
32.4888
32.533
32.562825
32.59555
32.62865
32.669975
33.00665
33.078725
33.10575
33.1184
33.1549
33.166725
33.1994
33.22665
33.241125
33.24665
33.304175
33.415275
33.44665
33.452325
33.498525
33.578175
33.591225
33.604425
33.6375
33.662375
33.673675
33.7044
33.715575
33.726
33.73795
33.7453
33.75235
33.801025
33.815625
33.855925
33.88875
33.91065
33.915525
33.919875
33.942
34.018725
34.03025
34.053075
34.07695
34.109725
34.137075
34.146125
34.168425
34.230175
34.241475
34.26335
34.273675
34.292525
34.328925
34.334775
34.3864
34.411525
34.42945
34.45265
34.46
34.4972
34.54255
34.549725
34.60485
34.63875
34.674325
34.727375
34.76415
34.892075
35.001075
35.0302
35.063275
35.11635
35.1681
35.173575
35.214175
35.25415
35.325525
35.3902
35.4324
35.464125
35.5197
35.568175
35.62575
35.67505
35.722
35.7612
35.8292
35.850675
35.922175
35.961175
35.9742
36.01915
36.057
36.070175
36.154875
36.190875
36.29275
36.3788
36.49305
36.501525
36.5492
36.5587
36.56435
36.583575
36.590025
36.610625
36.63455
36.671975
36.73565
36.7508
36.7575
36.780625
36.7842
36.79275
36.855975
36.952825
36.983825
36.9952
37.00385
37.014925
37.09115
37.3417
37.39055
37.469925
37.5247
37.577575
37.5887
37.59535
37.599725
37.6265
37.818725
37.8868
37.959175
38.02795
38.0579
38.11335
38.1698
38.189475
38.2311
38.2537
38.26495
38.359875
38.478975
38.5375
38.55015
38.568675
38.576825
38.6075
38.651225
38.701375
38.7379
38.753875
38.794275
38.8126
38.96065
38.990475
39.0852
39.177675
39.365925
39.419275
39.44655
39.497525
39.546625
39.5554
39.686675
39.6946
39.71605
39.794075
39.840175
39.886225
39.9171
39.9252
39.958625
40.04335
40.0762
40.0868
40.0955
40.12025
40.178675
40.211075
40.29555
40.301775
40.334025
40.34615
40.37175
40.378075
40.385625
40.448075
40.4607
40.4798
40.4963
40.5325
40.5448
40.55905
40.592375
40.600025
40.658775
40.7307
40.7873
40.824525
40.84135
40.854875
40.87715
40.967975
41.0211
41.032775
41.075025
41.121375
41.160775
41.185625
41.1967
41.218
41.254075
41.2819
41.2905
41.32285
41.3768
41.41925
41.4733
41.53675
41.563725
41.579775
41.673925
41.697
41.709425
41.75275
41.760725
41.766225
41.8109
41.832275
41.93635
41.97105
41.997075
42.012075
42.025775
42.031225
42.050075
42.09945
42.130725
42.1487
42.214375
42.296475
42.32905
42.370875
42.575225
42.755475
42.856625
42.9
42.911875
42.953875
42.959175
42.971875
43.001425
43.01115
43.0556
43.078425
43.13415
43.1605
43.1674
43.22085
43.23525
43.26565
43.2755
43.3145
43.451675
43.48285
43.49945
43.514975
43.565625
43.61895
43.6647
43.834125
43.88245
43.894
43.954325
44.0177
44.039125
44.104175
44.126825
44.166875
44.180775
44.192275
44.257225
44.3522
44.4721
44.5518
44.5595
44.6928
44.856075
44.96665
44.982
45.0426
45.0514
45.057225
45.064675
45.0697
45.089275
45.09565
45.10295
45.139775
45.2207
45.272575
45.314925
45.3497
45.374
45.424375
45.4365
45.455675
45.483875
45.50195
45.521625
45.571075
45.69785
45.823375
45.9841
46.028925
46.081375
46.1144
46.123125
46.133925
46.14555
46.175625
46.21295
46.240375
46.245925
46.275975
46.3047
46.327825
46.368775
46.47525
46.488675
46.501075
46.556025
46.617325
46.63275
46.684125
46.774375
46.810775
46.873325
46.986375
47.1135
47.167575
47.19345
47.360475
47.673425
47.724375
47.733375
47.80995
47.834425
47.857725
47.933725
47.9924
48.04275
48.392925
48.42695
48.468125
48.784875
48.82485
48.843275
49.01295
49.1314
49.2216
49.355375
49.422575
49.432025
49.45185
49.516675
49.559975
49.581575
49.636825
49.6473
49.7858
49.897725
49.9225
49.945875
50.1138
50.192475
50.2127
50.244775
50.267475
50.3078
50.3648
50.41795
50.47605
50.50055
50.582125
50.61675
50.6427
50.648375
50.65535
50.679675
50.69165
50.698175
50.725375
50.7395
50.761825
50.7764
50.785125
50.7921
50.848575
50.86865
51.050725
51.111775
51.1408
51.23845
51.289675
51.384225
51.40345
51.428
51.4543
51.472225
51.496475
51.5125
51.5336
51.540025
51.603325
51.636525
51.65015
51.66245
51.72455
51.740425
51.759925
51.84425
51.876975
51.913225
51.923825
51.9545
51.97425
52.010775
52.056825
52.1374
52.217575
52.248225
52.2769
52.2967
52.30355
52.3292
52.34795
52.364325
52.41555
52.4496
52.503
52.56195
52.58905
52.63225
52.639925
52.6795
52.71605
52.72615
52.778475
52.800675
52.883425
52.914675
52.93685
52.9539
52.994625
53.02415
53.083875
53.1267
53.191075
53.2374
53.25205
53.284675
53.309175
53.35855
53.384575
53.4107
53.4265
53.46515
53.506175
53.516075
53.5394
53.567775
53.59205
53.620525
53.63215
53.6496
53.6552
53.662575
53.690625
53.70685
53.73325
53.787575
53.834875
53.86365
53.874675
53.892675
53.914775
53.943
53.94905
54.010525
54.120025
54.206525
54.23125
54.27485
54.318825
54.33115
54.338675
54.36565
54.42605
54.441075
54.44755
54.46435
54.482775
54.496525
54.544925
54.5692
54.578025
54.638375
54.713125
54.749725
54.82685
54.907775
54.959475
55.001225
55.013575
55.027725
55.043425
55.0511
55.101
55.116225
55.19125
55.251425
55.2944
55.356625
55.517025
55.54885
55.576425
55.610675
55.638475
55.6526
55.699725
55.737175
55.7513
55.758275
55.791475
55.84095
55.9131
55.921875
55.943675
56.0128
56.0307
56.07115
56.092675
56.129775
56.143175
56.1521
56.175925
56.2115
56.21585
56.241625
56.26405
56.35075
56.37785
56.42885
56.53865
56.5899
56.64
56.726325
56.8327
56.89875
56.933375
56.95695
56.9883
57.02255
57.049175
57.113575
57.151125
57.16935
57.20565
57.25465
57.3709
57.531
57.571975
57.5888
57.5955
57.602525
57.6204
57.62925
57.633525
57.63805
57.66485
57.673975
57.693775
57.711525
57.730775
57.810625
57.8176
57.861975
57.8899
57.917575
57.930925
57.93625
57.953725
57.9672
58.060325
58.078475
58.082775
58.119925
58.130425
58.1694
58.19805
58.232675
58.326525
58.359875
58.373875
58.501275
58.52305
58.66965
58.72195
58.769325
58.856425
58.9343
59.0127
59.09455
59.146325
59.178325
59.2345
59.27245
59.296225
59.302125
59.3058
59.323725
59.3401
59.3454
59.354875
59.38135
59.4058
59.43675
59.446225
59.4744
59.538875
59.61285
59.683475
59.70015
59.74635
59.761275
59.896825
59.988125
60.068975
60.14085
60.42275
60.551025
60.67355
60.729175
60.921525
60.98975
61.1035
61.16795
61.317875
61.34705
61.419775
61.430775
61.4419
61.445525
61.45445
61.61065
62.158125
62.213
62.288125
62.306475
62.31635
62.3277
62.354075
62.380775
62.40865
62.4761
62.49675
62.535625
62.58055
62.608625
62.616275
62.631225
62.656075
62.70245
62.9969
63.0827
63.2144
63.308475
63.3351
63.364425
63.4189
63.496825
63.6148
63.95595
64.1221
64.1739
64.226975
64.278625
64.358975
64.76665
64.817525
64.824325
64.8502
65.101675
65.133825
65.175275
65.29165
65.31195
65.325225
65.33075
65.335975
65.364075
65.484075
65.6815
65.74215
65.88195
65.96905
65.98055
66.024425
66.05695
66.0634
66.118925
66.141825
66.161675
66.183975
66.290275
66.511725
66.574225
66.623625
66.636225
66.6997
66.78205
66.811425
66.8595
66.91935
67.043725
67.08465
67.0968
67.165925
67.195925
67.211425
67.241525
67.25245
67.296775
67.304375
67.327625
67.333675
67.4051
67.4972
67.5852
67.59135
67.595275
67.64615
67.658475
67.6668
67.682225
67.69885
67.76235
67.8031
67.823025
68.012775
68.076225
68.152925
68.18
68.242725
68.300525
68.3351
68.45545
68.499025
68.53785
68.58825
68.643025
68.678875
68.708625
68.73115
68.7422
68.80325
68.8361
68.856125
68.883
68.92695
68.95765
68.9933
69.05095
69.0569
69.088425
69.103975
69.133075
69.178075
69.1951
69.22
69.246075
69.28945
69.31475
69.326725
69.40315
69.45975
69.58225
69.894475
69.971825
70.0265
70.071925
70.38755
70.47175
70.513
70.591475
70.6527
70.684025
70.748225
70.789475
70.8756
70.9511
70.979875
71.07345
71.096775
71.105975
71.1795
71.364
71.369525
71.374675
71.4199
71.47055
71.587075
71.603125
71.645325
71.695525
71.749925
71.803625
71.888275
71.9106
71.983725
71.987175
72.011325
72.0184
72.0807
72.086925
72.12605
72.166275
72.1738
72.2413
72.427775
72.453175
72.486025
72.5655
72.627525
72.64265
72.692175
72.752825
72.788925
72.85395
72.884775
72.91895
72.976775
73.0122
73.02185
73.064375
73.083825
73.111325
73.148225
73.171925
73.193325
73.2836
73.30155
73.32085
73.37995
73.416925
73.433625
73.48765
73.572025
73.612075
73.65915
73.6966
73.753675
73.800475
73.88265
73.93255
73.9833
74.0487
74.164825
74.288125
74.3891
74.42605
74.46
74.475125
74.521025
74.56765
74.592325
74.62105
74.64825
74.658775
74.668275
74.6944
74.73255
74.756725
74.77085
74.779725
74.809
74.834725
75.0084
75.0467
75.072125
75.08385
75.132725
75.18525
75.21405
75.2386
75.262925
75.3081
75.395225
75.431475
75.461575
75.485825
75.498725
75.532675
75.58835
75.607275
75.656925
75.676225
75.695775
75.7263
75.7315
75.7437
75.814975
75.825025
75.952275
76.013575
76.093625
76.2569
76.2644
76.271375
76.318725
76.432025
76.462425
76.51165
76.54
76.632175
76.7026
76.715625
76.762625
76.810975
76.8928
77.028425
77.1869
77.276825
77.4368
77.468
77.501175
77.613125
77.667725
77.781225
77.797425
77.82485
77.856325
77.90445
77.931
77.9833
78.04355
78.072125
78.18035
78.227075
78.255125
78.359025
78.40465
78.411325
78.447425
78.478975
78.499025
78.50715
78.511
78.521025
78.541775
78.5501
78.561525
78.695775
78.7374
78.774125
78.792025
78.84155
78.8528
78.8899
78.899
78.92805
78.940075
78.946125
78.96955
79.019225
79.0562
79.08645
79.135175
79.2067
79.291575
79.43355
79.52335
79.55185
79.782625
79.80885
79.81515
79.82115
79.84385
79.8481
79.85475
79.861125
79.86585
79.872425
79.8776
79.887925
79.89385
79.9109
79.916775
79.943675
79.954025
79.981625
79.999
80.0197
80.04195
80.066725
80.125675
80.138575
80.218125
80.26715
80.3118
80.369075
80.399925
80.42355
80.434675
80.4413
80.47955
80.509825
80.580225
80.631775
80.645325
80.654275
80.71865
80.7739
80.78465
80.809125
80.830625
80.86575
80.8899
80.90735
80.94085
80.94925
81.1392
81.1676
81.21765
81.22225
81.34365
81.40485
81.4207
81.4291
81.453575
81.505
81.52475
81.549875
81.756325
81.7983
81.86155
81.94665
82.22235
82.3124
82.35505
82.3641
82.4359
82.504675
82.5294
82.605725
82.6766
82.730675
82.75135
82.786175
82.81125
82.8802
82.931625
82.967125
82.979575
83.01785
83.02405
83.044225
83.07885
83.17375
83.247625
83.272575
83.360425
83.428775
83.45615
83.46705
83.471225
83.49205
83.6956
83.715975
83.752375
83.81755
83.8815
83.919525
83.9265
83.940725
83.98695
84.0302
84.123
84.19655
84.225575
84.245775
84.282025
84.325325
84.436475
84.46955
84.5075
84.56105
84.58105
84.599125
84.614075
84.6286
84.641875
84.683425
84.701975
84.779425
84.83375
84.92045
84.93335
84.97435
85.005325
85.062825
85.093975
85.109625
85.145275
85.18705
85.224575
85.251025
85.264525
85.28635
85.313375
85.327825
85.406075
85.46675
85.57735
85.60455
85.6399
85.65675
85.666025
85.6882
85.6925
85.729
85.7452
85.795775
85.837775
85.9062
85.92595
85.973975
86.110075
86.14905
86.1835
86.1942
86.255175
86.267925
86.276175
86.378175
86.408675
86.427575
86.491725
86.537025
86.57255
86.61885
86.8004
86.95235
87.015375
87.04445
87.05625
87.10465
87.1194
87.133125
87.16515
87.2106
87.2417
87.2539
87.320625
87.419825
87.5402
87.57
87.71935
87.82235
87.8565
87.877075
87.9462
88.0154
88.03855
88.05065
88.142025
88.227975
88.23445
88.2706
88.2938
88.34
88.3679
88.3862
88.40015
88.447725
88.511225
88.540575
88.6283
88.66305
88.674
88.758225
88.765775
88.784575
88.8071
88.815625
88.847125
88.8696
88.8963
88.9261
88.954875
88.96455
89.018825
89.0367
89.068875
89.118375
89.154525
89.177075
89.20715
89.246225
89.25885
89.284525
89.31245
89.346825
89.377525
89.393125
89.4197
89.446425
89.529275
89.578175
89.6316
89.68685
89.704675
89.798125
89.845275
89.903775
89.9554
89.9905
90.007725
90.029575
90.049075
90.074425
90.083925
90.0976
90.10985
90.165625
90.24935
90.279825
90.296875
90.3341
90.339875
90.35415
90.39635
90.4458
90.4596
90.468125
90.47705
90.509925
90.525825
90.5518
90.567775
90.5822
90.590575
90.61275
90.63045
90.64935
90.685775
90.722275
90.741675
90.76495
90.7884
90.805925
90.87375
90.9064
90.97555
91.027225
91.0609
91.103925
91.176525
91.225775
91.236825
91.26415
91.2805
91.29475
91.31355
91.3694
91.494475
91.534625
91.5525
91.59955
91.628775
91.635525
91.640675
91.6467
91.6526
91.66205
91.691175
91.704925
91.71825
91.74145
91.783325
91.9277
91.981025
92.006425
92.0525
92.087975
92.104225
92.121325
92.126625
92.142175
92.203675
92.227475
92.254025
92.3511
92.420325
92.465
92.491275
92.5225
92.57425
92.613375
92.629725
92.66905
92.721225
92.766525
92.79255
92.81095
92.819825
92.840525
92.8715
92.897125
92.967225
93.0032
93.006975
93.0594
93.0983
93.11855
93.134975
93.14405
93.213575
93.329
93.37015
93.4226
93.6147
93.696225
93.72195
93.756125
93.76345
93.80905
93.849925
93.8909
93.906925
93.97785
94.0066
94.018425
94.025825
94.05095
94.06645
94.087125
94.116225
94.13745
94.18705
94.2279
94.2966
94.314775
94.33455
94.353175
94.370375
94.431575
94.449475
94.4667
94.486625
94.504225
94.588075
94.6519
94.738425
94.76875
94.779825
94.802125
94.82285
94.834475
94.845975
94.862725
94.87925
94.89155
94.9155
94.942125
94.95295
94.962425
94.9727
95.007075
95.020425
95.024025
95.07395
95.127175
95.167275
95.183825
95.214125
95.241025
95.27485
95.2875
95.33095
95.384475
95.43315
95.503225
95.590625
95.632525
95.71505
95.762575
95.84695
95.874025
95.9213
95.937975
95.956025
96.052875
96.0835
96.0986
96.105275
96.15385
96.173525
96.184175
96.191625
96.215725
96.2206
96.24165
96.3
96.408125
96.51495
96.579075
96.614
96.627325
96.7835
96.83125
96.89155
96.900025
96.90485
96.9106
96.917
96.9445
96.9854
97.028475
97.188725
97.2158
97.26815
97.378925
97.492875
97.536675
97.578
97.6232
97.8026
97.812025
97.841775
97.85635
97.893325
97.92265
97.955575
97.987425
98.008225
98.058025
98.097225
98.11335
98.14545
98.17275
98.186925
98.2398
98.29965
98.363825
98.401325
98.425775
98.453325
98.48625
98.549775
98.630125
98.65565
98.668875
98.715075
98.78155
98.845625
98.860475
98.986625
99.015875
99.069675
99.12365
99.245125
99.3178
99.359075
99.4471
99.5043
99.522875
99.54195
99.567025
99.577575
99.61945
99.84545
99.960975
100.035575
100.2448
100.424325
100.463825
100.491375
100.5306
100.5409
100.6481
100.673
100.68115
100.741775
100.79685
100.91435
101.055725
101.088725
101.093025
101.134125
101.161925
101.17795
101.210825
101.26175
101.3119
101.3695
101.439725
101.50685
101.5564
101.566525
101.605675
101.6451
101.6751
101.729225
101.858925
102.3074
102.691675
102.7225
102.752375
102.76075
102.890725
103.23935
103.4121
103.48235
103.540875
103.686425
103.74185
103.802775
103.82175
103.82555
103.832575
103.8384
103.862075
103.960875
104.020775
104.16565
104.2203
104.26
104.302275
104.31155
104.3856
104.477575
104.508275
104.61895
104.68455
104.707425
104.731
104.78205
104.795375
104.8982
104.912475
104.926625
104.9449
104.967275
104.9804
104.999425
105.0157
105.029975
105.047075
105.08805
105.123525
105.13875
105.16235
105.193
105.2282
105.2721
105.288375
105.377075
105.395025
105.412325
105.4577
105.4871
105.597575
105.633175
105.682075
105.72775
105.831075
105.92415
106.022175
106.10245
106.16175
106.175725
106.200775
106.24335
106.2764
106.292725
106.308325
106.369025
106.4218
106.476175
106.496125
106.5709
106.626025
106.901325
106.94575
106.976875
107.037575
107.065325
107.157025
107.4312
107.553325
107.575525
107.596725
107.638225
107.667775
107.683575
107.7051
107.73785
107.807275
107.842525
107.86725
107.892475
107.919575
107.93805
107.97225
108.075925
108.16115
108.1707
108.17655
108.264325
108.3106
108.38805
108.5513
108.63365
108.681675
108.75665
108.812
108.865375
108.88785
108.9965
109.02165
109.13585
109.1521
109.1775
109.259575
109.3257
109.35685
109.411775
109.429175
109.4452
109.48705
109.509125
109.5707
109.585225
109.631125
109.6372
109.64465
109.754825
109.801725
109.902475
109.92765
109.96745
109.986675
109.99485
110.0087
110.098975
110.163125
110.1853
110.203525
110.2214
110.24895
110.3154
110.34875
110.41275
110.44685
110.53385
110.680575
110.719525
110.99615
111.0239
111.07085
111.133875
111.174225
111.199175
111.2763
111.389725
111.403725
111.420375
111.42525
111.445225
111.453325
111.47605
111.545725
111.62285
111.7109
111.754575
111.807075
111.81605
111.90475
111.91255
111.977075
112.040675
112.10515
112.15875
112.227125
112.2377
112.24315
112.25905
112.32545
112.348
112.38215
112.48025
112.5275
112.57995
112.658875
112.76985
112.792425
112.80115
112.85105
112.881425
112.9514
112.978025
113.032425
113.138
113.179375
113.19855
113.213325
113.24235
113.2507
113.3017
113.31535
113.41505
113.5247
113.525075
113.585625
113.5922
113.66705
113.7154
113.729025
113.766175
113.819875
113.840625
113.853475
113.8571
113.8642
113.868725
113.9069
113.932375
113.947575
113.961875
113.978075
113.98275
113.99395
114.010975
114.026775
114.0439
114.090875
114.12035
114.185725
114.2473
114.2785
114.31875
114.35445
114.36565
114.428825
114.457875
114.493525
114.52125
114.548
114.576375
114.6003
114.6125
114.64385
114.653175
114.67355
114.694425
114.7092
114.7207
114.74275
114.75635
114.779525
114.787925
114.8197
114.846075
114.87705
114.906475
114.94135
114.9586
115.036875
115.052425
115.07055
115.094425
115.109525
115.119125
115.14995
115.15965
115.19015
115.202525
115.217
115.224625
115.234375
115.282
115.2996
115.4076
115.592275
115.621625
115.679725
115.7677
115.792375
115.817425
115.851475
115.89115
115.90045
115.9723
116.164325
116.22355
116.28175
116.3505
116.421225
116.454225
116.475725
116.486075
116.51635
116.52365
116.536825
116.56535
116.575425
116.580175
116.59845
116.6155
116.6423
116.649325
116.664475
116.7038
116.734825
116.75435
116.7667
116.786275
116.820125
116.839225
116.867675
116.898675
116.980075
117.0138
117.1386
117.270125
117.335575
117.360325
117.385475
117.39535
117.425075
117.4385
117.465
117.47615
117.485875
117.52015
117.56295
117.56775
117.65545
117.689075
117.7041
117.720925
117.72755
117.7607
117.8063
117.84455
117.996975
118.0116
118.024825
118.0744
118.085125
118.117725
118.152925
118.241025
118.322525
118.342925
118.418825
118.44505
118.4568
118.472775
118.540475
118.576475
118.6561
118.6835
118.701825
118.769675
118.965275
118.99335
119.04665
119.107025
119.2403
119.3069
119.3169
119.3277
119.3539
119.3682
119.39965
119.40515
119.416875
119.424475
119.46865
119.5028
119.528
119.571975
119.6403
119.7009
119.75265
119.782025
119.8067
119.819475
119.834225
119.847075
119.86695
119.872025
119.915875
119.98205
119.995325
120.035525
120.052375
120.07355
120.10315
120.155625
120.1922
120.2312
120.3212
120.4013
120.523125
120.592325
120.6002
120.642275
120.67915
120.68485
120.71215
120.734025
120.79045
120.83295
120.86055
120.889925
120.931525
120.9999
121.017475
121.027075
121.0755
121.15225
121.1843
121.226125
121.2498
121.315425
121.344325
121.389575
121.446825
121.8195
121.9443
121.96355
121.9865
122.019025
122.12835
122.2128
122.2481
122.29925
122.33965
122.4036
122.44385
122.5742
122.612075
122.6961
122.775625
122.84355
122.9636
122.979725
122.99475
123.0037
123.018825
123.028825
123.0543
123.068375
123.07655
123.1006
123.150275
123.18605
123.19365
123.286025
123.37255
123.533825
123.622875
123.66425
123.7271
123.8109
123.855525
123.897925
123.9054
123.942425
123.967925
123.988125
124.045875
124.098775
124.122675
124.146925
124.1757
124.203175
124.221225
124.2285
124.3159
124.37635
124.39515
124.4501
124.668075
125.068325
125.09215
125.111825
125.118025
125.14225
125.179675
125.19935
125.320175
125.3682
125.427525
125.457325
125.46985
125.556425
125.622125
125.762725
125.8509
126.0561
126.1442
126.214725
126.3033
126.33225
126.369625
126.446575
126.524025
126.6462
126.698975
126.70715
126.7395
126.754575
126.832325
126.952375
127.112075
127.2053
127.253375
127.287625
127.30105
127.329475
127.37985
127.40795
127.4153
127.453175
127.513625
127.570025
127.59105
127.5953
127.643925
127.804325
127.894275
128.15145
128.36975
128.4497
128.54965
128.626575
128.65875
128.673825
128.69645
128.70075
128.728675
128.7867
128.84855
128.861675
128.882875
128.90005
129.347975
129.476
129.5962
129.7118
129.783325
129.88985
129.906725
129.929825
129.935375
129.95415
130.14705
130.1585
130.270625
130.308375
130.36445
130.427175
130.561225
130.825875
131.01155
131.06855
131.091
131.111625
131.25545
131.274925
131.334
131.439375
131.45975
131.496475
131.57035
131.62615
131.815875
131.825075
131.8285
131.861025
131.87645
131.89005
131.90905
131.93375
131.962375
131.99835
132.019225
132.08655
132.09655
132.109175
132.114875
132.1696
132.219775
132.28565
132.31735
132.332575
132.471275
132.541525
132.60095
132.6349
132.6714
132.7241
132.903825
132.9584
132.995625
133.009425
133.017
133.06775
133.147675
133.183575
133.2325
133.267725
133.364225
133.520675
133.597125
133.609025
133.637175
133.658725
133.7445
133.799625
133.885025
133.931675
133.94755
133.954775
134.05385
134.12935
134.18575
134.203525
134.214825
134.2803
134.3218
134.399725
134.4272
134.49455
134.550475
134.568325
134.616375
134.6453
134.652425
134.750775
134.763
134.770275
134.789875
134.851725
134.87645
134.891825
134.90935
134.9681
135.10685
135.19955
135.2232
135.28505
135.41385
135.460425
135.52495
135.569525
135.5838
135.71765
135.751725
135.784275
135.907075
135.958475
135.972725
135.99305
135.99745
136.026525
136.094475
136.1225
136.135725
136.14575
136.18395
136.246325
136.29655
136.355475
136.36575
136.4003
136.415775
136.43335
136.447625
136.47955
136.542025
136.575275
136.6825
136.739075
136.744875
136.769225
136.80015
136.818525
136.890375
136.949675
136.9731
137.11585
137.171575
137.1885
137.2226
137.2496
137.269725
137.319525
137.43235
137.469725
137.47575
137.4888
137.62135
137.6813
137.7433
137.793775
137.814025
137.860375
137.9072
137.9678
137.988775
137.993825
138.0288
138.0385
138.062525
138.071975
138.079
138.098375
138.12695
138.1546
138.171225
138.184025
138.1999
138.26505
138.32845
138.481175
138.52965
138.5837
138.7111
138.7554
138.9562
139.026625
139.088075
139.1263
139.14775
139.202425
139.2255
139.2872
139.36605
139.441825
139.448175
139.517
139.598075
139.648175
139.699825
139.730225
139.746675
139.7643
139.769125
139.79995
139.843775
139.931075
140.06685
140.1491
140.247825
140.2798
140.34635
140.4602
140.585575
140.649225
140.805925
140.840525
140.8673
140.8921
140.97305
141.0034
141.0283
141.032375
141.0716
141.093025
141.11265
141.122525
141.1919
141.260675
141.2886
141.315825
141.372375
141.3798
141.41925
141.457
141.492775
141.52515
141.5614
141.6051
141.66395
141.6943
141.7241
141.7806
141.843875
141.866875
141.8829
142.034675
142.086575
142.124975
142.154475
142.1718
142.18835
142.2507
142.271025
142.27675
142.281525
142.32215
142.33245
142.3459
142.35715
142.391025
142.4347
142.478475
142.584075
142.6381
142.7064
142.72065
142.877325
142.904125
142.910175
142.9463
143.00805
143.07575
143.123525
143.16975
143.239525
143.270075
143.395675
143.5035
143.558325
143.60865
143.61965
143.638775
143.6651
143.67345
143.7111
143.751275
143.77515
143.91795
143.94575
144.053475
144.08575
144.24025
144.4111
144.65625
144.71995
144.8259
144.911775
145.012625
145.091
145.149775
145.193575
145.202075
145.252675
145.31535
145.3668
145.383325
145.460175
145.470325
145.51655
145.583575
145.751675
145.807625
145.97515
146.126325
146.8928
146.934775
146.994525
147.124375
147.164175
147.22965
147.7796
147.8465
147.8702
148.046375
148.1296
148.170525
148.210675
148.2212
148.2419
148.249825
148.257075
148.2618
148.2671
148.2861
148.29
148.322075
148.337975
148.338425
148.34365
148.396075
148.44325
148.453425
148.490175
148.521175
148.55345
148.598325
148.630325
148.63985
148.677575
148.729525
148.785475
148.84225
148.876225
148.935325
148.9869
149.0207
149.092825
149.2165
149.385
149.412025
149.45265
149.46215
149.47085
149.521725
149.605975
149.612375
149.6385
149.690225
149.8194
149.871375
149.887975
149.90415
149.909875
149.94715
149.9918
150.013425
150.022125
150.047675
150.138325
150.17895
150.22955
150.25095
150.283925
150.31995
150.36865
150.37825
150.392575
150.40925
150.4302
150.453375
150.4842
150.5865
150.64705
150.750675
150.804975
150.8944
150.960675
150.993925
150.99915
151.069225
151.101925
151.14095
151.168075
151.26305
151.33835
151.393575
151.4784
151.6096
151.629825
151.663825
151.72305
151.75135
151.775625
151.817575
151.839275
151.911125
151.948775
151.98205
151.997925
152.01955
152.09455
152.1678
152.18405
152.19025
152.212525
152.2322
152.2646
152.27445
152.31295
152.328
152.401625
152.47265
152.500325
152.5416
152.57325
152.65005
152.67285
152.742975
152.757725
152.77965
152.7955
152.88235
152.982525
153.0489
153.082375
153.197925
153.449175
153.5768
153.623175
153.672025
153.6796
153.69695
153.72355
153.7639
153.778025
153.821425
153.84755
153.9205
153.942525
154.0019
154.0357
154.072725
154.103675
154.19
154.2018
154.24145
154.364425
154.388725
154.51645
154.58985
154.641975
154.67305
154.7002
154.805025
154.825725
154.8373
154.87435
154.884025
154.889575
154.894275
154.9034
154.906
154.908925
154.9166
154.92835
154.940725
154.960375
154.964675
154.9869
154.994625
155.026125
155.10845
155.20185
155.52205
155.6059
155.636625
155.72035
155.86605
155.89685
155.91995
155.965625
156.014525
156.1482
156.2166
156.257425
156.308025
156.340775
156.35535
156.404375
156.4437
156.50625
156.53475
156.551375
156.64885
156.75815
156.8144
156.8396
156.8506
156.859275
156.9001
156.9544
157.116875
157.340375
157.496375
157.6965
157.73475
157.806175
158.097675
158.14695
158.188925
158.222675
158.288275
158.314425
158.546675
158.6322
158.889575
159.041675
159.188925
159.26545
159.30505
159.34535
159.403825
159.4289
159.438275
159.57485
159.62725
159.749825
159.793175
159.821075
159.858275
159.925525
159.9367
159.9832
160.011
160.028
160.032275
160.05615
160.0679
160.08305
160.092575
160.11965
160.129525
160.1677
160.1996
160.34475
160.383975
160.3924
160.419775
160.472675
160.5289
160.62395
160.723025
160.78065
160.8714
160.93165
160.9986
161.04165
161.0615
161.07285
161.10065
161.110075
161.11575
161.14095
161.146975
161.16405
161.224725
161.279725
161.2846
161.335925
161.349325
161.416925
161.473675
161.512075
161.543475
161.585975
161.62225
161.65085
161.698275
161.74165
161.79265
161.8293
161.90515
161.920425
161.93565
161.941425
161.958975
162.008625
162.027025
162.0609
162.1034
162.16575
162.2762
162.35075
162.424525
162.50045
162.526225
162.565225
162.572675
162.61385
162.625075
162.676525
162.708275
162.77265
162.94145
163.0493
163.09375
163.1176
163.140075
163.159325
163.181525
163.1979
163.2228
163.41135
163.451475
163.464575
163.4767
163.552275
163.778
163.840175
163.881325
163.90145
163.929175
163.97025
163.990925
164.02575
164.046975
164.074
164.079875
164.114375
164.22935
164.284325
164.3365
164.34365
164.376075
164.41265
164.477025
164.54255
164.5776
164.63165
164.65375
164.6648
164.7015
164.92785
164.985675
165.0136
165.033975
165.045125
165.136175
165.17825
165.219225
165.25205
165.341025
165.38
165.3929
165.40745
165.41675
165.437725
165.4545
165.4672
165.471
165.501025
165.5666
165.58035
165.5984
165.615875
165.63285
165.7124
165.781
165.816325
165.83145
165.867525
165.883575
165.8935
165.929075
165.941
165.95885
165.976725
166.02095
166.037825
166.0703
166.104825
166.137625
166.1507
166.17135
166.217025
166.237775
166.261825
166.29135
166.30465
166.355225
166.386825
166.40715
166.41145
166.445875
166.479375
166.49045
166.631975
166.659975
166.80025
166.893
166.9617
167.051225
167.107975
167.1323
167.15835
167.1787
167.21995
167.244525
167.2943
167.32375
167.380675
167.436475
167.492425
167.5183
167.5878
167.670875
167.73635
167.76165
167.890025
167.9673
168.01405
168.10015
168.150325
168.178575
168.196175
168.227925
168.238325
168.28325
168.305375
168.37175
168.403175
168.422375
168.431775
168.4942
168.525175
168.638825
168.6688
168.699675
168.722
168.796525
168.873625
168.932425
168.981675
169.157875
169.18545
169.22685
169.2852
169.380475
169.3914
169.4138
169.42775
169.4547
169.495875
169.527275
169.5347
169.569825
169.653975
169.75145
169.837225
169.8757
169.8816
169.895475
169.904
169.932925
170.01465
170.10585
170.2394
170.257375
170.335775
170.556225
170.66055
170.74915
170.79765
170.90195
170.919125
170.994175
171.029025
171.1355
171.1892
171.222375
171.281275
171.30005
171.335875
171.429475
171.79785
171.8975
172.080925
172.087775
172.102975
172.126325
172.1634
172.1775
172.19775
172.222475
172.255025
172.28505
172.328925
172.34595
172.362175
172.37285
172.40285
172.461025
172.480175
172.5822
172.60235
172.638925
172.71615
172.7547
172.898675
172.997125
173.185175
173.23985
173.26895
173.3102
173.341275
173.37635
173.467775
173.525575
173.605575
173.632125
173.670025
173.70805
173.8524
174.024575
174.10535
174.181475
174.231375
174.249725
174.334775
174.34865
174.39955
174.432375
174.48455
174.552275
174.596
174.6312
174.664725
174.690925
174.719925
174.7245
174.74805
174.767375
174.80565
174.829825
174.838575
174.89625
174.95915
174.9884
175.036625
175.064675
175.079075
175.209075
175.2641
175.316225
175.389375
175.444025
175.46625
175.471075
175.476275
175.52705
175.5427
175.562925
175.58345
175.628475
175.6786
175.7166
175.7249
175.817825
175.879825
175.936675
175.9729
175.981925
176.0043
176.033875
176.0973
176.12075
176.198225
176.233875
176.264425
176.290875
176.328075
176.38945
176.4169
176.444525
176.486275
176.52215
176.60145
176.73225
176.778025
176.810825
176.831775
176.916475
176.925825
176.938975
176.973175
177.0113
177.03645
177.13575
177.155975
177.222725
177.23145
177.295425
177.321
177.3346
177.364825
177.4638
177.5294
177.6622
177.7147
177.80215
177.875575
177.9398
177.98525
178.09405
178.177825
178.242925
178.3498
178.37155
178.378275
178.50965
178.631075
178.636025
178.690425
178.722275
178.797275
178.8026
178.81505
178.8227
178.907025
178.92145
179.031625
179.090325
179.173525
179.20985
179.2191
179.255925
179.325
179.3417
179.3921
179.439775
179.498825
179.518175
179.570725
179.592525
179.612075
179.634525
179.670025
179.71715
179.7631
179.804975
179.830375
179.87345
179.9869
180.1119
180.161925
180.27255
180.322025
180.4901
180.61235
180.6557
180.69485
180.7094
180.727075
180.783975
180.8547
180.9478
180.9938
181.0481
181.06385
181.09805
181.125275
181.1582
181.182975
181.199975
181.2244
181.233925
181.26685
181.347175
181.3644
181.77575
181.9186
181.98955
182.028775
182.0496
182.065725
182.06985
182.082125
182.10195
182.107375
182.134825
182.1435
182.160125
182.17085
182.176625
182.187525
182.193575
182.242425
182.2618
182.271625
182.289975
182.3017
182.33095
182.38025
182.399175
182.420575
182.4676
182.53785
182.560875
182.6651
182.7077
182.73515
182.770025
182.777325
182.9301
182.952075
183.11745
183.237425
183.300525
183.43355
183.46485
183.495775
183.529775
183.580475
183.587325
183.6055
183.64305
183.6555
183.663925
183.688025
183.70755
183.723375
183.80945
183.928225
183.955725
183.9919
184.0128
184.07625
184.098475
184.123375
184.141025
184.157925
184.173775
184.2137
184.226
184.300775
184.351125
184.368175
184.419775
184.454975
184.508125
184.8461
184.864475
184.935825
185.012475
185.049775
185.128325
185.2785
185.418025
185.51735
185.6215
185.666325
185.683875
185.701525
185.734325
185.77005
185.848675
185.876325
185.88315
185.975125
186.324725
186.3531
186.372125
186.41735
186.434775
186.475075
186.50955
186.5436
186.579675
186.58875
186.6167
186.67375
186.699925
186.77235
186.82055
186.848525
186.860625
186.9172
186.945025
186.95615
187.00155
187.03905
187.0616
187.1111
187.1621
187.1949
187.205575
187.225275
187.23785
187.373325
187.407075
187.421625
187.431975
187.449875
187.474575
187.482675
187.514125
187.518875
187.528875
187.541225
187.61435
187.64675
187.717525
187.725825
187.780625
187.797575
187.830575
187.846175
187.903075
187.95325
187.96165
187.990625
188.223225
188.239175
188.279325
188.315275
188.32235
188.3379
188.427275
188.4846
188.53695
188.66805
188.7952
188.878425
189.0247
189.0658
189.0786
189.123975
189.191325
189.233525
189.277325
189.29605
189.33035
189.35345
189.368975
189.38775
189.409375
189.417925
189.442225
189.45595
189.470525
189.5214
189.6184
189.6261
189.670125
189.7397
189.992425
190.16975
190.251125
190.2983
190.33745
190.36935
190.397975
190.441775
190.495675
190.59975
190.66295
190.774925
190.82765
190.832375
190.836075
190.88265
190.89515
190.904
190.958825
191.002625
191.0137
191.02505
191.0495
191.0755
191.55575
191.70305
191.772225
191.886625
191.9456
191.965825
191.973375
192.01255
192.230675
192.25415
192.4123
192.4226
192.438975
192.4773
192.5216
192.57725
192.6861
192.706775
192.78385
192.837975
192.96055
193.035025
193.192125
193.22095
193.3053
193.371625
193.38105
193.42105
193.4785
193.5096
193.527525
193.535075
193.5539
193.657725
193.6844
193.7173
193.860975
193.8875
193.9813
194.090825
194.110975
194.156125
194.17935
194.199
194.245025
194.326925
194.33605
194.3602
194.380475
194.387825
194.398225
194.41455
194.4289
194.4504
194.4554
194.49445
194.517275
194.5824
194.623
194.680875
194.730525
194.7562
194.776975
194.802075
194.825325
194.84485
194.9754
195.00965
195.07965
195.174025
195.263975
195.3339
195.3342
195.362325
195.398625
195.48765
195.500725
195.5255
195.551325
195.5638
195.6906
195.7225
195.76345
195.830375
195.885025
195.973775
196.343225
196.4706
196.555375
196.585225
196.6159
196.62335
196.684725
196.69215
196.78865
196.85095
196.889325
197.00805
197.216225
197.31395
197.451525
197.474375
197.4943
197.5081
197.526325
197.543775
197.550475
197.5789
197.604175
197.64165
197.66345
197.718225
197.748425
197.7935
197.838375
197.873925
197.941675
197.96605
197.9801
198.0468
198.074775
198.122525
198.1501
198.295075
198.3755
198.411875
198.4466
198.47355
198.50395
198.52335
198.547825
198.55555
198.585525
198.64215
198.69245
198.728
198.780975
198.80155
198.839775
198.8549
198.899425
198.91645
198.930075
198.94935
198.98225
199.027775
199.128025
199.16315
199.17435
199.1877
199.20205
199.21455
199.219875
199.246225
199.25805
199.271325
199.2865
199.363
199.39995
199.56505
199.7052
199.740525
199.758725
199.77175
199.79085
199.8149
199.839275
199.95795
200.02365
200.069575
200.0951
200.104425
200.125525
200.15785
200.179775
200.192525
200.23985
200.3561
200.394925
200.4358
200.540375
200.575725
200.628975
200.648675
200.7067
200.761725
200.79415
200.835275
200.8413
200.8562
200.86765
200.90295
200.912275
200.98215
201.022125
201.075275
201.1643
201.26685
201.30325
201.322425
201.33055
201.375175
201.389225
201.4052
201.4234
201.49775
201.605325
201.6221
201.645275
201.678
201.685775
201.7183
201.7335
201.7843
201.831825
201.83725
201.87155
201.904475
201.9237
201.9695
201.9943
202.007875
202.077675
202.10395
202.126925
202.141475
202.15785
202.170575
202.18225
202.20735
202.2214
202.25395
202.305075
202.336275
202.4487
202.47925
202.54565
202.555575
202.563075
202.572625
202.585625
202.60015
202.642325
202.6811
202.743575
202.7637
202.85735
202.906025
202.951625
202.972875
202.984925
203.014725
203.059575
203.0893
203.12785
203.183875
203.20355
203.30895
203.43305
203.465175
203.50615
203.52425
203.5737
203.5981
203.606125
203.7051
203.7192
203.776475
203.80545
204.03315
204.0783
204.188125
204.208725
204.33305
204.365175
204.372
204.380025
204.42085
204.494625
204.517825
204.55045
204.584975
204.64025
204.689475
204.73545
204.7778
204.8725
204.95695
205.0561
205.083175
205.130175
205.241925
205.287925
205.332975
205.348675
205.3591
205.375525
205.39075
205.4518
205.558375
205.699825
205.78675
205.8791
205.97035
206.030425
206.062825
206.077
206.08245
206.086775
206.118275
206.1239
206.13095
206.13875
206.14945
206.177575
206.1855
206.190575
206.22935
206.27475
206.3698
206.475175
206.520225
206.582525
206.670575
206.74095
206.756175
206.791025
206.798825
206.83475
206.881
206.891925
206.907275
206.944625
206.976375
206.995275
207.017375
207.054975
207.086575
207.10355
207.170675
207.21765
207.27355
207.325375
207.3683
207.413275
207.444475
207.679675
207.710175
207.7323
207.73765
207.75715
207.771125
207.78185
207.824875
207.836825
207.9129
207.948525
207.981975
208.095525
208.170825
208.23235
208.293575
208.3929
208.52905
208.590125
208.703325
208.78965
208.85435
209.10995
209.141275
209.20625
209.2275
209.34155
209.3593
209.36675
209.380525
209.393425
209.424425
209.4323
209.47615
209.501225
209.51485
209.534925
209.547325
209.677425
209.727875
209.794275
209.9152
209.97365
210.011525
210.038175
210.0944
210.148025
210.20885
210.22565
210.40655
210.41755
210.469225
210.49935
210.5672
210.630775
210.658725
210.6941
210.727925
210.758075
210.7927
210.800725
210.83575
210.889325
210.931875
211.0143
211.06925
211.10695
211.147525
211.173825
211.221425
211.259475
211.307225
211.337125
211.39095
211.46595
211.493675
211.51265
211.524475
211.56415
211.5918
211.63005
211.678975
211.732
211.8504
211.98045
212.040975
212.104775
212.14385
212.17965
212.1997
212.234875
212.256775
212.286275
212.31355
212.333175
212.336775
212.3418
212.36445
212.3772
212.389925
212.409775
212.41715
212.4251
212.439925
212.458475
212.47755
212.49065
212.511425
212.556975
212.585025
212.6087
212.6487
212.65445
212.739425
212.82855
212.84715
212.909075
212.94395
213.003875
213.088925
213.178625
213.222575
213.302675
213.3319
213.33645
213.3448
213.408025
213.4744
213.501425
213.526175
213.5394
213.593025
213.6055
213.645825
213.678375
213.7158
213.73505
214.148275
214.3694
214.447425
214.5078
214.554975
214.567575
214.57985
214.603475
214.622425
214.6678
214.692875
214.712025
214.7571
214.80805
214.8572
214.9579
214.983175
215.036625
215.329575
215.3382
215.369775
215.393325
215.401675
215.495825
215.54115
215.5935
215.605325
215.6323
215.64365
215.6682
215.6939
215.726
215.7587
215.8751
215.93705
216.018175
216.090525
216.1856
216.225575
216.241075
216.261525
216.299375
216.319125
216.32975
216.344725
216.384975
216.41235
216.4993
216.56655
216.58635
216.614175
216.635125
216.645875
216.65465
216.681825
216.695725
216.7114
216.78445
216.840475
216.886325
216.932
216.966275
217.0383
217.07585
217.087
217.113925
217.137525
217.1468
217.31045
217.3459
217.39
217.40735
217.413175
217.4327
217.524375
217.56305
217.57095
217.641175
217.669825
217.707475
217.747375
217.78645
217.819475
217.84825
217.9506
217.966375
217.9725
218.0118
218.031725
218.08455
218.14265
218.1849
218.228375
218.279825
218.288275
218.323325
218.35505
218.36105
218.371175
218.378675
218.494725
218.50965
218.560975
218.585525
218.6516
218.6628
218.75735
218.8948
219.0525
219.1293
219.172
219.2116
219.2637
219.3197
219.359325
219.3956
219.464
219.491725
219.5238
219.572375
219.6235
219.65435
219.67375
219.679975
219.685975
219.742875
219.7618
219.78215
219.8323
219.90765
219.949275
219.96405
219.975425
219.98405
219.995325
220.0296
220.042525
220.06325
220.1833
220.25165
220.260375
220.33705
220.3852
220.4443
220.45335
220.476575
220.59995
220.645925
220.6741
220.68345
220.720525
220.730125
220.796875
220.824425
220.874275
220.962525
221.022875
221.061
221.115025
221.158525
221.20265
221.26275
221.31755
221.3397
221.37995
221.417025
221.501075
221.600675
221.646775
221.65835
222.068275
222.197475
222.221125
222.253075
222.304925
222.508775
222.5218
222.590775
222.6335
222.6734
222.713225
222.724075
222.774
222.892825
222.92165
222.955525
222.9773
223.03425
223.052625
223.109475
