0.2308
0.23395
0.52795
0.541075
0.71705
1.222725
1.359
1.46615
1.8455
1.849
1.85275
2.536625
2.54425
3.069875
3.264675
5.1977
6.2505
6.379125
7.525875
7.531075
8.327225
8.39955
9.050325
9.0562
9.061425
9.1912
9.309575
10.072725
10.0761
10.080125
10.458675
11.277075
11.381125
11.77875
12.2225
12.227875
13.85415
14.70625
17.2091
17.312325
19.149
19.15775
19.974575
19.991675
22.7058
22.7433
23.535125
23.7561
24.205425
24.213
24.452925
24.4693
24.50785
24.9622
25.090825
25.16485
25.583725
25.587025
25.5908
26.55935
27.096975
27.101275
27.10475
27.112425
27.202325
27.764575
28.2823
29.50705
29.596125
30.996375
31.0022
31.275175
31.287975
34.1695
34.2196
34.71485
35.29775
36.0552
36.062
36.067575
37.232125
37.835375
38.393575
38.871075
38.929225
39.009875
39.698925
39.787525
40.82215
40.9693
40.9999
41.615525
42.194975
42.57765
42.5809
42.584125
42.886125
43.401225
43.408075
44.43025
44.4581
45.49075
45.611625
47.42295
47.4706
47.504025
48.21395
48.26815
48.339625
48.382
48.851725
48.855675
50.6234
50.63885
50.671625
50.72355
51.271175
51.282875
51.291075
51.34525
51.3908
52.1202
53.58525
53.7801
54.34625
54.598625
55.06865
55.678
55.7276
55.739125
55.843425
55.88145
56.381225
56.83835
56.844375
57.490875
58.9432
63.286975
63.3212
63.349175
63.378275
64.0054
64.126475
64.14555
64.3084
65.0778
65.082775
65.5948
65.598375
65.6868
65.787325
65.79495
70.361975
70.437975
70.48375
70.502075
70.546925
70.5738
70.730525
71.83255
72.216325
72.260975
72.294475
72.32765
72.337175
72.3437
72.3651
72.401625
72.420275
73.122825
73.55295
73.56265
73.9628
73.966575
74.87185
74.876
76.67175
76.77685
77.059625
77.09885
77.835675
77.870075
77.889775
77.900325
78.372625
78.376025
78.380675
79.225675
79.27835
79.34945
79.42005
80.833075
81.47165
89.378325
89.3965
89.63575
89.668025
89.717425
89.75585
90.34785
90.456775
90.519625
90.9821
90.985425
90.990375
92.24925
92.253475
92.286125
94.67415
95.25315
95.88625
95.979325
96.060175
96.0955
96.13595
96.156725
96.204625
96.24955
97.1695
97.1733
97.2864
97.32375
99.67115
99.83315
105.55835
105.634775
106.307325
106.403525
106.4898
106.5173
106.542575
106.61975
106.6421
106.652675
106.663275
106.669
107.572625
107.5766
107.9642
108.047825
108.5816
108.58535
108.5899
109.18845
109.282575
109.309625
109.347275
109.364825
109.846975
110.1825
110.186525
111.3699
112.80105
112.833375
112.8987
112.99005
113.0039
113.91735
113.93775
115.015775
118.18815
121.7491
121.781475
121.9011
121.929275
121.938475
121.947375
121.964275
121.972225
122.030725
122.055075
122.09445
122.110225
122.125625
122.69495
122.773475
122.78935
122.7955
122.80095
123.255725
123.3774
123.42645
125.377425
126.58295
129.908575
130.768525
130.814375
130.837325
130.944325
131.008525
131.031525
131.075425
131.1157
131.154525
131.49595
131.66905
131.7304
132.094625
132.687625
132.692625
132.722275
132.981675
132.986325
133.048375
133.696975
133.7419
133.7941
133.81355
133.838525
133.851025
133.954425
134.2861
134.289575
134.293125
134.303175
134.91625
134.919925
134.9265
135.048775
135.093625
135.1149
135.130775
135.3144
135.3316
135.33855
135.781175
136.111225
136.117975
136.633825
136.639875
137.3058
137.322975
137.549225
137.6557
138.269175
138.28115
138.888775
139.437575
139.700575
139.777225
139.7932
140.686325
140.76375
140.834725
140.840725
140.892725
140.971575
141.395175
141.3994
143.78775
143.84895
143.86175
143.87155
144.158225
144.6471
145.22085
145.225
145.231775
146.223175
146.227325
146.700375
147.329925
147.42525
147.631575
147.672925
148.086275
148.091225
148.09515
148.2636
149.06215
149.076875
149.095025
149.511225
150.272125
151.75085
153.52335
153.7923
153.81515
153.836125
153.852775
153.898975
154.128525
154.171775
154.6262
155.72535
156.024025
156.02695
156.02985
156.03465
156.192675
157.107425
157.110375
157.1158
157.16705
157.22385
157.371525
157.408775
157.41555
157.821075
158.208975
158.213525
158.217825
158.23365
158.30875
158.3332
158.3481
158.3529
158.3742
158.380325
158.3883
159.106575
159.4435
159.44625
159.449925
159.457225
159.8052
159.8083
159.8115
161.0566
161.0606
161.18205
161.21705
161.249975
161.25635
165.45395
165.524775
165.568825
165.58965
165.595675
165.6136
165.829175
165.8554
165.8631
165.8716
166.08735
166.115075
166.443325
166.45145
166.53355
166.57205
166.597175
167.154825
167.192075
167.2911
167.3794
167.72155
168.30715
168.309975
168.313
168.317625
168.49885
168.5236
168.55115
168.56415
168.64065
168.832825
168.9073
169.441525
169.4514
169.46155
169.79815
169.8042
169.81555
169.82165
169.95415
170.3685
171.057425
171.060425
171.06335
171.06765
171.131725
171.530125
171.53425
172.52575
174.586475
175.66585
175.671575
176.2453
176.2662
176.286675
176.61035
176.636925
176.6413
176.66105
176.669025
176.7689
177.411175
177.4318
177.905975
177.9099
178.201875
178.211475
179.2836
179.60585
179.6408
179.8226
180.557175
180.561075
180.877775
180.892275
181.311375
182.851725
182.8565
187.067725
187.207325
187.224875
187.2338
187.2526
187.271175
187.28125
187.88
187.883525
187.88785
190.0423
190.0574
190.09415
190.513825
190.92085
190.923975
190.927
190.94365
192.50045
192.505325
192.815225
193.21905
193.2391
193.265475
193.326425
193.397975
193.4411
193.4867
193.495
194.462625
195.501975
195.5062
196.067825
196.072925
197.041825
197.878725
197.891975
197.93865
198.338975
199.004425
199.0212
199.028475
199.036675
199.04795
199.26055
199.709
199.7127
199.789775
199.811
199.95385
200.47705
200.861225
200.863625
200.866325
200.86915
200.872875
200.877425
200.884975
200.890275
201.362025
201.372675
201.3788
201.50765
202.148325
202.15215
203.260125
203.2655
203.782575
204.252525
204.6329
204.638225
204.641025
204.653625
204.76955
206.43355
206.438125
207.026675
207.058125
