0.2462
0.24995
0.448775
0.451875
0.454975
0.4597
0.4642
1.4311
1.438625
1.442275
2.0501
3.28145
3.289125
3.291975
3.297625
3.306625
3.313075
3.31865
3.74535
3.75435
4.6961
5.03785
5.07985
5.088525
5.091
5.0968
5.101525
6.004925
6.0075
6.010725
6.02265
6.190575
6.19575
6.1997
6.205175
6.234975
6.443475
6.451575
6.580075
6.591925
7.089775
7.093775
7.103075
7.6725
7.675425
7.679675
7.6821
7.873125
8.179325
8.534275
8.538525
8.5453
10.47965
10.4844
10.49995
11.30875
11.313925
11.319825
11.365275
11.64385
11.6584
11.680625
12.090525
12.097475
12.10135
12.103375
12.510525
12.51595
12.5273
13.121775
13.3828
13.38695
13.38955
13.39545
13.404925
13.8528
13.8571
13.859725
13.867875
13.884275
14.3683
16.575925
18.3778
20.052275
20.07255
20.567625
20.5728
21.04165
22.6472
22.817425
24.385325
25.3726
25.38305
25.386725
25.39045
25.398275
25.407875
25.4665
25.471025
25.476425
25.95005
26.648025
26.65195
26.656925
26.6638
26.965275
26.9732
26.975725
26.980575
26.98875
26.99905
27.11535
27.118825
27.123625
27.129125
27.6315
28.75695
28.7614
28.7637
28.7721
28.78945
29.076675
29.083425
30.265475
30.992675
31.4817
32.179125
32.7784
34.00305
35.576725
36.143575
36.148275
36.31605
36.32085
36.323775
36.32685
36.3353
36.342325
36.91145
36.91635
37.58265
37.585825
37.5947
38.971475
38.97905
38.982125
38.986775
38.993825
38.99855
39.006675
39.009425
39.01315
39.026275
40.017825
40.024475
40.657475
40.6642
40.66805
40.674275
40.905575
41.5717
41.58065
41.585275
41.59555
41.600025
41.60405
41.60865
41.61755
42.2446
42.248425
42.2535
42.91395
43.4611
43.500175
43.6108
43.703125
43.95305
44.3436
44.347125
44.709225
45.5255
45.52835
45.5318
45.535825
45.540225
46.27485
46.27875
46.286325
46.2904
46.850225
46.86635
47.039625
47.1551
47.165675
47.17885
47.931025
48.745375
49.771275
49.774125
50.229125
50.233125
50.242075
50.248875
50.3629
50.368
50.378775
50.387425
51.215725
51.21875
51.22155
51.225
51.228175
51.2337
51.23855
51.2547
51.3506
51.353925
51.35785
51.36165
51.373325
51.3781
52.363875
52.368875
52.658875
53.4655
53.4675
53.469175
53.513425
53.52375
53.537425
53.641825
53.652975
53.659625
54.692375
54.697425
54.701425
54.71245
55.3329
55.62955
55.6722
55.67805
55.681725
55.68835
55.981025
56.325475
56.792175
57.3613
57.500325
57.52665
58.26955
58.284775
58.777975
58.781675
58.86875
58.87245
58.877825
58.881825
58.8929
59.928075
60.61125
60.62225
60.627
60.636375
60.91045
60.91925
60.925175
60.938975
61.178775
61.1817
61.19175
61.2006
61.413075
61.42495
61.947875
61.9514
62.365625
62.4321
62.4361
62.4507
62.63905
62.88105
62.884475
62.8951
62.9081
63.23385
63.238525
63.246175
63.248925
63.414075
63.418025
63.423525
63.426625
63.4279
63.429425
63.43655
63.933175
64.078275
64.081475
64.086475
64.089475
64.092825
64.101575
64.104575
64.1162
64.122425
64.129125
64.141625
64.289375
64.296875
64.311475
64.447525
64.4515
64.463175
64.473525
64.622
64.62845
64.636775
64.843325
64.845675
64.847975
64.850575
64.8569
64.863225
65.169575
65.172325
65.17535
65.17885
65.18725
65.1903
65.1971
65.552625
65.555275
65.558075
65.59245
65.600675
65.6602
65.6656
65.6695
65.67325
66.175225
66.17785
66.180475
66.324475
66.3274
66.333275
66.340275
66.692575
67.02
67.303525
68.135025
68.13915
69.120625
69.12505
69.136625
69.3552
69.35915
69.366925
69.369975
69.374975
69.60945
69.61185
69.6141
69.61635
69.61965
69.6235
69.630425
70.082125
70.08565
70.5906
70.598175
70.6037
70.616875
71.269525
71.272825
71.278875
71.285125
71.292575
71.584475
71.934675
72.227975
72.5686
72.598475
72.6075
72.61515
72.625
73.19725
73.200625
73.208025
73.217625
73.605175
75.434925
76.312525
77.0953
77.09965
77.1124
77.3784
77.396375
78.57205
78.57945
78.58405
78.587025
78.591575
78.59545
78.6065
79.01035
79.3025
79.30585
79.3126
79.3251
79.35085
79.36275
79.369225
81.4675
81.475
81.47975
81.548925
81.55575
81.563375
81.5698
82.388925
83.343225
83.50435
83.508625
83.512225
83.519025
84.012375
84.270625
84.277925
84.38205
84.802875
85.669
86.52115
86.53925
86.93055
87.394675
87.3979
87.403875
87.409325
89.4644
89.7079
89.715225
90.370275
90.373275
90.377775
90.5752
90.579225
90.583575
90.593275
90.9026
91.303
91.3074
91.31
91.7127
91.71645
91.725075
92.10465
92.10815
92.112775
92.11665
92.124925
92.1316
92.139275
92.3104
92.3169
92.321775
92.333525
92.623375
92.64425
92.764675
92.767575
92.77565
92.7891
93.26345
93.717475
93.720525
94.0311
94.953175
94.9623
95.86015
95.863725
95.865975
95.8777
96.01605
96.796175
98.073675
98.076125
98.08675
98.089425
98.09735
98.12805
98.160675
98.54795
98.5509
98.55435
98.557275
98.572
98.9103
98.919475
99.304075
99.30745
99.7285
99.7321
99.84755
99.851625
99.85535
99.865375
100.028225
100.038625
100.042825
100.048325
100.05545
100.799525
101.4534
101.45665
101.713
101.717275
101.7208
101.993175
102.000025
102.007425
102.140975
102.160075
102.645175
102.6486
103.066
103.070975
103.0776
103.085075
103.23345
103.7869
103.796425
103.799425
103.8045
103.8117
104.106375
104.354175
105.0377
105.041675
105.049625
105.0529
105.395525
105.81845
105.8228
105.827575
105.8375
106.356225
106.364175
106.3715
106.3749
106.3818
106.386425
106.541175
106.547025
106.556625
106.56615
106.57215
106.582725
106.73955
106.74695
106.75255
106.758225
106.7633
106.779475
107.08425
107.087575
107.655275
107.8649
107.8702
107.8767
107.87945
107.88655
107.894725
108.0312
108.036225
108.03875
108.044975
108.052575
108.23615
108.24555
108.251225
108.477575
108.48335
108.71355
108.7162
108.72175
108.7399
109.053025
109.05675
109.071
109.11335
109.130675
109.141375
109.1716
109.1749
109.182125
109.549375
109.55595
109.643275
109.6547
110.0875
110.091375
110.26145
110.2655
110.268825
110.2797
110.4846
110.487475
110.490525
110.492825
110.496275
110.9917
111.0023
111.33785
111.850025
111.854075
112.765225
113.040925
113.044025
113.049975
113.058575
113.9167
113.920275
113.92585
113.930025
113.94245
114.0024
114.014275
114.1251
114.128175
114.135375
115.565525
116.278
116.281375
116.284725
116.296625
116.40415
116.4094
117.262375
118.324
121.916
122.014525
123.27035
123.959025
123.965325
123.986675
123.9983
124.2792
125.366475
125.37005
125.37585
125.3795
125.384825
125.3945
125.60955
125.6203
125.63015
125.8316
125.8352
125.83885
125.84215
125.846525
125.858125
126.0488
126.632425
126.63515
126.638025
126.646075
126.649275
126.662925
127.8872
127.890225
127.89615
127.9048
128.132025
128.135325
128.934025
129.218725
129.760975
129.7653
129.771575
129.778925
130.07615
130.08285
130.09805
130.192375
130.196
130.2089
130.212575
130.4032
130.6761
130.6798
130.69105
130.9182
130.921725
130.9253
130.930975
130.9375
131.003175
131.016325
131.284725
131.653
131.65755
131.662025
131.830825
131.842125
131.8477
132.0602
132.063125
132.06895
132.072425
132.106175
132.1141
132.121475
132.12815
132.140925
132.150375
132.153
132.391175
132.713725
132.7378
132.9924
132.99795
133.001775
133.009275
133.02145
133.333
133.33655
133.7803
134.025125
134.028525
134.03325
134.0375
134.510425
135.091675
136.0677
136.4325
136.440975
136.4437
136.447075
136.45365
136.46145
137.0229
137.3875
138.0897
138.09375
138.09755
138.10455
138.732425
138.83065
138.997575
139.005925
139.012075
139.474825
139.47945
139.7481
139.753075
139.7596
139.76995
139.772475
139.78075
139.789175
139.885225
139.889175
139.892225
139.91155
139.917075
140.1023
140.1056
140.635525
140.644575
140.6478
140.660775
140.893825
140.900025
141.254175
141.260575
141.652575
141.656075
142.34785
142.3527
142.364125
142.367375
142.371475
142.37555
142.3854
143.1056
143.1305
143.135825
143.139275
143.1499
143.153375
143.1634
143.381225
143.385475
143.391275
143.717675
144.00395
144.017975
144.62795
144.631725
145.147725
145.15265
145.156875
145.9915
145.9965
146.000375
146.39095
146.752925
146.755725
146.7602
146.7689
146.774125
146.785525
147.2526
147.261
147.270275
147.2767
147.9458
148.03
148.3254
148.329725
148.35185
149.02345
149.026525
150.15855
150.1986
150.209075
150.27865
150.314825
150.33105
150.336925
150.342225
150.795025
150.7985
150.804425
150.808375
150.8131
150.8247
152.8418
153.56425
155.2143
155.218625
155.221325
155.224775
155.229775
155.240925
155.4595
155.522025
155.525375
155.5284
155.53345
155.539825
155.83385
156.098275
156.4051
156.41715
157.11795
157.120525
157.1229
157.128725
157.14215
157.16005
157.164
157.168425
157.1791
157.395425
157.39805
157.40275
157.410725
157.41825
157.427875
158.31295
158.324525
158.3345
158.337875
158.36295
158.986825
158.989775
158.99295
159.827475
159.83375
161.1926
161.19795
161.20375
162.10085
162.104025
162.22205
162.232875
162.2357
162.241325
162.75935
162.764125
163.95575
165.804275
165.81365
165.817175
165.8213
165.843825
167.1968
167.2039
167.2353
167.71845
168.98655
169.5309
169.5352
169.538425
169.549025
169.80005
169.8036
169.81175
169.831025
170.221875
170.225525
170.2388
170.274425
170.304275
170.378725
170.39075
170.39555
170.658825
170.66375
170.6667
170.670375
170.67505
170.68225
170.85145
170.86365
170.871
171.609825
171.7308
171.7362
171.746075
172.008725
172.0253
172.122
172.138275
172.15165
172.471575
172.475125
172.489125
172.977
173.7836
173.794075
173.796925
173.809625
176.0453
176.048675
176.595275
176.98075
176.98455
176.994725
177.000225
177.58345
177.596175
177.599225
177.605025
177.61975
177.8661
177.878775
177.999075
178.172525
178.17645
178.17935
178.18345
178.189925
178.1953
178.931725
178.938775
178.94595
178.950225
179.03965
179.0449
179.050675
179.132525
180.747425
180.754575
180.760225
180.762925
180.768725
180.7803
180.79305
181.075925
181.089525
181.269525
181.273
181.28065
181.2856
181.297025
181.31575
181.3279
181.333575
182.555275
182.5585
182.56125
182.5671
182.5732
182.582175
182.931625
182.960625
183.792725
184.77325
184.77805
184.781925
184.79045
184.80885
185.2065
185.209625
185.2149
185.219375
185.224175
186.113525
186.117025
186.121325
186.9198
187.21335
187.216475
187.22
187.222425
187.23535
187.24605
187.260875
188.02945
188.0378
188.7402
189.658125
189.6613
189.66505
190.105675
190.110775
190.115225
190.1419
191.406025
191.409475
191.418275
191.421775
191.565425
191.578825
191.590075
191.96755
191.9701
191.973825
191.977775
191.98625
191.9923
191.997925
192.006775
192.890075
193.15155
193.38615
193.4009
193.4088
193.47135
193.609725
193.615175
193.63095
193.81795
193.82895
193.8386
193.9231
194.155725
194.173575
194.4828
194.48575
194.48945
195.114825
195.117575
195.121
195.127825
195.27895
195.2819
195.28825
195.29085
195.2973
195.30245
195.682325
195.686575
195.69585
195.7006
195.872725
195.8784
196.1028
196.10705
196.109225
196.111625
196.120875
196.4973
196.500275
196.5031
196.51065
196.52955
196.80505
196.809325
197.220525
197.226825
197.760325
197.775375
197.7843
197.993325
198.002125
198.00525
198.011525
198.015575
198.02425
198.85775
198.86045
198.863125
198.8671
198.870175
198.87965
198.88275
198.8923
198.900875
199.020975
199.024625
199.70485
200.0943
200.097275
200.10045
200.109525
200.507375
200.8159
200.9844
200.987675
200.992475
201.00055
201.37055
201.37345
201.376775
201.385975
201.40305
201.69955
202.15015
202.626025
202.66845
202.6735
202.68015
202.68515
202.6898
202.7019
203.014325
203.649175
203.90265
203.907275
203.909425
204.0015
204.0046
204.01535
204.018875
204.031775
204.684175
205.02655
205.029875
205.03405
205.0384
205.04295
205.051025
205.562025
205.930825
206.196725
206.26275
206.270425
206.274125
206.2821
206.532
206.53595
206.5413
206.5455
206.551125
206.567125
