0.63725
0.642
1.0266
1.4067
1.410075
1.41715
1.4864
1.490575
1.496175
1.514575
2.189125
2.534
2.5371
2.5409
3.215475
3.218875
3.962625
3.97875
4.382075
4.81895
4.822575
5.079825
5.388
5.390925
5.3956
5.420675
5.876875
6.0356
6.0593
6.3626
6.3655
6.3685
6.3729
6.6145
7.54235
7.544875
7.546925
7.54965
7.553175
7.578125
7.853875
7.8564
7.8589
7.8621
8.137075
8.1814
8.6371
8.641025
8.889425
8.893275
9.62555
10.055875
10.0584
10.061275
10.064775
10.073225
10.31965
10.49595
11.275375
11.282375
11.30135
11.606825
11.609675
11.909075
11.912125
11.91575
12.0974
12.594775
12.690325
12.7036
13.05635
13.8527
13.861
13.887825
13.900425
13.9123
14.21585
14.740125
15.7181
16.1769
16.493125
17.81645
17.819575
17.91535
18.10925
18.416975
18.68325
18.686075
18.688925
18.6946
18.698175
18.7041
19.554025
19.558025
20.15645
21.25645
21.48085
21.48405
21.68825
21.692475
21.695975
21.698925
21.7055
21.93315
21.945125
22.265075
22.267875
22.27115
22.571525
22.575625
22.584425
22.625925
22.6333
22.8175
23.2681
23.280475
23.528275
23.5316
24.323025
24.624125
24.92225
24.9258
25.05755
25.096525
25.46645
25.477275
25.722875
25.95625
25.960875
26.27935
26.9382
26.941475
26.94625
26.950525
26.9582
27.114025
27.81405
27.818075
28.64515
28.648675
28.771975
29.07775
29.081525
29.108075
29.1154
29.91115
29.9138
29.916475
29.92095
30.274325
30.60615
30.609725
30.6125
30.61935
30.9758
30.978975
31.071725
31.47855
31.481375
31.9617
31.96455
31.97235
32.1701
32.17665
32.232475
32.610475
33.104
33.1069
33.1122
33.528525
33.8126
33.81585
33.82655
33.894875
33.9016
33.91085
34.007325
34.287475
34.51445
34.517675
34.52075
35.573625
35.576675
35.584175
35.623825
35.6298
35.69255
35.702025
35.875775
35.880825
35.892975
36.092775
36.8677
36.87025
36.87305
37.662325
37.66565
38.18725
38.1901
38.196475
38.35055
38.362575
38.716075
39.2829
39.6525
39.656425
39.878975
39.88235
39.88705
39.890775
40.001575
40.0064
40.014225
40.254475
40.257225
40.2602
40.26315
40.28155
40.9055
40.93325
40.93615
40.939325
41.434375
41.4442
42.160875
42.6675
42.9736
43.375925
43.3792
44.23075
44.234325
44.236725
44.241675
45.87255
46.138625
47.132875
47.1645
47.268275
48.002625
48.006675
48.31355
48.319675
48.332925
48.647175
49.186325
49.190825
49.374675
49.83985
49.842925
49.84595
49.8489
49.866225
49.922175
49.931025
49.94735
50.0111
50.017675
50.335875
50.3386
50.3417
50.539725
51.112275
51.117525
51.423775
51.429625
52.006825
52.010275
52.3317
52.336375
52.800125
52.8035
53.453875
53.461325
53.46475
54.5613
55.391225
55.72705
56.803925
56.80685
56.8099
57.453625
57.45655
57.4867
57.494
58.27755
58.315425
58.3214
58.327875
58.773725
58.775175
58.77795
58.876375
60.0191
61.41705
62.278275
62.281275
62.284275
62.531275
62.535325
62.719375
62.72285
62.730275
63.250975
63.253675
63.256175
63.259675
63.4207
63.42795
63.670125
63.89295
63.902425
64.9767
64.980075
65.1233
65.1286
65.190225
65.5626
65.56545
65.8765
66.400425
66.411775
66.7541
67.228175
67.231375
67.62935
67.6323
67.6354
67.638425
68.286425
68.294425
68.326825
68.332275
68.6106
68.6252
68.62965
68.63225
68.637075
68.640125
68.6448
69.089075
69.0919
69.0951
69.120575
69.123975
69.879975
69.8836
70.26195
70.57905
70.840175
70.8483
71.0862
71.269575
71.306775
71.821425
71.824475
71.828325
71.8743
71.878425
71.8843
72.127125
72.13195
72.1904
72.560925
72.563725
72.5698
72.575675
72.841975
73.070225
74.826775
74.833625
75.185125
75.44075
76.273425
76.28135
76.558
77.035225
77.092075
77.099625
77.3923
77.811825
77.841225
78.888275
78.89205
79.551875
79.564075
79.601275
79.607425
79.613925
79.96205
80.57205
80.575175
81.478275
81.482625
81.49565
81.650875
81.655375
81.65945
81.66405
82.31675
82.3227
82.5185
82.759275
83.183475
83.191125
83.423125
83.42695
83.943375
83.946425
84.09125
84.27145
84.782225
84.785625
84.87105
85.319075
85.3225
85.6341
85.690775
85.700875
85.7381
85.743075
85.746625
85.75245
85.762175
86.06625
86.069175
86.07245
86.510375
86.513875
86.52095
86.5364
86.617075
87.10015
87.391725
87.395675
87.684875
87.844975
87.8577
88.138625
88.150225
88.163075
88.296375
88.30165
88.729975
88.7328
88.7357
89.0819
89.085575
89.59095
89.5945
89.659325
89.6667
90.00525
90.233625
90.244075
90.371425
90.43225
90.8318
90.834125
90.83705
90.840175
90.86495
90.868825
90.872175
90.876875
91.16935
91.172475
91.727075
92.383025
92.386425
92.388675
92.39285
92.8894
92.892275
92.89525
92.994775
92.99875
93.0041
93.008075
93.68945
93.69295
94.199875
94.2038
94.95105
96.012025
96.3634
96.3689
97.078125
97.081525
97.8284
97.83675
97.845575
97.92755
97.940475
98.354325
98.358625
98.3628
98.67385
98.676375
98.67915
98.69505
99.266125
99.73635
99.739875
99.851625
100.799425
100.808775
100.812425
101.44935
101.720825
102.41655
102.4205
102.64845
103.241675
103.32575
103.8786
104.027975
104.032325
104.03885
104.05025
104.333725
104.554225
104.56195
104.878975
105.21785
105.375375
105.40155
105.57725
105.58075
105.5963
105.65695
105.9675
106.35615
106.3861
106.776725
106.99245
107.0923
107.346325
107.349225
107.352375
107.6271
107.89635
107.90065
107.90465
108.167625
108.17915
108.906875
108.90955
108.91245
109.06465
109.104975
109.556625
109.5603
109.7969
110.5586
110.5625
111.36425
111.368025
111.4716
111.477725
111.480875
112.075025
112.217425
112.221475
112.223775
112.2315
112.241475
112.6413
112.64435
112.95435
112.959675
113.648325
113.93235
114.1586
114.161975
114.1682
114.266175
114.585375
114.588575
114.59285
115.02265
115.13315
115.13715
115.146
115.154725
115.7901
115.7925
115.794925
115.79715
115.80335
115.814275
115.832775
116.155125
116.158025
117.37875
117.382075
117.9244
117.926825
117.9299
117.934825
118.71485
118.718525
120.166775
120.323425
120.637875
120.64135
120.644625
120.658025
121.362025
121.36565
121.387475
122.12745
122.1331
122.598925
122.6026
122.747125
122.763475
123.2284
123.23145
123.236725
123.243525
123.25085
123.272025
123.285475
123.562275
123.565575
123.56945
123.57395
123.595025
123.598825
123.99955
124.19685
124.20685
124.400175
124.63965
124.6472
124.666825
124.975125
124.979025
125.408625
125.43635
125.44425
125.46495
125.521525
125.99745
125.9997
126.002025
126.00515
126.00865
126.798075
127.270675
127.274325
127.283975
127.4662
128.0124
128.0153
128.121525
128.126425
128.1423
129.20685
129.627325
129.6309
129.803275
130.45525
130.4579
130.46065
130.463175
130.467375
130.47475
130.495725
130.657825
130.952025
130.9557
130.967975
131.021075
131.808675
131.813475
131.8176
131.824125
131.8414
132.02485
132.4288
132.432825
133.05585
133.69255
133.700675
133.74305
134.275
134.2779
134.28095
134.67935
134.684675
135.05115
135.054575
135.334
136.211
136.217525
136.3146
136.3206
136.323675
136.33475
136.59645
136.602925
136.60765
136.612775
136.616825
137.198275
137.201425
137.2042
137.4487
137.45655
137.466875
137.58915
137.603275
138.240225
138.2467
138.371075
138.81125
138.81395
138.816725
138.820425
139.2707
139.485725
139.808675
139.8403
139.8499
139.868275
140.1785
140.1812
140.183875
140.192875
140.2759
140.614225
140.6326
140.635525
140.638725
140.64445
140.662625
140.667275
140.8831
140.885975
140.88985
141.37945
141.38205
141.388025
141.3919
141.9368
141.939175
141.94165
141.944525
141.94765
142.473025
142.758975
142.7626
142.766175
142.774575
143.155025
143.39125
143.4439
143.850425
144.6905
144.6938
144.69805
144.78155
144.7894
145.1468
145.149825
145.15335
145.159675
145.579675
145.582675
145.58505
145.5881
145.592025
145.59565
145.731425
145.740625
146.1775
146.229775
146.232975
146.235775
146.23955
146.242175
146.2576
146.38465
146.3933
146.48235
146.711475
146.71535
146.7641
146.8627
146.875275
147.19405
147.197175
147.747825
147.752075
147.760325
148.16325
148.168775
148.458975
148.461675
148.5031
148.511
148.52625
149.186575
149.189625
149.19365
149.8156
150.15855
150.170125
150.17955
150.221
150.259625
150.278575
150.8598
150.862975
150.97325
150.980525
151.28705
151.29095
151.2958
151.305725
151.452625
152.065
152.068475
152.6703
152.6735
152.803
152.8065
152.812925
152.8185
153.004075
153.008975
153.0236
153.082725
153.102575
153.10475
153.12985
153.2095
153.89385
154.12195
154.4466
154.44985
154.656275
155.11035
155.113775
156.01355
156.017125
156.0202
156.371075
156.5187
156.522575
156.5332
156.627425
157.011875
157.016075
157.02555
157.33035
157.543475
157.550525
157.743175
157.7473
157.7584
157.9541
157.9574
157.971075
158.225625
158.229175
158.296725
158.300825
158.6097
158.61295
158.6161
158.991275
158.99445
159.12015
159.45645
159.4592
159.500875
159.784225
160.7466
160.7499
161.712925
162.80075
162.88195
162.88745
163.282375
163.4105
163.414
163.4177
163.4241
163.439425
163.56195
164.1105
164.113725
164.21385
164.230825
164.469625
165.34425
165.36825
165.378425
165.39115
165.4224
165.427525
165.6775
165.87855
165.899125
165.94125
165.94795
166.489425
166.4921
167.0072
167.012125
167.01685
167.03665
167.266375
167.716325
168.52745
168.531475
168.534225
168.548125
168.593075
168.59895
168.913675
169.29015
170.52195
170.525025
170.52925
170.535475
170.551175
170.753925
170.941425
171.261175
171.264775
171.46465
172.247725
172.32675
172.33275
172.34385
172.570975
172.574025
172.584625
173.5625
173.56645
173.5716
173.58185
173.584825
173.58855
174.667225
174.947025
174.9504
175.48945
175.4922
175.49525
175.499
176.372425
176.54835
176.5619
176.939475
176.948125
177.04305
177.734125
177.7368
177.739625
177.973525
178.05525
178.0637
178.0725
178.421725
178.42505
178.828875
178.937275
179.03955
179.35575
179.358775
179.6033
179.978175
179.9824
180.202875
180.297875
180.30255
180.308925
180.31665
180.69235
180.696075
181.430125
181.433225
181.43675
181.4397
181.44205
181.449875
181.98635
181.989625
182.017925
182.3688
182.567125
182.7784
183.164175
183.167925
183.17095
183.178525
183.2043
183.966175
183.96895
183.97175
183.97535
184.689375
185.0648
185.367575
185.378325
185.38805
185.542
186.232025
186.2354
186.238825
186.6333
186.6359
186.6385
186.64145
186.6555
187.167825
187.346225
187.353525
187.3588
187.7967
187.799725
187.80615
187.920825
187.9336
188.988975
188.99185
188.994925
189.3179
189.760425
189.76345
190.5067
190.5135
190.856875
190.860375
191.35145
191.354925
191.404675
191.5148
191.519725
191.525425
191.53645
191.87545
191.88125
192.17595
192.18655
192.8288
192.926175
192.930625
192.935275
192.9449
193.0061
193.210425
193.3015
193.316525
193.32935
193.555775
193.79455
193.79765
193.80145
194.06125
194.311725
194.315325
194.4908
194.6068
194.88315
195.097175
195.102775
195.105875
195.111225
195.6164
195.62075
195.79035
195.925025
195.9306
196.275075
196.281325
197.490925
197.753425
198.27175
198.370275
198.373875
198.39295
198.7105
198.71605
198.832125
198.835275
198.850225
198.857725
199.0697
199.076075
199.6022
199.81065
199.8133
199.816
199.819575
199.835225
200.1564
200.159475
200.61435
200.617225
200.620225
200.626675
200.918825
200.92295
201.476425
201.47905
201.484675
201.4881
201.49925
201.69715
201.701425
202.185025
204.29365
204.66815
204.674625
205.5366
205.539425
205.54175
205.54445
205.70045
205.7068
205.8223
205.936325
206.791075
206.795725
206.801125
206.8064
206.820275
