0.298775
0.68985
0.809825
1.21985
1.4969
2.64235
3.356925
4.64445
5.1562
5.20635
5.2454
5.42675
5.580025
5.9328
6.0507
6.139775
6.741225
6.860675
7.488225
7.5572
8.1433
8.484525
8.531875
9.648025
9.958575
10.596
11.025525
11.3175
11.51755
12.128425
12.588325
12.691325
13.59865
13.9388
14.10265
14.130675
14.394425
14.80365
15.416725
16.462925
17.337675
18.0871
18.5911
18.7612
19.28665
19.456425
19.807
20.166875
20.5848
21.293225
21.4241
21.709725
21.76615
22.351175
22.739975
22.88345
23.47665
23.65615
23.762975
24.2592
24.338075
25.2405
25.6989
26.370425
26.5037
26.529075
26.987375
27.177325
27.2915
27.7009
29.351025
29.480425
29.4985
29.884625
29.964075
30.408325
31.05465
31.38785
31.60145
32.10575
32.258575
32.661425
33.604775
33.841125
34.11315
34.432925
34.467275
35.2204
35.40255
35.5072
36.13745
36.23545
36.7797
37.233925
37.500825
37.610125
38.014975
38.258825
38.846625
38.882025
38.92855
39.059525
39.1319
39.595925
39.64325
39.67295
39.7781
40.007675
40.39535
40.64745
40.9629
41.452425
41.72035
42.11295
42.426825
42.733275
42.857575
42.970325
43.12075
43.7253
44.401
44.8911
45.544325
45.598425
45.657525
46.3491
46.682575
47.1665
47.236375
47.32885
47.3909
47.609675
48.0856
48.2877
48.86485
49.173075
49.44155
49.8132
49.839025
50.190575
50.63345
51.8506
52.2058
52.588875
52.6344
53.1254
53.415025
53.6257
53.8548
53.92535
54.7097
55.07495
55.286275
56.320725
56.79145
56.860625
56.942525
57.4175
57.505375
58.05325
58.293025
58.6396
59.0002
59.795575
59.937825
60.444575
60.530425
61.01675
61.12085
61.167575
61.571625
61.612025
61.768175
62.0095
62.501775
62.51845
63.3591
63.448625
63.95135
64.105275
64.271425
64.32175
64.866575
65.039425
66.160575
66.203125
66.833
67.008225
67.115675
67.8774
68.1553
68.29255
68.764075
68.970125
70.080175
70.2362
70.49465
70.6242
70.637775
70.760575
70.861225
71.5702
71.57785
71.783075
72.2867
72.330875
72.37765
72.438875
72.890875
73.581925
74.65255
74.658475
74.888275
75.336675
75.3415
76.386225
76.523475
76.969175
77.01425
77.087225
77.202275
77.27685
77.689125
77.967325
78.420625
78.915525
79.0682
79.2872
79.363125
79.43435
79.47885
79.88845
80.045275
80.69015
81.112575
82.0918
82.8337
83.03705
83.552325
83.91775
85.226725
85.86715
86.344375
86.659075
86.8037
87.409775
87.5646
87.787925
88.15595
88.507775
89.262075
89.4428
89.489625
89.642375
89.701
89.737875
90.503075
90.698175
91.103375
91.705575
92.563625
92.9502
93.659375
94.297425
94.305275
94.429575
94.475275
94.75535
94.848675
95.2668
95.418075
95.499825
95.5331
95.5638
95.6073
96.10035
96.2749
96.357575
96.44825
96.50135
96.915225
97.306975
98.035075
98.22905
98.600725
99.461975
99.674775
99.870575
99.92345
100.09275
100.554075
100.633175
100.705125
101.05405
101.4979
102.5246
102.777675
103.206475
103.31205
103.607175
103.7425
104.17555
104.194475
104.363875
104.429675
104.508025
104.8668
105.084275
105.57335
105.649025
105.826025
106.32215
106.382875
106.447325
106.50005
106.543
106.729775
107.266775
107.8319
108.02225
108.553325
109.012725
109.122
109.2227
109.79545
110.056975
110.18735
111.518475
111.843975
112.64825
112.826725
112.969125
113.083525
113.159875
113.675925
113.69115
113.875725
114.020775
114.887875
115.2476
115.50505
115.81765
116.3551
116.52565
116.917025
117.19275
118.39655
118.66885
118.747
118.791425
118.8408
119.22335
119.451425
119.887875
119.975225
120.433
121.052875
121.711575
121.882125
121.93095
122.048125
122.545575
122.790225
122.8866
123.27825
123.3477
123.401375
123.5777
123.64145
124.2888
124.966225
125.504
125.594775
125.6368
125.7221
125.761775
126.2381
128.692275
128.97135
129.343575
129.7241
129.887025
130.3969
130.4187
130.610125
130.799825
130.9257
131.33975
131.68505
131.974725
132.0676
132.3966
132.879925
133.48655
133.566775
134.25355
134.4614
134.95695
134.9765
135.575675
135.656875
136.11355
136.713175
136.93255
137.002525
137.388
137.47845
138.156375
138.811625
138.8732
138.980975
139.3936
139.541625
139.593575
139.70575
139.846125
140.4525
140.512425
140.71975
140.768825
140.869925
141.5085
141.5189
142.38265
142.8112
143.519525
143.6952
143.87265
143.96805
144.270675
144.6973
144.711425
145.00665
145.33
145.696525
145.773525
146.245975
147.58155
147.728325
148.16175
148.495275
148.549625
149.635825
149.84095
149.97585
150.316675
150.388775
150.819975
151.01375
151.210175
151.255425
151.906475
152.179575
152.62725
153.750325
154.1124
154.583275
154.66325
154.7543
155.385575
155.416825
155.6748
156.059875
156.283925
156.5872
156.850275
156.92125
157.16225
157.303575
157.42675
157.591825
158.300125
158.675675
158.9249
160.42255
160.92975
161.33765
161.7397
162.03245
162.45245
162.704475
163.194875
163.284925
164.128025
164.58125
165.07905
165.816125
166.39455
167.089525
167.096025
167.31015
167.45585
168.712475
169.188175
169.715525
169.861925
170.3755
170.634175
170.860875
171.229475
171.550125
171.969825
172.05895
172.630575
172.855275
173.255675
173.358075
173.57905
173.603625
173.703375
173.86235
174.443375
175.039525
175.5941
175.68275
175.90165
175.97835
176.189675
176.237675
176.5339
176.944875
177.8403
178.2873
178.91905
179.00375
179.5041
180.1443
180.17845
180.328975
182.23755
182.335425
182.744975
183.066525
183.1277
183.71665
184.04195
184.157125
184.451075
184.66955
184.745825
184.817975
184.93565
185.135125
185.1545
186.539275
187.230975
187.62095
188.14695
188.63325
188.9643
189.042325
189.277625
189.40535
189.4126
189.434725
189.796025
190.76705
191.218825
191.41415
192.549725
193.194925
193.890075
195.897725
195.9456
196.424675
196.609725
196.65965
197.0282
197.926225
198.2131
198.8701
199.089175
199.23765
199.96395
200.8567
201.35385
202.232875
202.763675
202.809825
203.09955
203.122125
204.151525
204.485675
204.606075
205.045025
205.56105
206.1003
206.548125
206.982075
