332.033325
332.057425
332.08225
332.1112
332.142625
332.16275
332.168575
332.17615
332.188875
332.195125
332.199425
332.20745
332.214875
332.22425
332.229725
332.2369
332.24105
332.246625
332.26005
332.275925
332.290575
332.297725
332.304325
332.31235
332.327925
332.344425
332.391525
332.42015
332.44445
332.471675
332.4935
332.51585
332.549225
332.570925
332.5807
332.590075
332.59805
332.6035
332.61555
332.6274
332.6445
332.66825
332.69555
332.727375
332.758675
332.790925
332.8165
332.847975
332.880375
332.8968
332.910025
332.920875
332.934225
332.94345
332.9575
332.963675
332.9718
332.98175
332.985575
333.001125
333.015425
333.0676
333.097375
333.1298
333.1575
333.194525
333.22235
333.2572
333.28405
333.31045
333.345825
333.359975
333.3679
333.37495
333.38425
333.394975
333.418675
333.433175
333.442025
333.465375
333.491925
333.493875
333.514525
333.54095
333.564225
333.592675
333.628825
333.662725
333.698775
333.728875
333.764425
333.794275
333.815525
333.833025
333.843375
333.85825
333.8697
333.88515
333.893
333.90275
333.9132
333.949625
333.958875
333.98025
334.012475
334.068025
334.103625
334.1117
334.13675
334.1631
334.204325
334.23435
334.2635
334.3005
334.346225
334.38625
334.4159
334.419225
334.42275
334.442475
334.4547
334.463125
334.471325
334.4758
334.48235
334.489725
334.494175
334.510775
334.521625
334.5325
334.543625
334.5656
334.587775
334.6146
334.6465
334.678875
334.715025
334.7474
334.772275
334.810275
334.84
334.870775
334.893925
334.919525
334.941425
334.96495
334.9817
334.992575
334.9967
335.004225
335.007675
335.017525
335.0218
335.026425
335.030475
335.03885
335.0427
335.0464
335.062675
335.0871
335.1022
335.121275
335.151025
335.1833
335.22115
335.259875
335.2853
335.313875
335.334925
335.35095
335.377025
335.411775
335.439325
335.472275
335.5208
335.5551
335.57945
335.590375
335.59445
335.6088
335.615625
335.631375
335.652625
335.678375
335.70525
335.73295
335.766875
335.805325
335.832775
335.84945
335.890725
335.915675
335.938375
335.948125
335.954325
335.96225
335.971
335.9743
335.9828
335.987025
335.9929
336.007975
336.022375
336.043075
336.062625
336.091475
336.115425
336.144325
336.164925
336.19305
336.22355
336.279775
336.314
336.337675
336.35295
336.36625
336.384075
336.387475
336.403425
336.4343
336.46435
336.500575
336.529675
336.55715
336.565525
336.60365
336.63385
336.6546
336.701625
336.73165
336.766475
336.80365
336.818675
336.8298
336.8368
336.842075
336.849575
336.854025
336.866325
336.8742
336.88425
336.89035
336.902525
336.913325
336.926825
336.94535
336.978875
337.00195
337.006825
337.015525
337.026
337.03375
337.042925
337.049925
337.061875
337.0701
337.081675
337.101425
337.124125
337.1668
337.18635
337.212125
337.245
337.283575
337.3054
337.34275
337.364725
337.39115
337.424025
337.450625
337.48545
337.50815
337.5162
337.54035
337.5695
337.57695
337.6184
337.6505
337.6669
337.6712
337.67795
337.6813
337.6883
337.693025
337.69735
337.703575
337.709575
337.7152
337.7201
337.7254
337.743525
337.752525
337.767925
337.778725
337.79235
337.8298
337.863125
337.89285
337.9208
337.961125
338.003825
338.031275
338.05255
338.0651
338.0968
338.113225
338.122625
338.13455
338.154425
338.163475
338.187825
338.213975
338.228875
338.2575
338.286325
338.316675
338.3458
338.3822
338.408875
338.43915
338.474475
338.536025
338.5733
338.59695
338.62985
338.650575
338.689575
338.725
338.74095
338.74895
338.7586
338.765725
338.7736
338.783725
338.8107
338.8427
338.8683
338.9188
338.9527
338.9751
338.998975
339.0138
339.032675
339.051425
339.058075
339.062075
339.070425
339.079125
339.08605
339.09425
339.099875
339.11545
339.149775
339.181925
339.2305
339.265175
339.296375
339.324575
339.3504
339.388225
339.431325
339.48405
339.525575
339.544375
339.592375
339.613425
339.657675
339.67055
339.677275
339.68365
339.68815
339.6954
339.700925
339.706225
339.71085
339.71715
339.721275
339.742675
339.75365
339.797425
339.812575
339.849525
339.878325
339.91025
339.931775
339.94775
339.963375
339.970925
339.9823
339.98655
339.989025
339.992175
340.00295
340.00655
340.025
340.03475
340.039775
340.061275
340.074925
340.0936
340.121425
340.144725
340.17565
340.1794
340.204025
340.2362
340.26515
340.294775
340.3565
340.392225
340.431975
340.459575
340.480825
340.495575
340.503725
340.512425
340.526325
340.533975
340.573175
340.594
340.614325
340.63775
340.657525
340.683625
340.71805
340.744825
340.784525
340.8173
340.851675
340.88045
340.907675
340.922525
340.927825
340.937975
340.941225
340.94445
340.948425
340.95015
340.95215
340.9541
340.957925
340.964625
340.967
340.971225
340.975825
340.97725
340.987825
341.012675
341.04405
341.0736
341.102175
341.141775
341.165625
341.193775
341.205025
341.214775
341.2191
341.223275
341.231
341.234425
341.237075
341.243825
341.254125
341.25745
341.262175
341.26515
341.268125
341.2747
341.2835
341.288275
341.291875
341.299575
341.322375
341.3381
341.356425
341.383775
341.413
341.4319
341.46315
341.486925
341.494225
341.534175
341.5586
341.601125
341.61155
341.617275
341.62825
341.640225
341.6488
341.650175
341.669925
341.6854
341.6944
341.701825
341.709925
341.753625
341.764125
341.785975
341.81045
341.85335
341.87175
341.88545
341.9004
341.9107
341.922525
341.92995
341.939025
341.94795
341.954375
341.96345
341.9739
341.9762
341.978525
341.982925
341.99255
342.00605
342.027675
342.04765
342.06575
342.083475
342.10125
342.128425
342.153125
342.18445
342.2134
342.241625
342.26695
342.295725
342.3274
342.3578
342.359575
342.378775
342.4071
342.40875
342.4283
342.44195
342.457425
342.4677
342.48375
342.50885
342.5424
342.575175
342.60655
342.640775
342.66475
342.694425
342.72655
342.744025
342.7528
342.7797
342.8404
342.872575
342.89945
342.938275
342.96465
343.0041
343.0312
343.07305
343.111825
343.15365
343.194025
343.23925
343.273275
343.276025
343.3102
343.34625
343.3782
343.39705
343.408
343.41565
343.423675
343.431925
343.464725
343.484975
343.508725
343.542975
343.579775
343.623425
343.66385
343.69685
343.7289
343.771325
343.81025
343.82205
343.828875
343.834375
343.841525
343.8476
343.853475
343.859225
343.876875
343.888775
343.892075
343.9278
343.9996
344.04645
344.081025
344.116225
344.125375
344.153675
344.19145
344.235625
344.27655
344.29325
344.30875
344.32435
344.337975
344.3492
344.371975
344.416475
344.45595
344.4625
344.49515
344.535875
344.578
344.6342
344.675825
344.7128
344.73505
344.74705
344.757325
344.766075
344.77885
344.7842
344.795225
344.811675
344.86
344.8896
344.925075
344.95445
345.021675
345.068575
345.0926
345.1035
345.116725
345.122025
345.1276
345.133775
345.147925
345.164375
345.175175
345.186425
345.21575
345.2578
345.314725
345.388225
345.42715
345.509325
345.574125
345.6011
345.6083
345.616775
345.6276
345.635475
345.643625
345.6786
345.720275
345.7798
345.814225
345.857775
345.901725
345.944925
346.002775
346.056625
346.10255
346.155675
346.166875
346.1831
346.1901
346.201975
346.222575
346.2403
346.26585
346.316
346.3843
346.417475
346.456975
346.514575
346.6053
346.62745
346.640575
346.645425
346.6506
346.654575
346.661575
346.668025
346.67135
346.676475
346.681875
346.68505
346.69225
346.69945
346.706075
346.71725
346.721475
346.733025
346.7424
346.764625
346.8298
346.846
346.9043
346.9362
346.9896
347.04095
347.114075
347.171425
347.2141
347.267975
347.327525
347.40205
347.467025
347.55165
347.592475
347.59865
347.602775
347.6056
347.6099
347.61625
347.619475
347.62535
347.6379
347.646825
347.65465
347.659725
347.6641
347.6683
347.6785
347.69745
347.728225
347.78505
347.859325
347.9074
348.007775
348.0162
348.017375
348.0221
348.025575
348.028775
348.03195
348.0374
348.0432
348.04955
348.05535
348.0618
348.097
348.123525
348.15955
348.1973
348.22725
348.27635
348.287975
348.2994
348.313925
348.318325
348.319475
348.3263
348.33135
348.339125
348.34615
348.35325
348.361525
348.37175
348.383025
348.3926
348.3992
348.408975
348.42865
348.447675
348.4629
348.48065
348.491475
348.5219
348.5433
348.55645
348.564475
348.5757
348.5925
348.62315
348.661275
348.709975
348.7521
348.798875
348.85965
348.9076
348.94065
348.9642
349.00735
349.025525
349.0376
349.0616
349.064025
349.110375
349.18665
349.19575
349.274125
349.32725
349.35945
349.384675
349.45275
349.511475
349.5971
349.6115
349.61935
349.62765
349.63515
349.641
349.6478
349.658625
349.6623
349.667575
349.674075
349.6814
349.689525
349.6983
349.722725
349.73905
349.765125
349.7721
349.82795
349.86365
349.913275
349.96985
350.021575
350.103925
350.1507
350.182925
350.201375
350.211575
350.224825
350.2367
350.243075
350.2509
350.257925
350.26495
350.27575
350.280025
350.295475
350.312675
350.34755
350.392925
350.43865
350.49635
350.533925
350.58405
350.633575
350.6769
350.6788
350.6862
350.69195
350.6971
350.70195
350.706925
350.715725
350.72745
350.7507
350.7718
350.81265
350.8675
350.909075
350.97305
351.019525
351.061425
351.09605
351.1599
351.172375
351.2121
351.2352
351.2496
351.25405
351.2668
351.27225
351.28295
351.2933
351.297825
351.30175
351.31085
351.3142
351.31915
351.333225
351.345625
351.368375
351.414025
351.448425
351.495825
351.553075
351.6003
351.6509
351.7043
351.7268
351.738975
351.746325
351.75485
351.76345
351.77145
351.78135
351.792225
351.821225
351.845025
351.87915
351.968125
352.034625
352.0822
352.1274
352.1459
352.174225
352.237825
352.30705
352.32895
352.334975
352.3448
352.35235
352.35785
352.3709
352.375625
352.379125
352.395975
352.40125
352.406475
352.42
352.423075
352.428825
352.4395
352.4512
352.459225
352.4727
352.5058
352.557175
352.60425
352.625325
352.6439
352.7313
352.7699
352.78405
352.81215
352.8442
352.8709
352.901525
352.932
352.963125
353.0019
353.05785
353.11785
353.1756
353.21275
353.267025
353.316175
353.341025
353.357725
353.3671
353.37595
353.3831
353.390075
353.397175
353.40175
353.408025
353.412875
353.420975
353.427375
353.436175
353.44095
353.450375
353.471075
353.4794
353.497275
353.516075
353.552925
353.601375
353.649225
353.6969
353.7466
353.80615
353.82005
353.82555
353.829175
353.8333
353.8407
353.8433
353.84545
353.848775
353.856575
353.86215
353.8683
353.87235
353.877325
353.915175
353.93395
354.003375
354.0461
354.09705
354.114975
354.151675
354.1744
354.18735
354.196
354.201025
354.2108
354.216125
354.22545
354.23625
354.24235
354.261925
354.278025
354.294325
354.342325
354.4807
354.66085
354.81875
354.88575
354.895675
354.9011
354.90985
354.91205
354.914025
354.915975
354.918075
354.920075
354.923975
354.9325
354.934225
354.93895
354.9415
354.944275
354.950825
354.958275
354.972525
354.995175
355.0216
355.1452
355.1644
355.17765
355.180875
355.18355
355.18715
355.1918
355.196275
355.198625
355.208725
355.214525
355.224725
355.232975
355.24375
355.26005
355.2696
355.299525
355.4813
355.937
355.946225
355.95385
355.966775
355.972125
355.977925
355.98445
355.994725
356.0103
356.3666
356.37025
356.37525
356.37885
356.3809
356.3871
356.39395
356.39935
356.40525
356.411325
356.415875
356.42705
356.434025
356.444425
356.463575
356.50265
356.6815
356.693875
356.70335
356.7148
356.723075
356.7271
356.733775
356.73775
356.742175
356.7487
356.75365
356.770775
356.7855
356.80005
356.809425
356.837875
356.844075
356.8735
356.897825
356.9109
356.93705
356.955975
356.973475
356.9959
357.00525
357.02065
357.0375
357.06295
357.0834
357.101725
357.117375
357.139775
357.163625
357.2673
357.372
357.64725
357.659025
357.673275
357.69
357.701325
357.710675
357.711825
357.717775
357.72455
357.778725
357.79235
358.08325
358.1302
358.1997
358.217075
358.2245
358.2555
358.7377
358.7534
358.769625
358.788375
358.829225
359.06135
359.25125
359.270975
359.283075
359.29155
359.3003
359.3135
359.3265
359.345125
359.578075
359.6759
359.682825
359.686125
359.6916
359.697225
359.702125
359.706075
359.710175
359.7137
359.7241
359.733875
359.74155
359.755025
359.768525
359.78305
359.801875
359.9071
360.00555
360.06425
360.15795
360.240625
360.2632
360.27045
360.277725
360.2858
360.288975
360.291875
360.30245
360.317725
360.324225
360.329925
360.33655
360.347375
360.3611
360.3719
360.4207
360.48065
360.58235
360.638325
360.707475
360.7889
360.83445
360.8483
360.86595
360.875475
360.884025
360.892075
360.898325
360.906275
360.91255
360.916125
360.92145
360.933875
360.941925
360.948525
360.9588
360.981925
360.996025
361.009975
361.013475
361.07075
361.1607
361.2416
361.3113
361.362425
361.4126
361.442175
361.446625
361.456725
361.460575
361.465
361.468675
361.472025
361.4795
361.484875
361.491875
361.50015
361.5079
361.508575
361.5136
361.5224
361.53605
361.553475
361.602875
361.7092
361.789275
361.87405
361.940875
361.970575
361.974975
361.977975
361.981475
361.9838
361.987425
361.98805
361.9932
361.9982
362.000975
362.017625
362.022575
362.0275
362.041725
362.05
362.05555
362.064125
362.0712
362.081025
362.096275
362.10735
362.1166
362.1307
362.15395
362.2076
362.219175
362.2392
362.268275
362.281325
362.290025
362.299525
362.30775
362.32055
362.330525
362.35105
362.3638
362.377375
362.401525
362.43965
362.4735
362.515675
362.63005
362.70475
362.78475
362.803675
362.82145
362.827675
362.834375
362.842975
362.84645
362.8633
362.86835
362.8729
362.8833
362.89565
362.9056
362.920275
362.936775
362.97035
363.0149
363.099575
363.16185
363.22075
363.2653
363.27375
363.281125
363.291625
363.298625
363.3052
363.3093
363.31305
363.31645
363.3194
363.323075
363.327425
363.330025
363.336675
363.341975
363.3496
363.35535
363.3734
363.381225
363.389475
363.39935
363.422525
363.467125
363.52745
363.593725
363.642475
363.708575
363.75085
363.83005
363.838475
363.846075
363.849675
363.852425
363.854925
363.857625
363.8609
363.863875
363.86705
363.87005
363.874825
363.879875
363.884525
363.891725
363.896325
363.9014
363.9085
363.9153
363.924825
363.935075
363.945425
363.98425
364.0428
364.06665
364.082775
364.153375
364.217625
364.2719
364.366025
364.400325
364.4093
364.4225
364.433075
364.442325
364.447375
364.453325
364.457175
364.46445
364.471575
364.4786
364.484475
364.489875
364.49525
364.50475
364.514975
364.5415
364.563125
364.5917
364.6729
364.73235
364.78385
364.853
364.8912
364.8972
364.90455
364.911975
364.91735
364.920525
364.9243
364.92695
364.92925
364.9315
364.936475
364.938975
364.961775
364.967775
364.97475
364.980675
364.9909
365.000975
365.014725
365.124025
365.2141
365.29
365.35035
365.392775
365.4535
365.463275
365.471875
365.4776
365.4874
365.489825
365.494125
365.49735
365.50125
365.516925
365.52865
365.535625
365.546925
365.550025
365.55845
365.584525
365.598125
365.622625
365.65205
365.711325
365.83575
365.899775
365.947975
365.983075
366.01635
366.0268
366.0339
366.039575
366.04525
366.0549
366.060075
366.063925
366.069825
366.0738
366.081375
366.094575
366.101175
366.109125
366.1154
366.120575
366.125825
366.129625
366.14725
366.1553
366.1773
366.2009
366.24615
366.29735
366.3458
366.441475
366.466325
366.470775
366.481225
366.485475
366.4928
366.4954
366.5008
366.507525
366.5132
366.52565
366.52875
366.5417
366.5472
366.5662
366.572075
366.592425
366.602225
366.61415
366.640125
366.673225
366.70105
366.727425
366.74355
366.77225
366.801875
366.832975
366.8674
366.942925
366.98305
367.04665
367.0922
367.16775
367.218
367.23575
367.2481
367.25715
367.2633
367.2722
367.275975
367.28135
367.286
367.29045
367.3023
367.308025
367.323525
367.336275
367.3473
367.35575
367.370275
367.459975
367.52205
367.623175
367.682675
367.71025
367.7307
367.733825
367.73935
367.743
367.746725
367.7513
367.754
367.75765
367.7602
367.76325
367.76865
367.77905
367.788475
367.792375
367.79645
367.805775
367.813375
367.825625
367.833725
367.84725
367.867125
367.909475
367.964075
368.008925
368.05025
368.111275
368.177225
368.2257
368.268725
368.3241
368.363625
368.38965
368.443775
368.49115
368.54385
368.6054
368.651175
368.686025
368.7452
368.8082
368.865775
368.906825
368.91675
368.924525
368.937125
368.94075
368.9435
368.9459
368.948125
368.9509
368.955925
368.95815
368.968625
368.9735
368.97755
368.9831
368.9895
368.9939
369.00175
369.0059
369.015575
369.0438
369.07765
369.098325
369.151325
369.17045
369.206475
369.228325
369.253675
369.262175
369.276475
369.286825
369.294975
369.31415
369.3209
369.3315
369.351875
369.35725
369.377025
369.394625
369.4109
369.421875
369.470725
369.5083
369.63605
369.68115
369.7288
369.803825
369.847925
369.8797
369.8896
369.896825
369.904875
369.909725
369.91275
369.917475
369.92245
369.9268
369.9352
369.945
369.952775
369.958225
369.965
369.97335
369.9812
370.006025
370.0149
370.03595
370.095175
370.12855
370.165125
370.2117
370.263325
370.3146
370.361975
370.453025
370.5333
370.596225
370.610625
370.61915
370.625825
370.63125
370.634975
370.641775
370.647025
370.64935
370.6528
370.6553
370.65975
370.662
370.66425
370.66635
370.6686
370.67085
370.6782
370.68095
370.683575
370.6892
370.692875
370.69815
370.714525
370.715725
370.732375
370.740575
370.7503
370.762325
370.776175
370.833675
370.8639
370.8808
370.892925
370.894325
370.9103
370.91365
370.928125
370.9372
370.943925
370.959875
370.972725
370.99865
371.0099
371.02405
371.043275
371.065775
371.075775
371.082775
371.09635
371.12935
371.137125
371.15485
371.159075
371.163775
371.17645
371.1853
371.201775
371.224275
371.250625
371.27525
371.30635
371.347475
371.3678
371.420425
371.46105
371.496675
371.53825
371.5715
371.62565
371.6569
371.7156
371.751125
371.797175
371.830425
371.8786
371.9149
371.962125
372.004575
372.0481
372.068675
372.091375
372.130825
372.186375
372.2505
372.289875
372.338675
372.356575
372.373525
372.390825
372.41085
372.4539
372.508575
372.56005
372.600675
372.639225
372.684525
372.7122
372.75785
372.780675
372.81555
372.830675
372.84305
372.860575
372.86645
372.870975
372.877525
372.88695
372.8956
372.913025
372.9411
372.98715
373.030725
373.064175
373.112525
373.143825
373.22685
373.271825
373.287
373.306325
373.3117
373.320875
373.328225
373.33315
373.3398
373.346375
373.3541
373.380025
373.42215
373.462125
373.502775
373.559925
373.58605
373.643575
373.7021
373.7266
373.75175
373.789375
373.829075
373.8535
373.874425
373.881425
373.88965
373.9056
373.911625
373.92225
373.933925
373.9466
373.9652
373.996075
374.0215
374.058175
374.087625
374.1305
374.1716
374.22015
374.2537
374.283275
374.311625
374.356575
374.38565
374.4349
374.471025
374.508925
374.553625
374.594875
374.635875
374.669625
374.6851
374.698375
374.710675
374.71625
374.724425
374.731125
374.743475
374.75075
374.7578
374.766325
374.770275
374.779425
374.786875
374.7911
374.7935
374.804375
374.818675
374.83655
374.8675
374.9155
374.935125
374.97365
374.995075
375.03325
375.062475
375.101675
375.129875
375.148675
375.151525
375.167
375.18045
375.1966
375.20905
375.250575
375.29465
375.341225
375.373725
375.423625
375.465625
375.5101
375.544775
375.548625
375.55275
375.562
375.576075
375.58445
375.596625
375.60945
375.615275
375.62405
375.638075
375.653975
375.697775
375.7772
375.837625
375.882025
375.925625
375.993025
376.059925
376.1315
376.19785
376.20995
376.2219
376.23355
376.239875
376.2445
376.247375
376.251975
376.255225
376.26095
376.267875
376.276125
376.283675
376.289325
376.300325
376.3153
376.331675
376.390325
376.43845
376.491275
376.522325
376.559525
376.619225
376.647075
376.661575
376.69455
376.725925
376.789625
376.833125
376.8608
376.8929
376.903125
376.911575
376.91755
376.929925
376.933575
376.9374
376.943125
376.952625
376.959025
376.9666
376.9803
376.992775
377.017025
377.099475
377.13795
377.1811
377.19885
377.205475
377.20945
377.215625
377.2186
377.221775
377.2273
377.233375
377.239175
377.2414
377.2448
377.247025
377.249025
377.2513
377.2535
377.25665
377.26195
377.272825
377.2972
377.311075
377.322275
377.364
377.422425
377.452625
377.4864
377.51425
377.542175
377.548675
377.55645
377.565775
377.5799
377.6054
377.64235
377.701575
377.777675
377.844
377.910225
377.94245
378.003325
378.037875
378.09315
378.114
378.119725
378.127575
378.137625
378.14685
378.157125
378.171775
378.18645
378.209525
378.24445
378.2935
378.341875
378.400575
378.44145
378.4748
378.54555
378.557125
378.570575
378.571625
378.581
378.593325
378.601575
378.607325
378.6141
378.6182
378.6253
378.6285
378.63475
378.641325
378.648475
378.65365
378.659225
378.67095
378.68455
378.698975
378.710575
378.720775
378.746325
378.778425
378.806075
378.834175
378.851275
378.88065
378.915425
378.928675
378.93215
378.9408
378.9547
378.95895
378.9658
378.9725
378.977425
379.014
379.033675
379.036125
379.044825
379.06535
379.0902
379.11145
379.13345
379.192325
379.223675
379.2913
379.32665
379.355575
379.419075
379.45975
379.510875
379.557925
379.601025
379.612825
379.6873
379.732125
379.781825
379.81675
379.875125
380.033175
380.11215
380.209125
380.293
380.34055
380.38715
380.4607
380.5229
380.571275
380.6541
380.7021
380.758025
380.8236
380.8726
380.92705
380.9451
380.958
380.969125
380.975675
380.986775
380.998925
381.01165
381.029825
381.057875
381.086125
381.104125
381.113475
381.122175
381.13295
381.14555
381.170775
381.217375
381.261725
381.287675
381.33315
381.374175
381.43275
381.490425
381.545375
381.56455
381.576725
381.5847
381.593025
381.601225
381.609325
381.6154
381.633625
381.63915
381.651075
381.658525
381.66405
381.6767
381.69345
381.70465
381.725525
381.734925
381.803675
381.82055
381.858075
381.944775
381.98885
382.053225
382.095275
382.1299
382.194225
382.2268
382.2441
382.2473
382.2532
382.2577
382.26045
382.26335
382.267275
382.27
382.273
382.276075
382.279
382.285325
382.289275
382.30555
382.31105
382.326875
382.3357
382.34835
382.36345
382.3811
382.42225
382.45745
382.495325
382.521075
382.534425
382.538925
382.5437
382.546875
382.55415
382.562025
382.568375
382.59075
382.6022
382.614125
382.638425
382.68065
382.7039
382.74995
382.78255
382.825825
382.8365
382.84155
382.870125
382.877625
382.881025
382.88425
382.886925
382.889175
382.893875
382.896025
382.9004
382.905125
382.90735
382.911025
382.913825
382.91655
382.9263
382.9354
382.9435
382.9668
382.9808
383.003525
383.047125
383.093275
383.12555
383.15175
383.190075
383.21575
383.2761
383.3271
383.35605
383.36845
383.418975
383.436825
383.492325
383.532075
383.570275
383.616025
383.654125
383.6762
383.693625
383.7063
383.716225
383.7264
383.73565
383.741025
383.756825
383.761675
383.76715
383.775
383.7835
383.790675
383.799525
383.810275
383.825825
383.8341
383.852525
383.891
383.8992
383.9329
383.96975
383.999375
384.050825
384.092125
384.10975
384.1256
384.13105
384.136525
384.142525
384.1442
384.149125
384.156225
384.16215
384.16865
384.1778
384.184825
384.1973
384.2101
384.220775
384.2836
384.330975
384.3719
384.4099
384.4466
384.4967
384.52985
384.566875
384.624475
384.652925
384.6645
384.68015
384.68775
384.695475
384.701825
384.711925
384.72925
384.7364
384.74885
384.759075
384.769525
384.784225
384.8265
384.86305
384.91265
384.990525
385.0225
385.06975
385.1084
385.147
385.202625
385.24905
385.300425
385.329375
385.340625
385.368675
385.383725
385.3903
385.3991
385.4051
385.413775
385.41945
385.426925
385.4361
385.444575
385.451025
385.4627
385.47285
385.4919
385.50835
385.5151
385.548625
385.611625
385.640075
385.661525
385.699275
385.73155
385.758125
385.792475
385.835225
385.8737
385.90355
385.936625
385.958725
385.96515
385.96875
385.971225
385.97435
385.97665
385.9791
385.9819
385.98685
385.98925
385.991475
385.9944
385.996775
386.0109
386.01405
386.020375
386.025025
386.03095
386.03455
386.04075
386.0448
386.067025
386.073725
386.085575
386.09555
386.105825
386.13165
386.157875
386.177575
386.2136
386.24935
386.286925
386.326575
386.359925
386.4207
386.5001
386.52545
386.57145
386.610525
386.6368
386.66255
386.67875
386.688975
386.698475
386.7033
386.7116
386.72425
386.732425
386.742425
386.74855
386.755675
386.76485
386.7726
386.77865
386.788
386.799875
386.831975
386.847425
386.880725
386.92675
386.9687
387.022875
387.08825
387.13405
387.169525
387.21375
387.307475
387.331975
387.3398
387.352475
387.35725
387.361375
387.36595
387.3726
387.376525
387.3814
387.384875
387.387725
387.39435
387.415525
387.4213
387.42795
387.435675
387.4426
387.4525
387.45995
387.465675
387.482375
387.4917
387.5039
387.562925
387.5797
387.601325
387.62275
387.650475
387.654225
387.6644
387.671375
387.67515
387.684375
387.687575
387.6943
387.699525
387.70485
387.712275
387.71945
387.730625
387.734475
387.762075
387.767375
387.776025
387.7983
387.81225
387.8288
387.8458
387.865175
387.885175
387.8954
387.9012
387.9098
387.93165
387.9394
387.94815
387.950475
387.9594
387.970375
387.98025
387.994525
388.00315
388.0113
388.0318
388.063425
388.093275
388.114375
388.1474
388.18095
388.2064
388.235175
388.277225
388.320775
388.349275
388.37795
388.4073
388.450875
388.49105
388.529225
388.556075
388.57955
388.60855
388.642775
388.676825
388.717975
388.753725
388.82525
388.858025
388.9122
388.9445
388.9793
389.021875
389.06735
389.104025
389.1232
389.139
389.1729
389.202525
389.24175
389.27945
389.323625
389.3713
389.399175
389.4419
389.47875
389.523425
389.581675
389.60065
389.61235
389.62175
389.629875
389.635375
389.643925
389.65745
389.66405
389.683575
389.708125
389.757175
389.787475
389.821075
389.86495
389.900925
389.9452
389.97355
389.99765
390.0278
390.075725
390.110425
390.122025
390.131875
390.1398
390.14715
390.151475
390.161575
390.1683
390.1814
390.19165
390.19445
390.2342
390.272525
390.3049
390.34685
390.382
390.42505
390.459775
390.50365
390.538925
390.5859
390.619325
390.6601
390.685775
390.7056
390.712275
390.7225
390.72605
390.73155
390.735625
390.739425
390.7446
390.7598
390.770525
390.784525
390.801425
390.836225
390.879075
390.9219
390.960075
390.99105
391.0299
391.067675
391.091875
391.13885
391.165525
391.171475
391.22375
391.25185
391.28635
391.3
391.304525
391.31795
391.324
391.331675
391.337
391.34035
391.36275
391.373025
391.38255
391.39325
391.4071
391.416575
391.457925
391.48285
391.4896
391.4946
391.507725
391.519075
391.53365
391.548525
391.58255
391.605575
391.636925
391.66455
391.704225
391.7536
391.790575
391.811675
391.825625
391.850675
391.86565
391.87365
391.875125
391.891
391.9028
391.9085
391.915675
391.917675
391.9262
391.945475
391.953575
391.959
391.967875
391.977575
392.027525
392.06095
392.08255
392.093975
392.124375
392.162625
392.195125
392.228225
392.27445
392.3583
392.38485
392.417575
392.435425
392.443225
392.450625
392.456375
392.465225
392.473925
392.483475
392.49045
392.497375
392.508125
392.522425
392.5454
392.55895
392.57805
392.6232
392.668025
392.7152
392.749875
392.785325
392.825725
392.8503
392.871825
392.88475
392.893275
392.89885
392.902425
392.9069
392.9092
392.91235
392.915125
392.91975
392.922125
392.92425
392.926425
392.928475
392.929825
392.932425
392.936475
392.944675
392.9502
392.958375
392.9771
392.9974
393.030725
393.0525
393.079225
393.1113
393.143475
393.163
393.194375
393.22825
393.265325
393.2989
393.332575
393.37095
393.405375
393.429325
393.4635
393.501825
393.53175
393.55905
393.598575
393.603875
393.612475
393.619475
393.620225
393.623275
393.63865
393.643975
393.648775
393.669875
393.687375
393.695475
393.7129
393.7353
393.765325
393.7978
393.842
393.879925
393.92475
393.948
393.9904
394.0288
394.062525
394.106175
394.134
394.1418
394.14645
394.15135
394.155175
394.159625
394.1676
394.17015
394.177725
394.18445
394.19115
394.1976
394.208025
394.2183
394.240325
394.24985
394.27495
394.3055
394.337725
394.3525
394.387425
394.4034
394.416525
394.426375
394.4332
394.439625
394.442525
394.445525
394.45335
394.468375
394.483675
394.4987
394.513475
394.5655
394.6034
394.66615
394.7047
394.738925
394.771175
394.80835
394.834925
394.8739
394.9057
394.9182
394.929025
394.9354
394.939025
394.943525
394.951825
394.9554
394.959175
394.9628
394.96755
394.974
394.987775
394.9907
395.021475
395.030225
395.0392
395.048125
395.059925
395.08075
395.1067
395.133825
395.186475
395.21785
395.240975
395.2739
395.30315
395.333475
395.3601
395.388325
395.403025
395.405425
395.413625
395.416575
395.418925
395.4211
395.423425
395.428325
395.43055
395.435275
395.438875
395.448975
395.4579
395.46665
395.483725
395.502
395.521325
395.530375
395.5374
395.560825
395.5679
395.60115
395.609525
395.62195
395.64105
395.68465
395.7022
395.724625
395.75135
395.78365
395.819
395.855525
395.892825
395.932425
395.969525
396.010375
396.0439
396.07415
396.12045
396.15425
396.176625
396.2341
396.26535
396.292325
396.322125
396.337325
396.3445
396.348425
396.359625
396.36585
396.3757
396.381275
396.395025
396.40275
396.41285
396.43085
396.4541
396.492125
396.539875
396.5724
396.615225
396.617875
396.648575
396.682325
396.7219
396.765475
396.793925
396.83175
396.84315
396.855425
396.8605
396.863775
396.8692
396.8736
396.878
396.8858
396.891525
396.912675
396.92695
396.94855
396.98215
397.022925
397.06765
397.099325
397.11585
397.13725
397.228325
397.2825
397.3077
397.323
397.33275
397.342525
397.363575
397.377075
397.39135
397.4025
397.41315
397.4311
397.447375
397.48805
397.530775
397.570525
397.62255
397.680075
397.719475
397.770225
397.806925
397.818175
397.834525
397.837125
397.83955
397.841625
397.8436
397.86055
397.865975
397.8685
397.8712
397.883725
397.89585
397.905225
397.9185
397.92855
397.94775
397.948375
397.998125
398.029275
398.0751
398.100075
398.11505
398.132125
398.14915
398.156875
398.164825
398.182575
398.1957
398.204425
398.212875
398.2247
398.240775
398.264525
398.284475
398.337825
398.372125
398.401
398.437725
398.47475
398.4964
398.50715
398.5173
398.52425
398.530525
398.53845
398.5416
398.547275
398.5513
398.556425
398.564575
398.57315
398.5815
398.6032
398.635825
398.7067
398.739725
398.76595
398.770925
398.777225
398.78355
398.789
398.7925
398.795225
398.799225
398.806275
398.811725
398.815425
398.823875
398.830875
398.865175
398.894225
398.936775
398.9783
399.015625
399.0514
399.08955
399.142
399.179625
399.210125
399.229975
399.23625
399.2392
399.242
399.24475
399.2472
399.249275
399.251925
399.2541
399.256775
399.261625
399.2671
399.29305
399.307625
399.32295
399.34815
399.43155
399.4724
399.522425
399.55995
399.596575
399.637125
399.691725
399.73425
399.779325
399.805025
399.858425
399.899975
399.929625
399.967825
400.0021
400.061875
400.09195
400.13825
400.19475
400.237175
400.239125
400.280575
400.302525
400.331
400.33885
400.3461
400.350225
400.357125
400.359525
400.369725
400.3801
400.3829
400.38945
400.39785
400.404225
400.416075
400.42295
400.435925
400.444425
400.46175
400.500725
400.529375
400.569725
400.60995
400.6463
400.67925
400.715325
400.74785
400.80055
400.8418
400.871775
400.90965
400.918925
400.940425
400.960725
400.9776
400.9855
400.993125
401.0028
401.01115
401.02125
401.03045
401.040225
401.054325
401.0617
401.07515
401.083725
401.1009
401.121275
401.154675
401.200625
401.236275
401.272425
401.274375
401.318975
401.374675
401.41905
401.427275
401.43865
401.44515
401.4526
401.4552
401.460325
401.4633
401.469
401.47115
401.47645
401.47925
401.482525
401.500075
401.513975
401.523425
401.53705
401.5537
401.564375
401.5758
401.591
401.61195
401.63625
401.6766
401.750325
401.77415
401.7962
401.84175
401.87535
401.921275
401.933825
401.941425
401.951625
401.95875
401.963525
401.970275
401.9755
401.983775
401.988175
401.9924
402.0041
402.01005
402.021625
402.03225
402.042225
402.058275
402.0674
402.07635
402.0867
402.103025
402.131
402.158075
402.20215
402.23295
402.275575
402.318875
402.35505
402.39325
402.424575
402.4574
402.487075
402.526375
402.574075
402.585275
402.610525
402.6321
402.6367
402.645475
402.65135
402.658675
402.66525
402.671625
402.67495
402.680575
402.698
402.715875
402.726775
402.75335
402.782675
402.797
402.8115
402.833325
402.8623
402.90505
402.939075
402.978625
403.017925
403.045
403.056525
403.0623
403.06785
403.070025
403.072625
403.086275
403.0895
403.1031
403.1158
403.1277
403.137275
403.1434
403.163475
403.172975
403.188125
403.2143
403.247025
403.285825
403.3363
403.368225
403.39045
403.422475
403.462825
403.490525
403.500825
403.509275
403.513425
403.51705
403.524025
403.535925
403.55135
403.5559
403.568525
403.6232
403.668175
403.71685
403.755275
403.78665
403.832425
403.86455
403.8949
403.919525
403.925475
403.935075
403.943375
403.9542
403.95825
403.976175
403.981675
403.99285
404.005425
404.0164
404.03615
404.0647
404.0772
404.086525
404.0929
404.10225
404.113675
404.121275
404.140225
404.157375
404.16945
404.182875
404.20305
404.221775
404.2311
404.24585
404.2736
404.2984
404.3239
404.353475
404.394875
404.431775
404.4608
404.498
404.52595
404.56195
404.599925
404.6451
404.67565
404.721575
404.7572
404.804175
404.82795
404.8356
404.87255
404.900025
404.901425
404.931475
405.0145
405.02815
405.03075
405.03705
405.0471
405.049875
405.07055
405.105725
405.14175
405.148475
405.1699
405.1802
405.189975
405.2011
405.217725
405.2261
405.24095
405.265575
405.271425
405.280125
405.2913
405.312925
405.321375
405.329825
405.3356
405.35005
405.37095
405.3827
405.41575
405.428375
405.437475
405.459425
405.485825
405.506325
405.548925
405.564575
405.58105
405.614875
405.65545
405.682775
405.717175
405.750625
405.77385
405.806425
405.840475
405.8685
405.89755
405.90035
405.935825
405.9654
405.9963
406.028025
406.0629
406.0964
406.10775
406.12645
406.1475
406.1672
406.2286
406.2607
406.2836
406.311975
406.32665
406.334575
406.35985
406.394525
406.43395
406.47035
406.503825
406.5401
406.5665
406.607075
406.6455
406.648675
406.6964
406.7357
406.774175
406.800925
406.818
406.836475
406.85385
406.86875
406.8913
406.91235
406.94705
406.986075
407.02415
407.0667
407.1074
407.14145
407.144425
407.200225
407.2376
407.2781
407.3195
407.365075
407.397275
407.4299
407.455875
407.479225
407.488275
407.497275
407.505175
407.52175
407.539475
407.5678
407.5953
407.6393
407.67465
407.724625
407.761475
407.795525
407.82975
407.8735
407.9773
408.01255
408.061
408.10465
408.109025
408.148225
408.182225
408.209025
408.2214
408.231025
408.24165
408.245475
408.249125
408.253575
408.26
408.2646
408.267425
408.28035
408.28675
408.289725
408.296975
408.303725
408.30695
408.314775
408.3317
408.344925
408.362325
408.3727
408.40685
408.4279
408.43275
408.44345
408.4836
408.52365
408.556425
408.59475
408.62975
408.658975
408.708125
408.750025
408.7862
408.79435
408.801725
408.8032
408.825625
408.8302
408.8513
408.89
408.920475
408.952925
408.98255
409.023575
409.0551
409.0802
409.0888
409.095775
409.10515
409.1187
409.12955
409.1359
409.1392
409.151725
409.17445
409.18325
409.191975
409.20565
409.212775
409.2213
409.231625
409.240625
409.2496
409.262475
409.283625
409.29125
409.3055
409.31135
409.32105
409.333425
409.3533
409.3772
409.4112
409.443175
409.4724
409.4996
409.50965
409.529975
409.568275
409.6041
409.643
409.66555
409.6802
409.696875
409.7162
409.72185
409.73105
409.740725
409.7709
409.78915
409.826375
409.866125
409.868
409.900975
409.967925
410.002725
410.0372
410.064425
410.105325
410.1432
410.1728
410.21715
410.238725
410.2612
410.2929
410.33455
410.363175
410.4087
410.445075
410.49165
410.52
410.580925
410.611775
410.671575
410.700125
410.708875
410.7172
410.72315
410.72875
410.734525
410.7386
410.7454
410.748875
410.752125
410.7569
410.761525
410.7666
410.7973
410.814825
410.84445
410.86785
410.905425
410.941225
410.978125
411.00445
411.029975
411.073525
411.10695
411.138475
411.1811
411.216
411.22965
411.254975
411.2587
411.2635
411.267775
411.272225
411.27725
411.28075
411.293075
411.30015
411.308675
411.322725
411.332625
411.355275
411.4246
411.451625
411.4623
411.500325
411.53545
411.555575
411.59415
411.623975
411.666625
411.698325
411.726575
411.74015
411.74965
411.758425
411.7681
411.772425
411.781475
411.785725
411.80605
411.82055
411.8321
411.844375
411.853875
411.86365
411.885575
411.911575
411.952575
411.99475
412.0375
412.0701
412.10605
412.1349
412.16575
412.1747
412.182425
412.190775
412.19635
412.2073
412.213475
412.225625
412.243075
412.2623
412.29595
412.33555
412.37555
412.387625
412.4148
412.44355
412.477375
412.503025
412.5438
412.558075
412.562925
412.571275
412.5757
412.58065
412.58605
412.5894
412.59375
412.6047
412.607775
412.613925
412.620825
412.629925
412.63875
412.644825
412.6561
412.690025
412.717275
412.7618
412.792425
412.822025
412.84935
412.87195
412.921275
412.965675
413.0074
413.045725
413.084525
413.162825
413.181875
413.18855
413.195975
413.200025
413.2085
413.2151
413.2178
413.220775
413.224875
413.235325
413.245325
413.25135
413.26915
413.297575
413.31845
413.3564
413.394075
413.45095
413.480675
413.51375
413.543625
413.56735
413.6012
413.641625
413.6692
413.700575
413.743525
413.7824
413.80885
413.842725
413.889775
413.924925
413.9583
413.9832
413.99745
414.010325
414.01195
414.0308
414.066125
414.0955
414.1321
414.18035
414.2118
414.252225
414.2888
414.314625
414.330875
414.337825
414.3433
414.346675
414.34995
414.3559
414.364675
414.369775
414.3741
414.3824
414.3855
414.391775
414.394675
414.40045
414.421875
414.427225
414.4565
414.46345
414.47675
414.48615
414.492925
414.506225
414.52025
414.54145
414.605
414.62265
414.658925
414.68155
414.717825
414.7984
414.8451
414.87515
414.895875
414.904125
414.950125
414.9832
415.0293
415.0517
415.086225
415.12205
415.1561
415.186075
415.21435
415.246175
415.295
415.319475
415.35105
415.356425
415.358375
415.367325
415.3768
415.3932
415.41495
415.429175
415.430025
415.44165
415.4508
415.475025
415.490875
415.505225
415.5207
415.5302
415.581375
415.596125
415.612575
415.6517
415.684325
415.727575
415.75915
415.80285
415.8424
415.891425
415.9278
415.964375
416.013025
416.049425
416.1032
416.132125
416.170025
416.17525
416.184375
416.193075
416.2021
416.205475
416.207525
416.21475
416.2233
416.231475
416.258275
416.2985
416.33275
416.3737
416.422725
416.46205
416.503925
416.5511
416.588075
416.619025
416.628725
416.6437
416.649325
416.657675
416.6684
416.67315
416.674525
416.676575
416.680325
416.68165
416.68415
416.68785
416.689625
416.694675
416.702875
416.710975
416.71605
416.722425
416.737475
416.750925
416.759275
416.779
416.786125
416.80495
416.816525
416.83385
416.83855
416.8648
416.8763
416.88595
416.898875
416.9011
416.912075
416.92335
416.9314
416.94985
416.960225
416.971025
416.982375
416.98305
417.00295
417.01345
417.0366
417.0543
417.069975
417.102075
417.10465
417.112425
417.14
417.145925
417.157
417.177275
417.206175
417.21665
417.229525
417.2406
417.254525
417.267175
417.29125
417.324625
417.354125
417.370225
417.381325
417.414375
417.447525
417.482825
417.518125
417.5531
417.584075
417.60565
417.626075
417.63435
417.659075
417.663875
417.734525
417.759425
417.78835
417.8184
417.84315
417.870025
417.918075
417.9485
417.9851
418.019675
418.0494
418.078
418.119475
418.151275
418.19135
418.2328
418.279875
418.3335
418.376075
418.420575
418.467525
418.507325
418.534875
418.578975
418.611125
418.6384
418.668675
418.702275
418.74275
418.791475
418.813375
418.8357
418.850125
418.859275
418.8662
418.87275
418.877325
418.882425
418.890325
418.897325
418.906675
418.913675
418.919875
418.927525
418.933125
418.942
418.9519
418.973025
418.9945
419.043775
419.0874
419.121375
419.155525
419.18875
419.230925
419.272275
419.327775
419.3659
419.396725
419.412025
419.431325
419.459125
419.492175
419.529875
419.561825
419.60485
419.641475
419.6728
419.67745
419.715875
419.749125
419.7894
419.828275
419.8702
419.893175
419.9005
419.91005
419.921225
419.9289
419.94115
419.9464
419.952225
419.95885
419.969
419.9771
419.98355
419.98865
420.00005
420.00775
420.0202
420.03295
420.056975
420.0992
420.12855
420.12995
420.1568
420.195225
420.224025
420.2582
420.29175
420.376925
420.418975
420.465925
420.50205
420.52055
420.5264
420.5432
420.563125
420.5705
420.5767
420.583125
420.58905
420.601025
420.619375
420.665225
420.668825
420.69635
420.740575
420.84775
420.8836
420.916575
420.9459
420.967375
420.973625
420.9847
420.992825
420.99635
421.005025
421.01035
421.0168
421.020975
421.0269
421.034225
421.040825
421.0483
421.0577
421.061725
421.0698
421.084025
421.109225
421.13485
421.1634
421.19725
421.24005
421.2707
421.31015
421.35015
421.381875
421.41905
421.45665
421.47955
421.5065
421.513625
421.52385
421.530125
421.536675
421.54545
421.55125
421.556325
421.561725
421.57495
421.58015
421.5869
421.59455
421.59905
421.60535
421.6136
421.61895
421.636275
421.64285
421.647825
421.657
421.6797
421.695275
421.72885
421.773325
421.805775
421.829575
421.8552
421.890625
421.932
421.963925
421.99115
421.997975
422.007875
422.01575
422.0228
422.028125
422.032975
422.03955
422.04535
422.053675
422.069375
422.08135
422.08995
422.092025
422.096575
422.104225
422.136975
422.14955
422.159275
422.228625
422.2496
422.292025
422.328725
422.365125
422.41
422.433975
422.4723
422.504025
422.5393
422.55645
422.5887
422.6082
422.633525
422.643325
422.65615
422.663125
422.672725
422.68465
422.697875
422.710875
422.71595
422.720375
422.724125
422.729075
422.7319
422.735
422.736925
422.73905
422.7453
422.747575
422.75375
422.75695
422.760775
422.7633
422.766225
422.77505
422.79605
422.80085
422.819625
422.838375
422.910875
422.939925
422.9727
423.00505
423.0356
423.06975
423.0798
423.1092
423.14645
423.152025
423.155925
423.160775
423.164925
423.169675
423.17255
423.1778
423.1833
423.1848
423.190825
423.193825
423.20095
423.20695
423.213475
423.219725
423.23175
423.24715
423.265575
423.300575
423.338325
423.3698
423.407075
423.4363
423.48255
423.510625
423.543175
423.571025
423.59725
423.6016
423.6183
423.626075
423.629
423.635575
423.640275
423.65975
423.66495
423.66875
423.67335
423.680525
423.698
423.708925
423.732725
423.7578
423.832475
423.87415
423.909225
423.95075
423.98205
424.019475
424.059375
424.1091
424.112625
424.1457
424.18245
424.234625
424.255125
424.26285
424.279625
424.28375
424.295025
424.3018
424.326825
424.348875
424.391875
424.4232
424.461325
424.472425
424.47965
424.486425
424.49035
424.4957
424.50055
424.5077
424.5102
424.516425
424.52025
424.5277
424.530675
424.537925
424.5436
424.549725
424.5649
424.58235
424.592075
424.601325
424.618125
424.648025
424.6832
424.72565
424.76205
424.805
424.839825
424.881525
424.921075
424.9644
424.986275
424.996175
425.00615
425.01245
425.03835
425.046475
425.065925
425.075175
425.08815
425.114875
425.150375
425.195625
425.236475
425.26185
425.302675
425.348625
425.405225
425.445125
425.466725
425.478975
425.488175
425.49615
425.5025
425.506625
425.512875
425.5173
425.52105
425.523775
425.527575
425.53485
425.5425
425.55975
425.5655
425.572925
425.5776
425.601925
425.60895
425.6172
425.6491
425.6689
425.70305
425.74485
425.775925
425.831375
425.863275
425.93465
425.946725
425.952625
425.960125
425.96565
425.969775
425.9726
425.9765
425.98305
425.992725
425.9978
426.00365
426.01095
426.025875
426.044775
426.065475
426.08915
426.12275
426.151175
426.156225
426.18515
426.1921
426.2013
426.22485
426.251075
426.259525
426.271525
426.278925
426.301
426.3189
426.347575
426.377175
426.390675
426.40815
426.41605
426.459475
426.50475
426.5347
426.53865
426.542875
426.559475
426.59935
426.635275
426.6768
426.715325
426.746975
426.775925
426.845775
426.889675
426.936425
426.975475
426.99405
427.022
427.06045
427.098925
427.124575
427.160225
427.1968
427.2368
427.274575
427.31305
427.340225
427.346725
427.382
427.44805
427.45385
427.50285
427.5491
427.597225
427.653725
427.681525
427.7072
427.72205
427.767075
427.7904
427.824125
427.8743
427.8842
427.9072
427.9589
428.0064
428.047125
428.099425
428.142075
428.179375
428.216075
428.242425
428.262925
428.285175
428.30065
428.3057
428.3214
428.34385
428.36525
428.420125
428.446225
428.612225
428.621975
428.6766
428.707825
428.758075
428.789075
428.83845
428.88625
428.929
428.977375
429.030975
429.064875
429.075375
429.093775
429.100175
429.104725
429.111125
429.115225
429.12025
429.149975
429.1556
429.161375
429.1681
429.176225
429.182925
429.185825
429.198
429.207575
429.2237
429.246375
429.306125
429.329725
429.351375
429.375
429.391025
429.3951
429.409925
429.43365
429.443825
429.4506
429.471425
429.48485
429.5141
429.5404
429.5693
429.571775
429.606775
429.63815
429.66685
429.697675
429.731
429.747275
429.76195
429.769475
429.7741
429.782625
429.78865
429.796425
429.80365
429.8129
429.82115
429.8324
429.838925
429.8631
429.87085
429.883475
429.892225
429.904725
429.92325
429.9487
429.993475
430.007725
430.023
430.053725
430.086
430.114725
430.159775
430.186425
430.2196
430.26615
430.2984
430.337475
430.34275
430.37705
430.384
430.391025
430.39385
430.399375
430.406375
430.411025
430.416625
430.423675
430.440425
430.453875
430.46115
430.46865
430.4701
430.496025
430.507525
430.522725
430.547325
430.59325
430.62215
430.6615
430.696725
430.734325
430.76745
430.80495
430.846475
430.878175
430.9177
430.962975
430.994575
431.022725
431.059975
431.086
431.11585
431.14855
431.181325
431.206275
431.224925
431.24635
431.275775
431.3128
431.35425
431.38675
431.424625
431.464575
431.496825
431.53515
431.5855
431.594875
431.6069
431.6164
431.62435
431.631775
431.6381
431.64485
431.650975
431.656225
431.668725
431.673525
431.680275
431.686575
431.69565
431.70275
431.706575
431.7145
431.723525
431.728375
431.736625
431.7452
431.751
431.76825
431.769125
431.777
431.788225
431.798025
431.808925
431.8199
431.838475
431.860575
431.8741
431.883
431.90145
431.9157
431.9485
431.975375
432.01505
432.0508
432.097325
432.138225
432.1616
432.2123
432.251575
432.2817
432.298825
432.31675
432.3216
432.328525
432.333
432.34085
432.34765
432.3507
432.354925
432.36055
432.363575
432.378425
432.384625
432.39065
432.3997
432.4106
432.4163
432.440625
432.459975
432.511525
432.58675
432.615875
432.64315
432.68515
432.7164
432.769125
432.78405
432.791425
432.805525
432.8078
432.810225
432.82125
432.82615
432.831175
432.8376
432.842525
432.853775
432.870875
432.87735
432.88255
432.89245
432.92075
432.9419
432.97525
433.015625
433.059125
433.077
433.0972
433.13825
433.16965
433.204825
433.21315
433.21945
433.2226
433.2252
433.230825
433.237775
433.25635
433.263075
433.26895
433.27335
433.28015
433.28525
433.296225
433.329225
433.35345
433.3589
433.365475
433.383725
433.395
433.404925
433.414375
433.431825
433.4548
433.489375
433.521825
433.547875
433.585275
433.615225
433.635825
433.666725
433.673725
433.68335
433.686625
433.68955
433.6919
433.69475
433.698225
433.7007
433.7029
433.709025
433.71175
433.71795
433.7213
433.725175
433.7361
433.747075
433.755275
433.796525
433.810875
433.828125
433.842725
433.87
433.902225
433.927775
433.94545
433.956275
433.9955
434.031875
434.067175
434.107525
434.14625
434.18545
434.2102
434.24825
434.281225
434.31265
434.333525
434.352425
434.35745
434.370075
434.372475
434.37405
434.374875
434.377425
434.382025
434.3842
434.388425
434.400775
434.41115
434.42135
434.42655
434.46315
434.474525
434.484775
434.500175
434.514275
434.541725
434.6275
434.671475
434.6991
434.7275
434.778825
434.812675
434.85305
434.85745
434.860875
434.864125
434.867525
434.8716
434.8739
434.8759
434.878125
434.880475
434.882675
434.885275
434.88885
434.8946
434.898375
434.903825
434.909025
434.911625
434.915075
434.931075
434.945725
434.9554
434.95935
434.96585
434.96965
434.97595
434.993275
434.997375
435.021
435.029975
435.04245
435.06925
435.174025
435.202325
435.2368
435.27855
435.2954
435.3043
435.30975
435.313775
435.3278
435.331025
435.35105
435.35965
435.365625
435.376175
435.383
435.3889
435.3972
435.40305
435.410225
435.42635
435.442325
435.445075
435.454475
435.4566
435.475475
435.48365
435.5373
435.5694
435.59995
435.63195
435.669225
435.704775
435.73855
435.75755
435.7877
435.823975
435.83575
435.847675
435.85375
435.860625
435.865775
435.8709
435.874475
435.88005
435.883775
435.912425
435.919075
435.9251
435.934625
435.9403
435.943475
435.960675
435.9887
435.997625
436.01505
436.037775
436.065025
436.100475
436.148125
436.18925
436.22155
436.25245
436.282625
436.32185
436.36495
436.401
436.417425
436.42355
436.424475
436.43095
436.446225
436.45015
436.45315
436.456725
436.463075
436.474875
436.48295
436.487375
436.4917
436.5048
436.5097
436.52885
436.536075
436.54845
436.558475
436.580075
436.611
436.6653
436.705225
436.7457
436.786575
436.824325
436.862525
436.89525
436.94225
436.98515
437.0193
437.040175
437.0502
437.0566
437.06005
437.06355
437.0674
437.074325
437.087825
437.092425
437.09505
437.10275
437.130325
437.14615
437.152625
437.16205
437.1731
437.218875
437.25415
437.2949
437.3312
437.36585
437.401425
437.432125
437.479875
437.520275
437.54795
437.5578
437.563975
437.569825
437.5744
437.579375
437.5827
437.586425
437.5922
437.60355
437.608825
437.61595
437.62815
437.635075
437.6425
437.654625
437.667275
437.6899
437.720275
437.74975
437.810175
437.881725
437.923125
437.953625
437.965075
437.969125
437.976025
437.978825
437.981125
437.98605
437.988925
437.99175
437.99845
438.00875
438.012225
438.017275
438.0226
438.03505
438.05135
438.07095
438.08365
438.11515
438.163375
438.2053
438.2452
438.2833
438.317825
438.3438
438.351675
438.357675
438.36325
438.366475
438.37115
438.38015
438.385175
438.3931
438.397875
438.401975
438.417675
438.4261
438.434225
438.44265
438.455075
438.474775
438.50095
438.53765
438.566975
438.593125
438.641875
438.73045
438.7681
438.798675
438.807725
438.814275
438.817925
438.824
438.833025
438.8378
438.84225
438.847425
438.855925
438.86155
438.9082
438.939
438.987975
439.0199
439.064775
439.0863
439.1148
439.150875
439.185075
439.214125
439.2477
439.279925
439.3163
439.3185
439.341975
439.359975
439.367625
439.374575
439.382425
439.38785
439.400225
439.406925
439.4144
439.42335
439.4296
439.4412
439.4449
439.45985
439.482025
439.512275
439.5223
439.536775
439.5394
439.54635
439.551825
439.563825
439.574575
439.5805
439.591225
439.598175
439.617875
439.6437
439.677525
439.755025
439.793925
439.8203
439.8493
439.875775
439.89045
439.928225
439.95795
439.99135
440.0181
440.0492
440.0777
440.12145
440.144825
440.1857
440.1906
440.225375
440.26525
440.3025
440.327125
440.377275
440.39825
440.400575
440.418275
440.4316
440.4437
440.471725
440.50265
440.533275
440.581325
440.617575
440.652425
440.682775
440.72445
440.760625
440.800175
440.8375
440.88215
440.94485
440.98265
440.99295
440.999975
441.00655
441.0139
441.0155
441.02115
441.03515
441.04585
441.065475
441.12225
441.155575
441.190625
441.230125
441.271775
441.3199
441.366025
441.41465
441.446475
441.513125
441.538975
441.581125
441.60805
441.635875
441.6708
441.72645
441.773
441.8267
441.861775
441.920825
441.926725
441.96395
441.9821
441.991975
441.99975
442.006525
442.01415
442.0331
442.04445
442.05705
442.0682
442.07465
442.087
442.093625
442.109725
442.11825
442.1363
442.156475
442.188475
442.250625
442.2804
442.31495
442.329475
442.3662
442.391975
442.41345
442.4241
442.43105
442.44295
442.450125
442.457175
442.48295
442.490375
442.4999
442.510875
442.524225
442.54435
442.585775
442.65585
442.68915
442.7296
442.765675
442.80675
442.84145
442.8644
442.87285
442.879625
442.884825
442.88995
442.894725
442.901025
442.9074
442.9134
442.923525
442.934375
442.95605
442.9622
442.9681
442.973875
442.988125
442.996975
443.005575
443.019475
443.0345
443.058375
443.086375
443.115925
443.17415
443.195875
443.2245
443.258425
443.294025
443.33205
443.382275
443.4292
443.47095
443.4763
443.48525
443.49245
443.49625
443.499775
443.503025
443.508775
443.517775
443.524725
443.531325
443.54145
443.574275
443.60505
443.6257
443.66645
443.712975
443.7432
443.77685
443.80455
443.82755
443.8913
443.9168
443.92225
443.9271
443.934575
443.9484
443.957725
443.9607
443.9647
443.96625
443.9683
443.975925
443.99405
443.9987
444.02135
444.035075
444.046575
444.06605
444.07145
444.1005
444.14535
444.181225
444.222325
444.25245
444.282425
444.32285
444.368875
444.392825
444.43705
444.4649
444.50105
444.53735
444.5557
444.56475
444.57645
444.5795
444.583
444.5933
444.600225
444.6048
444.611325
444.617925
444.623325
444.6394
444.64905
444.66175
444.67835
444.704425
444.740925
444.7863
444.817875
444.8492
444.877425
444.9041
444.924675
444.931725
444.93875
444.950475
444.962025
444.964725
444.977725
444.982325
444.991725
444.997325
445.006875
445.014825
445.031875
445.061925
445.0979
445.1361
445.164975
445.193125
445.21655
445.253575
445.285175
445.291
445.299875
445.304975
445.309325
445.315125
445.321725
445.32475
445.328325
445.334125
445.336825
445.342225
445.35075
445.3563
445.3635
445.367025
445.369025
445.377175
445.3885
445.402375
445.42925
445.4647
445.515075
445.53935
445.5792
445.601
445.6347
445.642625
445.65725
445.690125
445.712275
445.743525
445.785125
445.794225
445.803675
445.822125
445.846025
445.904
445.90665
445.952725
445.9784
445.987875
446.014625
446.05475
446.085525
446.12385
446.14295
446.14835
446.1554
446.1613
446.169125
446.172825
446.1835
446.192125
446.196475
446.204025
446.21015
446.2167
446.220225
446.2301
446.25265
446.26655
446.267975
446.27515
446.2891
446.296175
446.309025
446.32525
446.338925
446.372075
446.406875
446.441025
446.4513
446.478225
446.508125
446.546225
446.617525
446.647075
446.6728
446.72085
446.757
446.787875
446.80405
446.82945
446.867375
446.897775
446.949525
446.96025
446.985975
447.0118
447.04945
447.07985
447.101525
447.11495
447.11935
447.125225
447.127575
447.13315
447.137025
447.146975
447.15415
447.160475
447.166375
447.176
447.183925
447.19495
447.211725
447.2444
447.276625
447.311675
447.341125
447.379975
447.407375
447.4526
447.49795
447.541275
447.56905
447.575875
447.60605
447.61725
447.632625
447.648875
447.6701
447.714875
447.777925
447.8374
447.879575
447.920075
447.950975
447.984525
448.017475
448.0613
448.094625
448.158
448.169
448.17705
448.183325
448.1883
448.1916
448.19885
448.204625
448.2088
448.218025
448.22185
448.229225
448.236275
448.242175
448.247775
448.26
448.274225
448.2803
448.3231
448.333225
448.370025
448.4089
448.4852
448.5097
448.538725
448.550175
448.559075
448.565625
448.568775
448.574325
448.5772
448.585125
448.58915
448.593025
448.596425
448.60195
448.6107
448.62445
448.65905
448.72165
448.7614
448.78475
448.823225
448.83175
448.83715
448.842275
448.845825
448.8513
448.856525
448.861875
448.867775
448.871825
448.882275
448.8956
448.9098
448.916575
448.9295
448.941225
448.956175
449.0156
449.04425
449.0758
449.10315
449.13445
449.175225
449.217025
449.258075
449.29795
449.338625
449.37675
449.404175
449.410675
449.452975
449.47915
449.51695
449.55715
449.593475
449.630975
449.65965
449.699875
449.7389
449.7777
449.81765
449.862175
449.88375
449.9145
449.92605
449.93325
449.939625
449.94615
449.951325
449.95855
449.966325
449.969475
449.97325
449.978475
449.98835
450.00045
450.018675
450.03705
450.068375
450.10305
450.151575
450.1944
450.2181
450.25495
450.2815
450.30935
450.333325
450.339575
450.355475
450.36015
450.363575
450.376425
450.3848
450.388425
450.393825
450.399775
450.41125
450.4159
450.423125
450.4366
450.451925
450.493875
450.540625
450.578375
450.58005
450.61165
450.64625
450.672375
450.7021
450.715025
450.72275
450.728175
450.730975
450.735425
450.7383
450.74065
450.74305
450.752875
450.758025
450.77175
450.7825
450.800875
450.836675
450.871125
450.908275
450.9475
450.98755
451.01495
451.068075
451.1091
451.12905
451.157
451.196275
451.237375
451.262175
451.293025
451.31075
451.328425
451.338925
451.351525
451.360325
451.3703
451.397375
451.4079
451.41805
451.440625
451.4634
451.494075
451.5421
451.58965
451.63725
451.67165
451.715325
451.761
451.809925
451.8572
451.898075
451.924625
451.934175
451.942025
451.944875
451.948375
451.951125
451.9535
451.956775
451.964125
451.968075
451.973725
451.990225
451.9955
452.00935
452.0205
452.02985
452.0365
452.052175
452.07315
452.10075
452.1401
452.1728
452.248975
452.2921
452.30475
452.3099
452.31555
452.32305
452.328
452.333825
452.336625
452.339175
452.3416
452.3446
452.347475
452.350775
452.3604
452.3734
452.37635
452.382675
452.387325
452.393175
452.40235
452.40985
452.416875
452.433175
452.4546
452.48755
452.513425
452.534675
452.5403
452.572075
452.590975
452.6068
452.613325
452.6168
452.622225
452.6268
452.6346
452.638175
452.6483
452.655525
452.660975
452.67035
452.697975
452.72745
452.7891
452.8336
452.878975
452.906
452.935075
452.952025
453.000825
453.022
453.02825
453.04195
453.051725
453.057675
453.065
453.07275
453.088575
453.120175
453.18845
453.2202
453.26575
453.301275
453.328125
453.380425
453.400225
453.424975
453.441375
453.45085
453.45775
453.4635
453.480775
453.491175
453.51135
453.52155
453.540325
453.5865
453.6339
453.7231
453.768625
453.808425
453.8495
453.883675
453.908475
453.94925
453.956425
453.9604
453.96345
453.9663
453.9692
453.971475
453.9741
453.984425
453.9887
453.998275
454.0037
454.01245
454.0241
454.032525
454.039675
454.05705
454.0739
454.096725
454.147925
454.19085
454.2474
454.276075
454.33535
454.37465
454.40205
454.4121
454.430725
454.43645
454.4427
454.4499
454.453175
454.460075
454.46655
454.472525
454.4757
454.482525
454.488675
454.4962
454.517125
454.5283
454.540175
454.565375
454.601125
454.638625
454.669925
454.708375
454.7495
454.785075
454.8255
454.8415
454.846475
454.861175
454.867
454.872775
454.8759
454.8939
454.896975
454.9028
454.913625
454.921575
454.934775
454.953475
454.997225
455.0361
455.084475
455.116475
455.1179
455.14795
455.17415
455.201725
455.225475
455.245325
455.254125
455.261325
455.273575
455.278275
455.281075
455.2843
455.288625
455.296025
455.34515
455.3581
455.3677
455.37815
455.386225
455.40645
455.415125
455.42705
455.456075
455.471325
455.491925
455.532075
455.55695
455.631475
455.632125
455.6349
455.694475
455.723175
455.7575
455.7739
455.785375
455.819225
455.847875
455.892275
455.92405
455.954275
455.99465
456.03785
456.0611
456.101475
456.1454
456.1764
456.208625
456.239775
456.2495
456.26685
456.3034
456.35585
456.399325
456.4303
456.468825
456.5045
456.539325
456.58715
456.62325
456.654725
456.67805
456.69775
456.721975
456.7423
456.75725
456.788175
456.81865
456.856225
456.89665
456.936075
456.9435
456.9814
457.014975
457.0344
457.0574
457.09535
457.129475
457.173
457.212975
457.26255
457.292025
457.326925
457.3678
457.398625
457.40575
457.443425
457.490525
457.5076
457.52685
457.538675
457.54455
457.550775
457.557725
457.562825
457.571925
457.575825
457.583125
457.61315
457.619975
457.645525
457.655525
457.66715
457.68045
457.6961
457.74
457.778275
457.812125
457.842
457.876
457.904925
457.948575
457.9971
458.038925
458.047875
458.06155
458.0764
458.080975
458.0889
458.0949
458.09795
458.100175
458.111575
458.11425
458.11945
458.1271
458.134825
458.1499
458.159975
458.16945
458.192625
458.214525
458.2592
458.287425
458.322225
458.354125
458.38775
458.41775
458.45545
458.497175
458.53475
458.56475
458.60465
458.636375
458.67015
458.7131
458.740525
458.743
458.7667
458.793925
458.822725
458.8377
458.852125
458.8688
458.894675
458.926725
458.969525
458.996325
459.038575
459.059175
459.063825
459.141675
459.244725
459.2817
459.331075
459.343075
459.34625
459.354225
459.3577
459.364
459.369825
459.3721
459.374725
459.37785
459.38055
459.3863
459.3884
459.3934
459.399125
459.40505
459.41045
459.43385
459.445625
459.4631
459.49385
459.54925
459.612
459.64315
459.670925
459.714525
459.732675
459.73835
459.74985
459.75675
459.7711
459.7798
459.787025
459.793925
459.8044
459.818675
459.839775
459.87045
459.906275
459.93825
459.96385
460.001175
460.034125
460.06525
460.110275
460.128025
460.156925
460.1925
460.2143
460.23765
460.260425
460.275675
460.28025
460.28625
460.290675
460.299225
460.303625
460.3131
460.315975
460.324625
460.337075
460.339675
460.346625
460.356
460.36685
460.3826
460.404375
460.43825
460.4862
460.55015
460.575775
460.6076
460.61365
460.618475
460.6214
460.6241
460.628225
460.632275
460.635225
460.64005
460.646
460.649925
460.655875
460.68815
460.71105
460.7441
460.777675
460.811025
460.856575
460.8898
460.9173
460.95065
460.986975
461.020675
461.023775
461.034525
461.04135
461.047975
461.054825
461.0611
461.06675
461.07035
461.08025
461.085775
461.0939
461.110525
461.122625
461.13785
461.165475
461.2003
461.227325
461.261775
461.301275
461.326275
461.365325
461.392625
461.4102
461.4135
461.42015
461.4248
461.4271
461.42895
461.430825
461.433025
461.434925
461.440675
461.44325
461.4512
461.499575
461.5352
461.559875
461.58855
461.622575
461.643525
461.651775
461.70505
461.712875
461.7167
461.722075
461.723625
461.7261
461.72845
461.736825
461.7407
461.74825
461.7673
461.7771
461.78655
461.796875
461.806375
461.816275
461.852625
461.8643
461.87215
461.89535
461.904975
461.91085
461.92205
461.937175
461.9468
461.952475
461.968725
461.979475
461.989725
462.00105
462.0125
462.024275
462.05325
462.068625
462.087025
462.105125
462.12615
462.14815
462.16335
462.172925
462.198025
462.25015
462.276925
462.315275
462.3517
462.388875
462.437175
462.473775
462.508075
462.5445
462.582625
462.615525
462.646225
462.6765
462.70965
462.75005
462.7692
462.777075
462.783775
462.78985
462.7959
462.802225
462.8105
462.81885
462.830275
462.843775
462.866675
462.922225
462.947075
462.988975
463.0183
463.028925
463.05465
463.091325
463.138325
463.213375
463.246
463.2859
463.325175
463.349875
463.382525
463.409075
463.4164
463.466625
463.509125
463.535325
463.56275
463.567075
463.578175
463.581
463.587225
463.5902
463.592875
463.5956
463.6034
463.612675
463.6246
463.631725
463.667325
463.687125
463.725225
463.7534
463.800275
463.821475
463.833175
463.87715
463.95695
463.993025
464.021825
464.0551
464.088825
464.104775
464.119675
464.127825
464.12935
464.139725
464.14285
464.14675
464.1528
464.160025
464.1702
464.17305
464.180175
464.199575
464.21015
464.2254
464.2847
464.312775
464.3535
464.3925
464.420125
464.456375
464.483725
464.52115
464.562175
464.6078
464.64005
464.676075
464.712025
464.75665
464.787875
464.815275
464.838125
464.85245
464.8596
464.866675
464.87685
464.88535
464.88845
464.89905
464.903
464.908575
464.913975
464.9183
464.92625
464.934225
464.944025
464.9733
464.990675
465.03215
465.0712
465.11775
465.153925
465.188975
465.2226
465.258325
465.288875
465.30545
465.3342
465.34155
465.354525
465.3585
465.362275
465.3668
465.3688
465.3708
465.3734
465.377075
465.380025
465.387975
465.397375
465.4047
465.415725
465.42285
465.44085
465.454925
465.471225
465.490325
465.513225
465.522975
465.54085
465.5788
465.608275
465.638525
465.667
465.7022
465.753075
465.777575
465.809025
465.845325
465.8873
465.91645
465.948475
465.96785
465.9859
465.998025
466.014375
466.02345
466.0313
466.0353
466.0527
466.06665
466.1316
466.16865
466.205875
466.237
466.27425
466.306825
466.34
466.368075
466.412575
466.446025
466.49545
466.53485
466.5791
466.616075
466.6403
466.665875
466.6745
466.69595
466.6986
466.71265
466.715425
466.722325
466.732075
466.7378
466.754175
466.759425
466.806275
466.817775
466.8325
466.883175
466.9121
466.9775
467.0087
467.02115
467.02495
467.02895
467.03125
467.033375
467.035475
467.0396
467.042925
467.0543
467.058175
467.0803
467.08865
467.103275
467.147075
467.15825
467.169425
467.239425
467.24225
467.28265
467.3239
467.34325
467.360875
467.365125
467.3717
467.376675
467.380925
467.38795
467.412925
467.42655
467.442975
467.459375
467.498225
467.53765
467.570675
467.61095
467.63755
467.64965
467.7102
467.74575
467.7843
467.820775
467.859825
467.8879
467.930125
467.966875
467.9908
468.003875
468.0118
468.018975
468.027375
468.032925
468.035925
468.0464
468.050875
468.053675
468.05965
468.06675
468.07105
468.0808
468.088525
468.092925
468.100475
468.116825
468.121975
468.14065
468.156375
468.17735
468.21885
468.264725
468.30285
468.35305
468.371225
468.3927
468.408825
468.41245
468.41505
468.418025
468.42045
468.422725
468.4312
468.43485
468.437925
468.453575
468.461175
468.47205
468.48555
468.517675
468.55565
468.590075
468.619675
468.651125
468.68585
468.71515
468.752375
468.7751
468.7909
468.803125
468.807325
468.8142
468.819025
468.82205
468.825975
468.8308
468.832825
468.83475
468.83685
468.8465
468.8522
468.865125
468.877375
468.883575
468.9156
468.92615
468.936275
468.99935
469.0416
469.0873
469.116175
469.151275
469.192475
469.236575
469.2861
469.322625
469.337075
469.348125
469.353175
469.3554
469.35995
469.366575
469.369125
469.373825
469.376125
469.37825
469.393875
469.405175
469.418475
469.4384
469.465625
469.510875
469.545875
469.587025
469.624275
469.675075
469.706725
469.7241
469.7278
469.730375
469.735425
469.737375
469.7396
469.7417
469.751225
469.753775
469.766425
469.7785
469.7821
469.789575
469.794675
469.806325
469.81615
469.826
469.8489
469.904275
469.9447
469.97915
470.02435
470.0527
470.08925
470.139025
470.172325
470.2324
470.247325
470.253975
470.263575
470.2669
470.2702
470.277725
470.28345
470.2866
470.291075
470.293725
470.298225
470.301275
470.303825
470.308425
470.313325
470.325375
470.372475
470.39645
470.44405
470.474275
470.520875
470.55565
470.636125
470.648575
470.6624
470.673225
470.680625
470.68675
470.696525
470.706075
470.71885
470.73075
470.74695
470.755675
470.7626
470.775925
470.783525
470.7934
470.8017
470.81105
470.8326
470.8518
470.87635
470.911
470.97615
471.016225
471.057325
471.09095
471.133275
471.134275
471.148225
471.1573
471.159825
471.161975
471.165025
471.16975
471.178375
471.185475
471.1995
471.21345
471.218125
471.229
471.25375
471.274075
471.297875
471.337275
471.359075
471.391
471.43005
471.4882
471.494025
471.503075
471.520275
471.5272
471.5387
471.54035
471.54795
471.565125
471.5712
471.58285
471.593775
471.6325
471.647
471.673775
471.6814
471.685025
471.700725
471.714775
471.73105
471.735575
471.756025
471.77555
471.791575
471.804925
471.8244
471.846
471.89485
471.96395
471.999025
472.019475
472.026025
472.0838
472.112975
472.131525
472.1562
472.166725
472.18315
472.1945
472.204725
472.217
472.249125
472.2556
472.266975
472.287275
472.2969
472.3174
472.371375
472.397575
472.4366
472.481125
472.52395
472.557475
472.59465
472.631275
472.6757
472.69985
472.74215
472.787575
472.821825
472.85635
472.883275
472.8949
472.91245
472.9215
472.9316
472.9465
472.9627
472.96455
472.97815
473.004725
473.042725
473.080375
473.12395
473.1599
473.206075
473.2358
473.2799
473.323525
473.36605
473.4045
473.444575
473.493875
473.529225
473.574575
473.6179
473.663575
473.7041
473.713825
473.731175
473.771
473.7895
473.815
473.8534
473.890125
473.916325
473.9591
473.998575
474.040875
474.088075
474.12445
474.141675
474.1597
474.208425
474.241525
474.287875
474.317825
474.33565
474.3536
474.361925
474.385025
474.389975
474.396125
474.406025
474.411825
474.421525
474.422175
474.44835
474.4884
474.522375
474.56855
474.616125
474.638675
474.682
474.72685
474.76015
474.79875
474.823725
474.83435
474.872125
474.882825
474.904725
474.91485
474.93455
474.9541
474.959925
474.968275
474.975425
474.981175
474.98745
474.994075
475.002375
475.010825
475.0178
475.022225
475.029025
475.036325
475.0461
475.053325
475.065825
475.087425
475.11975
475.16925
475.199375
475.25035
475.281
475.312025
475.3573
475.389525
475.42145
475.42685
475.44445
475.4671
475.48115
475.491075
475.50485
475.513375
475.520325
475.532175
475.54215
475.569175
475.583025
475.603525
475.6355
475.6768
475.71075
475.73505
475.777875
475.813025
475.85555
475.897225
475.93835
475.958475
475.9697
475.9743
475.981125
475.985575
475.991175
476.010525
476.016325
476.020875
476.026825
476.033175
476.0394
476.0474
476.0548
476.063625
476.0733
476.086725
476.105175
476.13685
476.162475
476.198725
476.2282
476.25985
476.282075
476.316125
476.367775
476.397775
476.406175
476.41415
476.417575
476.4221
476.425125
476.427475
476.430775
476.44665
476.450625
476.45545
476.48655
476.49355
476.519475
476.556925
476.59115
476.62305
476.6645
476.684425
476.6943
476.728625
476.757525
476.7962
476.843325
476.856125
476.86455
476.868775
476.87445
476.882275
476.899225
476.917575
476.946325
476.959875
476.9836
476.994875
477.061025
477.10545
477.1412
477.1601
477.1969
477.225875
477.234
477.261225
477.292625
477.328925
477.39165
477.408025
477.417825
477.425125
477.43075
477.4366
477.443375
477.4464
477.4551
477.4618
477.4658
477.472
477.479175
477.4911
477.5281
477.546825
477.555375
477.56695
477.581025
477.640675
477.664025
477.7018
477.738675
477.7676
477.797475
477.852875
477.9206
477.9532
477.98085
478.0196
478.047725
478.08765
478.117675
478.1635
478.196225
478.235275
478.2548
478.26115
478.27185
478.27775
478.284175
478.29405
478.3138
478.3277
478.338225
478.3477
478.357625
478.36985
478.381275
478.396375
478.40615
478.4213
478.4432
478.461875
478.49285
478.526075
478.5501
478.58155
478.621175
478.653475
478.720525
478.746925
478.762125
478.7813
478.7873
478.794325
478.798575
478.809875
478.8156
478.8265
478.830275
478.837475
478.846225
478.8525
478.870975
478.881975
478.900275
478.968575
479.00545
479.048
479.074225
479.1022
479.1312
479.168125
479.200225
479.233125
479.2765
479.300975
479.3164
479.32195
479.3284
479.332425
479.33705
479.346
479.351325
479.35775
479.366525
479.379875
479.386625
479.394125
479.40255
479.40875
479.41985
479.431125
479.44755
479.475325
479.5385
479.5793
479.620425
479.660175
479.687825
479.740175
479.8028
479.845475
479.87575
479.909875
479.917625
479.921425
479.929075
479.93455
479.94145
479.945275
479.949275
479.95615
479.9624
479.969575
479.974775
479.9832
479.993675
480.006225
480.028175
480.054925
480.091175
480.115325
480.154575
480.1911
480.227675
480.268975
480.312425
480.3567
480.39715
480.423825
480.428775
480.445125
480.452425
480.4622
480.47735
480.484175
480.490675
480.495075
480.502025
480.52655
480.5505
480.578575
480.60345
480.636875
480.7232
480.74245
480.78145
480.834025
480.842
480.8496
480.855075
480.861275
480.87115
480.882325
480.89205
480.89745
480.90765
480.92
480.933075
480.9452
480.959325
480.9763
480.993025
481.0194
481.11545
481.132225
481.145225
481.152525
481.159
481.162775
481.1657
481.1808
481.20335
481.2145
481.230725
481.27605
481.3035
481.33755
481.370775
481.40455
481.4369
481.467975
481.494275
481.530475
481.569175
481.638375
481.6705
481.706775
481.7465
481.785225
481.8418
481.860775
481.86945
481.87695
481.890625
481.8951
481.8977
481.909475
481.934375
481.952375
481.988425
482.01735
482.05755
482.096
482.125725
482.165225
482.198925
482.242425
482.28695
482.31
482.332125
482.342575
482.34615
482.353125
482.374125
482.386575
482.428425
482.43875
482.46695
482.4945
482.5258
482.562
482.5873
482.620825
482.648525
482.691625
482.72735
482.77125
482.8053
482.817625
482.832225
482.83925
482.84695
482.854875
482.86115
482.873875
482.891725
482.90675
482.9274
482.944275
482.98885
483.0095
483.0344
483.052025
483.069025
483.086275
483.1107
483.133675
483.1576
483.172025
483.1982
483.2253
483.2571
483.293775
483.321875
483.3437
483.362275
483.393775
483.42345
483.4669
483.500375
483.542925
483.578075
483.618925
483.658325
483.694375
483.737
483.7669
483.80425
483.8372
483.864175
483.8999
483.910675
483.916075
483.9251
483.932475
483.93595
483.93855
483.94965
483.95125
483.953275
483.959425
483.966075
483.97495
483.9899
484.00075
484.01885
484.02875
484.0521
484.1099
484.129575
484.14325
484.1641
484.189975
484.212175
484.225475
484.247
484.27045
484.288175
484.31955
484.351125
484.3771
484.39715
484.432225
484.45605
484.492725
484.49785
484.5307
484.555375
484.5917
484.625725
484.648475
484.682425
484.71245
484.7594
484.796075
484.82585
484.8669
484.9027
484.935825
484.971025
484.996725
485.008075
485.030625
485.036875
485.0431
485.050225
485.052775
485.056175
485.05875
485.0619
485.065725
485.072125
485.07675
485.08785
485.0992
485.101525
485.108425
485.126125
485.14565
485.1656
485.174425
485.1894
485.198375
485.2171
485.254025
485.31955
485.355625
485.4276
485.49315
485.5229
485.553925
485.62375
485.642625
485.6805
485.696925
485.707325
485.71965
485.7312
485.744325
485.755875
485.76305
485.7729
485.78145
485.7956
485.8495
485.88985
485.92475
485.9587
485.993575
486.02385
486.070975
486.11155
486.137675
486.16335
486.1809
486.1953
486.2179
486.23215
486.252
486.2578
486.2644
486.268175
486.273425
486.27625
486.280825
486.283225
486.288625
486.291175
486.295125
486.29755
486.301525
486.305225
486.314925
486.327675
486.3379
486.34225
486.3505
486.35515
486.374725
486.382925
486.3938
486.41615
486.442
486.4733
486.51335
486.5516
486.582025
486.611325
486.6523
486.679875
486.70095
486.722275
486.7271
486.738025
486.740275
486.7427
486.744975
486.74975
486.75205
486.757025
486.779625
486.78685
486.790725
486.7995
486.80665
486.8133
486.820475
486.8364
486.8587
486.893825
486.925975
486.96245
486.996125
487.0206
487.053225
487.083075
487.10685
487.12885
487.15215
487.1727
487.1991
487.222425
487.22765
487.232975
487.24115
487.247475
487.284875
487.317575
487.363975
487.392075
487.429
487.46195
487.48395
487.51585
487.5529
487.58355
487.604875
487.6184
487.626075
487.6345
487.639725
487.6566
487.6612
487.666575
487.675775
487.681475
487.688175
487.699325
487.71085
487.725675
487.73465
487.74365
487.755075
487.765575
487.782475
487.80635
487.852175
487.893075
487.931175
487.97415
488.0151
488.0469
488.087375
488.14495
488.182875
488.214175
488.2355
488.2505
488.2725
488.3096
488.35045
488.383225
488.42195
488.464375
488.505475
488.5548
488.57955
488.615625
488.651425
488.676425
488.677775
488.687325
488.69385
488.699
488.708375
488.712575
488.718
488.7284
488.7331
488.7385
488.74525
488.7564
488.7646
488.7703
488.7761
488.783125
488.79025
488.7956
488.813475
488.818275
488.829875
488.8517
488.895275
488.939525
488.98
489.010125
489.0494
489.082
489.13155
489.171675
489.213925
489.242975
489.33055
489.355125
489.36495
489.370825
489.376925
489.383175
489.389275
489.39255
489.3981
489.4048
489.412775
489.43835
489.445725
489.46125
489.469025
489.4766
489.486075
489.5054
489.53165
489.568
489.60225
489.6288
489.674725
489.7094
489.723375
489.7584
489.788775
489.80885
489.822225
489.832575
489.84565
489.852325
489.861425
489.871275
489.8829
489.895925
489.913
489.92035
489.9277
489.9321
489.936875
489.940975
489.94765
489.9503
489.96555
489.97425
490.0149
490.0573
490.09005
490.1235
490.164625
490.2001
490.23105
490.2854
490.31045
490.32315
490.331175
490.3376
490.342975
490.34805
490.35255
490.35605
490.3605
490.38135
490.4055
490.413825
490.4336
490.45045
490.490825
490.52605
490.5555
490.5691
490.59255
490.626625
490.65305
490.655625
490.658825
490.6612
490.6656
490.6692
490.671425
490.6744
490.676625
490.678775
490.684825
490.686825
490.6933
490.695675
490.69795
490.7031
490.715275
490.7406
490.781075
490.787625
490.835775
490.86905
490.942125
490.98255
491.00725
491.034075
491.043875
491.053375
491.0698
491.1139
491.1335
491.1543
491.187675
491.2543
491.292375
491.3243
491.3626
491.40175
491.433175
491.468825
491.500675
491.5613
491.59555
491.621175
491.6585
491.695375
491.7221
491.7533
491.785625
491.801925
491.8151
491.83855
491.8626
491.9277
491.93495
491.9736
491.992575
492.02265
492.073
492.113275
492.156775
492.201325
492.221175
492.233925
492.243925
492.2468
492.255125
492.26395
492.271775
492.279475
492.28435
492.29995
492.307625
492.325475
492.3436
492.349675
492.3644
492.37365
492.392875
492.42235
492.458675
492.489
492.523225
492.56125
492.5927
492.620275
492.654375
492.68835
492.6957
492.710275
492.71935
492.723825
492.726925
492.7322
492.73495
492.73755
492.744
492.7485
492.75495
492.7634
492.773275
492.783775
492.803375
492.82265
492.832675
492.862475
492.8931
492.926175
492.96155
492.993825
493.022275
493.0683
493.104925
493.1288
493.1468
493.150175
493.159325
493.163175
493.168825
493.183225
493.189125
493.197025
493.2022
493.2142
493.22255
493.26965
493.3189
493.390725
493.417075
493.442375
493.473825
493.516725
493.55555
493.58465
493.621525
493.656525
493.69415
493.70075
493.714325
493.72215
493.7266
493.741
493.752125
493.762725
493.776825
493.788675
493.81765
493.8554
493.8926
493.91055
493.939975
493.979375
494.018525
494.044225
494.05375
494.056775
494.064875
494.075875
494.0829
494.09245
494.100625
494.107075
494.114475
494.12445
494.16255
494.1919
494.26245
494.29375
494.3307
494.3834
494.39885
494.4138
494.420375
494.42725
494.438575
494.443775
494.449025
494.4632
494.47025
494.4858
494.510875
494.5179
494.528925
494.55755
494.58355
494.6637
494.6923
494.734625
494.76725
494.8031
494.840475
494.873225
494.9021
494.945125
494.972475
495.0092
495.044
495.09075
495.129575
495.161375
495.187125
495.19795
495.209775
495.21655
495.2251
495.23445
495.23755
495.240475
495.245225
495.247875
495.254075
495.2673
495.275925
495.283175
495.29925
495.30525
495.330825
495.3485
495.3741
495.40485
495.441475
495.485025
495.51485
495.550675
495.592325
495.6242
495.63345
495.641025
495.64435
495.6473
495.6506
495.65355
495.658775
495.6607
495.662675
495.675875
495.69085
495.694
495.70215
495.71675
495.731725
495.74685
495.760375
495.789975
495.812975
495.85035
495.899775
495.94345
495.995975
496.01395
496.0201
496.022675
496.024725
496.033775
496.0448
496.049525
496.052675
496.057275
496.07365
496.0863
496.11135
496.14095
496.146025
496.161825
496.174275
496.18925
496.198525
496.20945
496.218025
496.227625
496.242325
496.26105
496.289975
496.317425
496.383075
496.4185
496.449675
496.4877
496.526025
496.5669
496.593675
496.63865
496.668625
496.68545
496.688025
496.690525
496.692725
496.6976
496.7007
496.704675
496.7083
496.71125
496.716725
496.722225
496.72625
496.744
496.74905
496.75725
496.76895
496.77945
496.787325
496.806225
496.813175
496.8213
496.8435
496.849275
496.893175
496.920625
496.957075
496.997775
497.02875
497.056925
497.098075
497.1357
497.16145
497.172075
497.175575
497.18095
497.1859
497.1909
497.1959
497.202875
497.207275
497.213125
497.21715
497.2428
497.25055
497.26845
497.29125
497.312425
497.322475
497.3297
497.336
497.343975
497.35195
497.35575
497.373025
497.3955
497.434375
497.461625
497.495225
497.526525
497.565
497.6032
497.634125
497.6636
497.667725
497.674875
497.6821
497.693775
497.696675
497.6995
497.72015
497.7263
497.729525
497.7385
497.763075
497.790925
497.81665
497.855475
497.8978
497.928325
497.9672
498.004275
498.039
498.066375
498.072675
498.077375
498.0886
498.094075
498.096725
498.100625
498.105175
498.10865
498.11535
498.1226
498.13085
498.1468
498.155325
498.168525
498.196675
498.2385
498.2752
498.30735
498.380475
498.4104
498.444425
498.48635
498.5299
498.5438
498.54915
498.55555
498.559375
498.562075
498.564325
498.5693
498.57515
498.57825
498.582975
498.5883
498.59475
498.600725
498.60625
498.611625
498.620225
498.633175
498.713
498.763575
498.809175
498.859625
498.93845
498.9878
499.02375
499.037225
499.050575
499.058225
499.064525
499.069925
499.075025
499.07865
499.086375
499.0976
499.123025
499.136525
499.1557
499.189875
499.2635
499.30955
499.33805
499.380675
499.4141
499.463575
499.492
499.505275
499.50795
499.518675
499.554725
499.579225
499.621325
499.652325
499.688825
499.7234
499.753625
499.79145
499.803175
499.80965
499.81505
499.81865
499.823675
499.833075
499.841375
499.846075
499.848575
499.871925
499.938075
499.9591
499.975825
500.008475
500.020275
500.033725
500.058175
500.089875
500.134325
500.161825
500.2054
500.243925
500.2732
500.3105
500.328175
500.340775
500.3487
500.3512
500.377425
500.38835
500.395875
500.405325
500.433375
500.45475
500.48565
500.524175
500.554725
500.592575
500.624375
500.706725
500.7482
500.778625
500.805525
500.809375
500.81785
500.8346
500.8364
500.83835
500.8414
500.848975
500.85485
500.862425
500.871075
500.8874
500.90725
500.9496
500.989275
501.024125
501.0546
501.096225
501.139625
501.1637
501.19925
501.23505
501.2464
501.25485
501.262775
501.267475
501.269925
501.2727
501.276475
501.28045
501.28595
501.292225
501.29515
501.31035
501.31545
501.334475
501.340475
501.35045
501.359025
501.40315
501.446425
501.494425
501.530375
501.579
501.615175
501.6549
501.6816
501.7232
501.7555
501.799975
501.842125
501.879275
501.91625
501.9586
502.0467
502.0696
502.1546
502.1817
502.194175
502.196075
502.200575
502.202875
502.205675
502.214325
502.21885
502.22365
502.2329
502.26035
502.3105
502.355675
502.403375
502.4089
502.450725
502.487325
502.521225
502.554975
502.56995
502.578975
502.59205
502.6013
502.61185
502.627025
502.657325
502.676425
502.7019
502.717425
502.75715
502.79925
502.8421
502.879175
502.9049
502.9459
502.981275
503.01305
503.05245
503.078025
503.10945
503.15215
503.17355
503.19625
503.2023
503.205475
503.209275
503.213375
503.2215
503.230575
503.234475
503.2413
503.257425
503.26285
503.266375
503.2734
503.28335
503.288325
503.29845
503.31085
503.3208
503.327575
503.339425
503.351275
503.3723
503.374125
503.392675
503.3975
503.406975
503.4278
503.436775
503.464625
503.49775
503.55695
503.582925
503.606375
503.62405
503.697525
503.723775
503.753875
503.8422
503.90105
503.967475
504.007225
504.047175
504.0798
504.115075
504.1164
504.1689
504.199575
504.23565
504.2758
504.318025
504.361375
504.3992
504.44045
504.47625
504.49965
504.5103
504.51605
504.52395
504.5435
504.5768
504.6422
504.6887
504.72725
504.7737
504.77975
504.82575
504.84325
504.852325
504.864825
504.873475
504.880925
504.886875
504.90455
504.918075
504.92925
504.93605
504.968625
505.001825
505.0333
505.077925
505.10915
505.155225
505.1853
505.2255
505.2376
505.326075
505.366375
505.38855
505.395425
505.411275
505.417
505.425725
505.4349
505.463225
505.500475
505.515425
505.54565
505.573675
505.61275
505.636925
505.682925
505.71515
505.7492
505.78875
505.814925
505.86585
505.926375
505.960325
506.000225
506.007375
506.015975
506.022125
506.03365
506.038975
506.04365
506.058675
506.0645
506.079525
506.08735
506.0982
506.1121
506.14225
506.16575
506.20435
506.235
506.2684
506.286525
506.298425
506.381275
506.41285
506.433175
506.445
506.452925
506.47245
506.491275
506.52325
506.5625
506.5928
506.62455
506.657325
506.6886
506.7283
506.76605
506.80715
506.83005
506.8709
506.898475
506.9663
506.9709
506.98045
506.98375
506.997
507.005325
507.015775
507.02535
507.062325
507.0788
507.108775
507.14885
507.199125
507.214625
507.222725
507.26995
507.2805
507.299675
507.3761
507.39005
507.4288
507.437725
507.44805
507.459825
507.473325
507.5205
507.5472
507.5708
507.595775
507.6235
507.639
507.65425
507.669325
507.67965
507.693575
507.7084
507.736975
507.7556
507.7993
507.8318
507.860225
507.893425
507.9222
507.9532
507.991375
508.0256
508.057625
508.098125
508.141225
508.17425
508.215725
508.252075
508.283775
508.301625
508.314425
508.326525
508.337
508.3458
508.36895
508.3868
508.396575
508.40575
508.43995
508.503725
508.533475
508.563175
508.57515
508.5936
508.625625
508.659825
508.693625
508.746725
508.7918
508.82295
508.863425
508.90455
508.93955
508.951925
508.962025
508.965425
508.967225
508.977125
508.9827
508.9881
508.992075
509.00255
509.015225
509.0356
509.061025
509.09195
509.132175
509.155325
509.228075
509.26145
509.309675
509.349125
509.3872
509.3922
509.427175
509.461
509.505675
509.538625
509.559475
509.574425
509.59355
509.597575
509.604775
509.61045
509.615225
509.621025
509.63775
509.64445
509.661975
509.6732
509.6904
509.706375
509.714675
509.739425
509.744925
509.778225
509.80415
509.83225
509.863075
509.8973
509.915925
509.9253
509.958775
509.9874
510.016425
510.052425
510.0926
510.117775
510.157625
510.184775
510.2171
510.244775
510.282025
510.348775
510.368
510.37585
510.386575
510.389975
510.396625
510.4049
510.41675
510.4261
510.45895
510.4877
510.52425
510.57135
510.5886
510.62875
510.66145
510.693375
510.731875
510.76345
510.8027
510.83695
510.87485
510.906425
510.93615
510.952875
510.968125
510.97275
510.990725
510.993125
510.99875
511.001125
511.0063
511.00925
511.012175
511.02945
511.044175
511.0686
511.090975
511.1271
511.159425
511.183675
511.21245
511.232725
511.2554
511.26725
511.276775
511.28505
511.294725
511.3028
511.31745
511.328875
511.335675
511.340025
511.348625
511.3546
511.363075
511.397775
511.40865
511.424175
511.44105
511.471175
511.5108
511.530525
511.5698
511.606525
511.632575
511.659675
511.683775
511.7251
511.75955
511.79325
511.801525
511.80445
511.807825
511.81055
511.813025
511.816
511.82505
511.83305
511.838875
511.843325
511.8523
511.866125
511.877325
511.932925
511.974475
512.009375
512.04925
512.076375
512.1052
512.1377
512.175
512.20915
512.2393
512.2748
512.305525
512.3497
512.3709
512.397825
512.407975
512.423775
512.42965
512.435875
512.4458
512.45035
512.4571
512.465025
512.47035
512.478825
512.493475
512.52025
512.54505
512.574975
512.61225
512.639675
512.688075
512.736075
512.760075
512.787825
512.827425
512.866575
512.900275
512.936
512.969375
513.009875
513.038325
513.085275
513.145175
513.17115
513.180025
513.18655
513.190225
513.193525
513.2004
513.208575
513.21705
513.21985
513.222525
513.2262
513.231525
513.238675
513.2477
513.2614
513.269675
513.286175
513.34265
513.374275
513.41605
513.44495
513.47935
513.495525
513.501175
513.507975
513.51075
513.51445
513.519875
513.52705
513.537775
513.5436
513.545925
513.553525
513.55905
513.56275
513.572425
513.604275
513.629075
513.6629
513.693275
513.746925
513.77275
513.810775
513.84895
513.876725
513.887225
513.8955
513.899875
513.902025
513.90535
513.9095
513.915725
513.9183
513.92865
513.94475
513.953725
513.96725
514.004525
514.04705
514.07465
514.1453
514.18125
514.2233
514.253925
514.29125
514.3124
514.33635
514.341225
514.352375
514.354575
514.35875
514.360725
514.36285
514.370525
514.377875
514.3911
514.40025
514.407825
514.421325
514.43935
514.469825
514.548925
514.6086
514.6275
514.656125
514.674125
514.68055
514.686775
514.689325
514.701125
514.706075
514.7089
514.713525
514.720025
514.731725
514.739375
514.751775
514.7633
514.78965
514.8252
514.8701
514.916275
514.945825
514.987725
515.0281
515.05815
515.085075
515.1162
515.122275
515.12755
515.134425
515.13885
515.14465
515.15865
515.17105
515.174575
515.181375
515.1942
515.2084
515.210875
515.23555
515.271425
515.3034
515.336225
515.37285
515.4383
515.470575
515.4731
515.51485
515.5576
515.582225
515.5896
515.59485
515.605775
515.609825
515.6166
515.624475
515.63005
515.634625
515.63795
515.642125
515.647525
515.65755
515.66865
515.682325
515.72945
515.7919
515.827525
515.8631
515.895425
515.928175
515.968325
515.9923
516.0057
516.045875
516.073025
516.109225
516.142775
516.194125
516.221225
516.25065
516.286075
516.322325
516.357725
516.393475
516.41845
516.445975
516.4723
516.473775
516.4802
516.49185
516.498825
516.50545
516.5085
516.515075
516.5264
516.53145
516.547375
516.56795
516.5728
516.596
516.601625
516.625275
516.643325
516.670825
516.6807
516.708925
516.72175
516.764475
516.8049
516.83635
516.876975
516.911
516.9506
516.9916
517.0296
517.07055
517.12335
517.149975
517.191875
517.220525
517.2356
517.25555
517.2791
517.3132
517.34265
517.377325
517.40475
517.4466
517.485
517.52335
517.555
517.5982
517.6388
517.7164
517.748575
517.779625
517.8061
517.82535
517.8344
517.843675
517.8505
517.8548
517.8577
517.86135
517.867875
517.872
517.876225
517.881425
517.88735
517.894325
517.901175
517.90815
517.91585
517.92805
517.952375
517.97215
518.012475
518.049
518.0929
518.1242
518.188475
518.226575
518.2756
518.314475
518.364675
518.43305
518.4821
518.508925
518.536525
518.55385
518.5625
518.568375
518.5798
518.5891
518.597925
518.6086
518.6365
518.657225
518.6773
518.690875
518.7161
518.748575
518.7771
518.8149
518.8357
518.846475
518.854475
518.8644
518.874475
518.888925
518.9119
518.925025
519.0401
519.079975
519.111575
519.159925
519.177525
519.2236
519.23945
519.24895
519.258475
519.27675
519.28405
519.293475
519.310675
519.32
519.324825
519.331475
519.347325
519.353725
519.361
519.371725
519.381225
519.423475
519.4478
519.479775
519.508925
519.525275
519.54635
519.571925
519.603375
519.639775
519.676075
519.6992
519.7288
519.756475
519.7868
519.8134
519.85335
519.86195
519.86705
519.88905
519.8967
519.906375
519.9162
519.977
520.01095
520.047825
520.07625
520.1109
520.142075
520.171125
520.217275
520.2499
520.2837
520.325575
520.327025
520.3467
520.3734
520.3843
520.3896
520.39975
520.40295
520.4086
520.411475
520.42165
520.426075
520.4337
520.440925
520.446275
520.4567
520.491975
520.54225
520.56815
520.6
520.63225
520.66455
520.697325
520.72465
520.75335
520.7918
520.830075
520.8637
520.8874
520.917675
520.9534
520.982675
520.995825
521.0145
521.02135
521.0355
521.04275
521.04835
521.0594
521.065175
521.079525
521.087875
521.0963
521.1058
521.1348
521.160725
521.172675
521.202225
521.216975
521.241025
521.269325
521.297675
521.34025
521.410475
521.445875
521.4867
521.512525
521.552725
521.587325
521.62255
521.6688
521.7273
521.7538
521.797875
521.825675
521.84995
521.863825
521.872
521.885125
521.890475
521.902025
521.91275
521.91755
521.925925
521.93465
521.941575
521.94755
521.973525
521.983
521.992075
522.01675
522.025725
522.04485
522.074875
522.0932
522.1191
522.145575
522.158675
522.164275
522.169375
522.174425
522.17775
522.1821
522.1843
522.1867
522.1893
522.197125
522.1997
522.2205
522.239275
522.24805
522.2666
522.290475
522.331275
522.355675
522.39875
522.424625
522.46025
522.5036
522.533875
522.56665
522.5956
522.619475
522.62755
522.63745
522.640125
522.64125
522.653575
522.671175
522.675175
522.682125
522.687425
522.702475
522.7156
522.722525
522.728875
522.75265
522.777525
522.810275
522.842
522.871875
522.9072
522.935725
522.974825
523.00605
523.050425
523.081225
523.125175
523.168925
523.24165
523.2667
523.2772
523.29555
523.303175
523.3108
523.318225
523.3223
523.33375
523.345
523.35005
523.35675
523.365375
523.38
523.405075
523.420375
523.434775
523.443325
523.47025
523.49435
523.527975
523.56155
523.630425
523.6636
523.707225
523.737875
523.7716
523.807575
523.84435
523.8898
523.924
523.967225
523.99945
524.044675
524.0848
524.1271
524.153575
524.17145
524.19285
524.20785
524.218975
524.231975
524.2391
524.2619
524.269125
524.27805
524.294375
524.3055
524.314125
524.32125
524.334275
524.349825
524.367975
524.400925
524.4435
524.47405
524.50335
524.542975
524.6384
524.674925
524.70905
524.7701
524.803775
524.8179
524.825
524.8357
524.845625
524.854525
524.86225
524.8665
524.88345
524.88865
524.8969
524.9029
524.920125
524.936025
524.957675
524.99315
525.027525
525.06075
525.098925
525.144325
525.177
525.214125
525.25995
525.307325
525.346675
525.381525
525.408575
525.42265
525.441
525.450675
525.4708
525.496275
525.53065
525.544025
525.5525
525.562025
525.568975
525.5764
525.583475
525.588475
525.594125
525.599
525.60815
525.612375
525.6167
525.624625
525.632025
525.636925
525.652325
525.662325
525.676325
525.689125
525.725225
525.750925
525.776725
525.8166
525.857475
525.894925
525.9608
525.979125
525.9968
526.020875
526.04075
526.051025
526.061575
526.072975
526.082675
526.083775
526.098625
526.106375
526.11175
526.116675
526.125125
526.135475
