0.1241
0.494775
0.637225
0.772525
0.776875
0.7978
0.84515
1.46715
1.480325
1.5045
1.5387
1.6024
2.019375
2.032925
2.0556
2.086075
2.096
2.17315
3.102375
3.21025
3.228025
3.31175
3.750325
3.7869
3.8377
4.3728
4.39505
5.020825
5.056175
5.084375
5.112225
5.556775
5.6286
5.648125
5.7313
5.78765
5.982925
6.071825
6.083625
6.105175
6.1187
6.12655
6.137825
6.165275
6.193375
6.221875
6.231025
6.277125
6.3313
6.507875
6.531325
6.591325
6.606475
6.632625
6.669525
6.703925
8.291625
8.3026
8.387175
8.782825
9.78825
9.836475
9.8687
9.90615
9.951475
9.962575
9.988325
9.9971
10.10145
10.324975
10.353075
10.494225
10.6573
11.069075
11.09895
11.1071
11.58305
12.04015
12.250075
12.267225
12.2721
12.379325
12.47155
12.99255
13.0172
13.023625
13.03405
13.0388
13.0402
13.05215
13.466575
13.987625
14.438325
14.4666
14.883675
15.4148
15.42255
15.719375
17.936225
17.940975
18.38015
18.3918
18.474675
19.498425
20.581875
20.600925
20.77405
20.846675
20.85265
20.902075
20.98055
21.045375
21.33335
21.35465
21.426225
21.4304
21.854775
21.86745
22.823475
22.965675
23.42115
23.872575
23.89225
24.329925
24.343525
25.353375
25.356175
25.359625
25.361025
26.00875
26.031625
26.60695
26.757375
26.804925
26.858375
26.861725
26.8637
26.88105
27.740775
27.749125
28.17595
28.188725
28.20575
28.645375
28.7995
28.807475
29.036225
29.065225
30.099325
30.218425
30.2537
30.65155
30.82735
31.46425
31.58265
31.607875
31.64895
32.4427
32.4491
32.46565
32.485125
32.854525
32.865975
32.8809
32.8932
32.96325
33.123775
33.26485
33.28525
33.3203
33.36915
33.58055
33.651075
33.678825
34.021275
34.0733
34.0924
34.163875
34.6215
34.639925
35.164875
35.1755
35.258175
35.52165
35.557675
35.568875
35.771225
35.793375
35.8025
35.80705
35.83835
35.843075
35.8449
36.4083
36.8316
36.866975
37.084525
37.098575
37.100075
37.1063
37.1095
37.129075
37.130375
37.754425
38.166425
38.175575
38.542175
38.5892
38.7611
39.1429
39.9784
40.031325
40.406
40.74835
40.81355
40.832225
41.287325
41.360775
41.4361
41.4446
41.466975
41.7303
41.753225
41.75675
41.76975
41.796975
41.87255
41.883575
41.9068
43.046575
43.068375
43.2291
43.233175
43.2454
43.277825
43.3342
43.94395
45.210975
45.2689
45.2758
45.790475
45.817875
45.826275
45.8435
46.2105
46.324625
46.679275
46.895775
46.9236
46.932
47.00655
47.236125
47.4898
47.554075
47.6628
47.714775
47.731625
47.764825
47.776525
47.85595
47.96515
48.11965
48.683725
49.004575
49.1096
49.1321
49.13555
49.155925
49.9383
50.27905
50.298725
50.89865
50.949275
50.973075
51.76135
52.807125
52.827525
53.31165
53.3383
53.749325
54.25895
54.87825
55.220225
55.231575
55.6996
55.727675
55.9843
55.99545
56.02835
56.051175
56.063375
56.2072
56.237525
56.245075
56.2663
56.272425
56.2834
56.486025
56.7215
56.739425
56.83985
56.900975
56.91285
57.032075
57.0654
57.410925
57.42455
58.150675
58.160225
58.1758
58.22565
58.26895
58.7773
58.8439
58.868025
58.924525
59.187825
59.21165
59.2284
59.246
59.275375
59.2845
59.694575
59.70825
59.71685
59.725575
59.736575
59.76145
59.77505
59.81865
59.834575
59.84845
59.8905
59.934575
60.5453
60.57125
60.58555
61.0173
61.049025
61.37745
61.382825
61.38525
61.408875
61.686275
61.7193
61.76845
61.778625
61.8212
61.837225
61.846575
61.860675
62.004675
62.120625
62.14565
62.171825
62.181
62.27675
62.32425
62.472275
63.16
63.4844
63.958525
63.980425
64.558975
64.5898
64.68
64.689525
64.708725
65.4032
65.4223
65.43475
65.809175
65.826125
65.93505
65.954175
66.27395
66.29065
66.3346
66.424475
66.439075
66.49275
66.563625
66.7247
66.735225
66.77405
66.7818
66.8165
66.836825
66.909825
66.93875
67.244475
67.262525
67.2854
67.305075
67.331775
67.358325
67.626225
67.64715
67.658275
67.667275
67.7223
67.8128
67.8438
68.27765
68.30945
68.3119
68.3181
68.3434
68.362175
68.71505
68.72355
68.78945
68.7956
68.921175
69.01475
69.234675
69.253275
69.277625
69.294425
69.723275
70.213
70.242125
70.26205
70.279675
70.29365
70.47925
70.5069
70.519875
70.543975
70.708175
70.72625
70.805625
70.8495
70.8701
70.91115
70.9156
72.56535
73.01675
73.051775
73.096875
73.440875
73.442275
73.448225
73.4513
73.456225
73.45845
73.469625
73.4927
73.853625
73.894725
73.9081
74.23935
74.676175
75.12385
75.1337
75.142025
75.147125
75.22765
75.24565
75.249675
75.2569
75.2841
75.818225
75.858625
75.869075
75.873425
75.890875
76.5692
76.60645
76.62905
76.688775
76.89715
76.97065
76.994175
77.0476
77.06155
77.23945
77.416025
77.4454
77.448725
77.47355
77.4861
77.50755
77.515225
77.860725
77.878875
77.956275
78.387925
78.39385
78.439275
78.44715
79.045375
79.053725
79.099275
79.480175
79.77215
79.78515
79.80155
79.964175
80.40715
80.53165
81.8553
82.096875
82.281875
82.400775
82.595325
82.614
82.6502
82.70585
82.72
82.74265
83.462875
83.64685
83.653225
83.671025
83.9134
83.9847
84.070075
84.0896
84.13165
84.1637
84.534175
84.6487
84.65935
84.97755
84.991875
85.009125
85.04785
85.3914
85.478825
85.54695
85.562
85.578
85.7224
85.731575
85.732775
85.736075
86.36595
86.4907
86.627125
86.642375
86.65085
87.2907
87.3016
87.335075
87.411225
87.70895
87.716675
87.778375
87.8456
87.879675
88.554925
89.021675
89.085375
89.1
89.711225
89.72675
90.3169
90.458875
90.77425
90.813275
90.8748
91.128775
91.19655
91.271875
91.2856
91.43665
91.4415
91.688875
91.74375
91.77175
92.24825
92.248975
92.26155
92.278675
92.381125
92.394575
92.62245
92.62795
92.670575
92.71055
93.074575
93.6267
93.872775
93.9077
93.96755
93.97655
93.9794
94.007725
94.026
94.0441
94.149575
94.387325
94.45575
94.462325
94.473475
94.483525
94.5424
94.9408
94.9774
95.0036
95.03565
95.29135
96.91545
97.388475
97.39395
97.42045
97.8302
98.16905
98.17265
98.216
98.243625
98.581825
98.585025
98.5907
98.60245
98.6455
98.747525
98.77075
98.776725
98.937975
99.2295
99.25215
99.268175
99.292775
99.597925
99.6192
99.774275
99.78335
99.791875
99.824425
99.85535
99.98205
99.994175
100.0373
100.08795
100.603325
100.629425
100.74525
100.74975
100.759275
100.77925
100.785
100.785975
101.456225
101.59635
101.71675
102.070375
102.107775
102.1299
102.161575
102.317
102.5864
102.6005
102.629425
102.6736
103.032975
103.047125
103.05895
103.0966
103.123875
103.132975
103.1595
103.193475
103.20635
103.222375
103.3991
103.4192
103.58715
103.60245
103.720475
103.868675
103.88235
103.926375
103.9431
103.981375
104.11
104.123925
104.30405
104.305975
104.34905
104.3614
104.3662
104.3934
104.4024
104.4869
104.87755
104.91395
104.939075
104.99235
105.278725
105.286825
105.349975
105.364025
105.3789
105.4456
105.7908
105.80415
105.962325
105.9663
105.97345
105.98695
106.08165
106.218275
106.279475
106.59205
106.59995
106.616725
106.6574
106.9672
107.29985
107.33735
107.367425
107.4205
107.8158
107.8559
108.5727
108.619125
108.62965
108.67445
109.280975
109.295775
109.30145
109.350675
109.6292
109.951775
109.9586
110.5679
110.685575
111.537875
111.564125
111.57405
111.575925
112.190825
112.5379
112.551225
112.561175
112.6706
112.908775
112.9673
113.04475
113.3403
113.4109
113.429825
113.455625
113.5463
113.715025
113.81925
113.843925
113.8671
113.89995
113.941275
114.335075
114.950325
114.9897
115.6845
115.707775
115.775275
116.161275
116.18465
116.192
116.23795
116.775375
116.864625
116.9942
117.1256
117.6179
117.7273
117.748025
117.75255
118.072775
118.445475
118.4971
118.79365
118.81995
118.8422
118.871475
119.26885
119.428825
119.451225
119.733225
119.838125
120.2893
120.378375
120.790875
120.846375
120.8695
120.889675
121.024075
121.183225
121.44615
121.4531
121.79485
121.8045
122.1134
122.151075
122.727425
122.739525
122.777225
122.881025
122.97605
123.3786
124.3577
125.266925
125.643475
125.695875
125.76215
125.778725
125.82085
126.327975
126.35375
126.375625
126.430925
126.4796
127.024075
127.0505
127.401625
127.474025
127.48135
127.506025
127.575275
127.66755
127.702825
127.7326
128.3758
128.382525
128.38545
128.456575
128.91825
128.965725
129.024775
129.085875
129.340325
129.690025
129.739075
129.770775
130.1122
130.1585
130.2149
130.497825
130.51975
130.5318
130.99845
131.00755
131.019575
131.036075
131.086625
131.4619
131.4703
131.485575
131.4892
131.529625
131.5657
131.590225
131.617925
131.64405
132.1983
132.2306
132.268
132.276075
132.63805
132.64595
132.711275
132.739725
132.800725
133.2603
133.2698
133.2717
133.297075
133.481575
133.74085
133.7524
133.76015
133.762375
133.7715
133.794
134.221675
134.237075
134.244225
134.288225
134.304925
134.329125
134.344175
134.38385
134.408125
134.6353
134.661125
134.9412
134.9444
134.97315
135.254875
135.331
135.37445
135.3884
135.41035
135.42205
135.517875
136.166925
136.203275
136.2324
136.244975
136.27715
136.5257
136.781375
136.79755
136.824975
137.53105
137.59325
137.619825
137.77565
137.82185
137.83995
137.878225
137.96745
137.996425
138.093725
138.395625
138.40895
138.41835
138.43895
138.45675
139.036325
139.039725
139.04135
139.06455
139.081075
139.1054
139.87735
139.917375
139.9387
140.43415
140.49125
140.526025
140.646125
140.981925
141.0066
141.02545
141.037675
141.072175
141.35085
141.3589
142.548125
143.458525
143.46645
143.478925
143.487725
143.500625
143.517275
143.757275
143.774075
143.7912
143.8179
143.82925
144.16555
144.261725
144.3375
144.611925
144.61555
144.63245
144.6399
144.645675
144.702475
145.030775
145.1707
145.1982
145.2188
145.305075
145.333275
145.4679
145.5326
145.580575
145.6139
145.66835
145.700225
145.9062
145.9209
145.967675
146.10365
146.109625
146.123925
146.29345
146.31245
146.339375
146.44245
146.451725
146.517975
146.5307
146.571775
146.647
147.126325
147.1293
147.130725
147.141175
147.143225
147.1449
147.151775
147.1636
147.23645
147.64425
147.6804
147.741625
147.79545
147.8736
147.91305
147.9426
148.395975
148.415075
148.4313
148.441
148.825525
148.839925
148.868275
148.92695
148.9442
148.969325
149.3053
149.5403
149.59725
149.81405
150.021875
150.029975
150.09705
150.211525
150.23765
150.261025
150.459875
150.715975
150.7242
150.759675
150.78
150.8558
151.186575
151.205975
151.24985
151.2802
151.32205
151.32615
151.3364
151.366475
152.039175
152.071575
152.473325
152.7074
152.724125
152.731925
152.739575
152.84585
153.090125
153.122425
153.143875
153.169275
153.19055
153.229875
153.232075
153.234175
153.930775
153.940075
153.945425
153.96425
154.03245
154.336525
154.3736
154.39205
154.45385
154.486875
154.568575
155.05035
155.053225
155.054925
155.6862
156.536825
156.554225
156.575675
156.930925
157.2847
157.472325
157.543125
157.86715
157.882875
157.8936
157.91655
158.212775
158.24765
158.251775
158.289
158.33075
158.358575
158.41845
158.6363
158.64655
158.663275
158.685225
158.6976
158.7104
158.744825
158.869025
159.044025
159.0726
159.080975
159.11535
159.134725
159.14865
159.176175
159.1845
159.187425
159.205375
159.4683
159.497425
159.5092
159.53525
159.5643
159.583425
159.587625
159.9096
159.9147
159.9409
159.95175
159.98705
160.00455
160.0228
160.02795
160.036025
160.121925
160.3242
160.335375
160.35785
160.379325
160.3885
160.4142
160.63085
160.64235
160.730725
160.7421
160.77295
160.7893
161.11545
161.12305
161.15655
161.183475
161.197025
161.24585
161.933375
161.94995
161.9622
162.266225
162.2944
162.34095
162.356425
162.380875
162.398075
162.408175
162.43025
163.06065
163.242125
163.284425
163.30085
163.319875
163.3244
163.337225
163.377
163.742675
163.75325
163.76765
163.781225
163.823025
163.845075
163.87105
163.8735
163.8869
164.1033
164.49015
164.51335
164.5226
164.610975
165.0204
165.027325
165.07085
165.07775
165.086925
165.102575
165.11665
165.1373
165.166575
165.3597
165.54085
165.582875
165.5902
165.6381
165.66175
165.6765
165.73305
165.8214
165.9302
165.98215
166.0005
166.02305
166.325875
166.389475
166.4311
166.4792
166.4949
166.5142
166.5251
166.650975
166.65875
166.69565
166.72135
166.927075
166.98555
167.01145
167.028925
167.046325
167.134325
167.290325
167.376675
167.384
167.70875
167.734025
167.74185
167.756225
167.78015
167.795175
167.8575
168.2543
168.277525
168.304775
168.333125
168.3875
168.422775
168.42535
168.71545
168.7322
168.746125
168.760625
168.77105
168.7814
168.789825
168.801675
168.8277
169.10675
169.1482
169.163125
169.17765
169.200925
169.213025
169.224
169.232575
169.264775
169.29905
169.314725
169.377875
169.77585
169.804575
169.83715
170.14125
170.1844
170.2244
170.2357
170.3587
170.387125
170.5748
170.5976
170.620075
170.6416
171.02325
171.030125
171.03315
171.0425
171.049775
171.068125
171.0889
171.101125
171.108625
171.43945
171.451525
171.45785
171.476875
171.782675
171.807425
171.849375
171.87485
171.9192
172.296925
172.332825
172.3461
172.35485
172.441025
172.53625
172.5694
172.59885
172.62035
172.65405
172.75075
172.779125
173.368475
173.377625
173.431225
173.454025
173.4665
173.4812
173.709975
173.737375
173.7913
174.045875
174.065875
174.072625
174.080025
174.128325
174.56585
174.582925
174.58915
174.612025
174.62125
174.653225
174.664025
174.723675
174.8997
174.96025
175.16105
175.1676
175.17525
175.1837
175.190125
175.2055
175.2238
175.55815
175.564575
175.568925
175.58025
175.586
175.596875
175.6192
175.947325
175.956525
175.960625
175.97335
175.982325
175.98605
176.009175
176.026575
176.070075
176.086625
176.133175
176.13565
176.14765
176.165275
176.16665
176.206375
176.227125
176.2725
176.36205
176.6691
176.688875
176.69335
176.72335
176.735325
176.8032
176.820475
176.85405
177.225475
177.2271
177.300275
177.676525
177.75115
177.761875
177.7894
177.81225
177.833325
177.846975
177.8614
177.892775
178.147925
178.1867
178.201125
178.20935
178.22515
178.23505
178.243325
178.254575
178.26115
178.3307
178.511025
178.519775
178.52965
178.549775
178.563375
178.612525
178.6306
178.64295
178.657625
178.66485
178.6832
178.9613
178.971625
178.990625
178.99485
179.027375
179.04135
179.086125
179.12385
179.349125
179.364675
179.370325
179.378075
179.40055
179.41955
179.4305
179.52885
179.5428
179.5627
179.5835
179.726925
179.7391
179.80135
179.8085
179.85275
179.9172
180.14695
180.161025
180.170675
180.184725
180.194275
180.21255
180.234475
180.288
180.3111
180.3468
180.73125
180.796075
180.8287
180.846775
181.14285
181.185225
181.22405
181.2637
181.269275
181.281275
181.286
181.30755
181.33035
181.347675
181.389225
181.60595
181.640775
181.66515
182.0116
182.017175
182.02125
182.026675
182.03035
182.03835
182.051975
182.060675
182.082925
182.1011
182.752325
182.7886
182.812975
182.825925
182.84225
182.88805
182.914125
183.29195
183.3273
183.33845
183.3406
183.365175
183.631825
183.6538
183.66935
183.72055
183.80975
183.856125
183.862825
183.8719
183.8926
183.907375
184.080475
184.404925
184.412925
184.532675
184.62385
184.656925
185.10435
185.11975
185.13445
185.161675
185.590525
185.5987
185.602
185.61895
185.633475
185.660725
185.669475
185.69815
185.980725
185.9872
186.005475
186.0238
186.06925
186.337625
186.343425
186.355875
186.364425
186.390725
186.404225
186.42335
186.81925
186.922525
187.0575
187.138125
187.3029
187.35695
187.4098
187.49455
187.634325
187.649825
187.676375
187.690875
187.7051
188.119975
188.1267
188.132825
188.14085
188.151375
188.157275
188.1697
188.175875
188.196575
188.213075
188.24375
188.257125
188.264975
188.436425
188.552125
188.57435
188.597225
188.73115
188.74415
188.7747
188.788075
188.820375
188.82965
188.8438
188.85745
188.874725
188.914175
188.935175
188.9878
189.169075
189.17345
189.183925
189.202375
189.23145
189.26675
189.3235
189.360975
189.373925
189.39945
189.42205
189.456325
189.474275
189.5185
189.5618
189.812775
189.818775
190.106775
190.115425
190.1204
190.1372
190.140025
190.1485
190.167625
190.183175
190.202625
190.89635
190.909575
190.91605
190.95005
190.972425
191.0001
191.74715
191.7557
191.7618
191.76855
191.79745
191.8073
192.073725
192.0976
192.10255
192.12065
192.4715
192.507225
192.56095
192.5814
192.603025
192.928425
192.98575
192.991925
192.9937
193.05545
193.063825
193.09175
193.34715
193.38095
193.406125
193.741825
193.779525
193.7888
193.79255
193.918325
194.230025
194.2571
194.2872
194.35885
194.377625
194.393725
194.8097
194.8732
194.894375
194.97175
194.984725
195.0289
195.143625
195.190675
195.211825
195.261275
195.275675
195.291925
195.298925
195.305575
195.33535
195.383175
195.387875
195.5118
195.5186
195.6995
196.0844
196.124825
196.220325
196.250425
196.289375
196.509625
196.596125
196.917275
196.9909
197.048225
197.226525
197.2314
197.24
197.36745
197.404375
197.6803
197.7248
198.086525
198.11335
198.13245
198.1354
198.161425
198.242925
198.256675
198.28165
198.59185
198.633325
198.6992
199.096525
199.103225
199.10705
199.1265
199.198275
199.55775
199.570625
199.580075
199.600375
199.639975
199.70915
199.7519
199.758375
200.228575
200.234225
200.2362
200.239625
200.250475
200.266475
200.279525
200.327025
200.346075
200.386975
200.39775
200.432925
200.459075
200.77705
200.792025
200.8036
200.9438
200.99495
201.0038
201.022575
201.053775
201.215325
201.646025
201.656475
202.3359
202.343075
202.37175
202.411125
202.45075
202.483975
202.7443
202.7544
202.82425
202.838025
203.12695
203.136875
203.138575
203.18755
203.2106
203.256725
203.2919
203.3281
203.50355
203.5508
203.556625
203.714725
203.72395
204.5008
204.912375
205.9747
206.495075
206.54375
206.5909
206.922125
206.946275
207.264
207.28705
207.30405
207.763525
207.78695
207.82165
208.0562
208.080175
208.104875
208.1363
208.27585
208.56275
208.570475
208.58895
208.610175
208.65785
208.728425
208.79855
208.831075
208.855825
208.91795
208.922025
209.340675
209.4382
209.52775
209.5603
209.56275
210.0724
210.100725
210.1098
210.118875
210.408625
211.1961
211.215825
211.219875
211.22465
211.23245
211.244325
211.257525
211.58945
211.6039
211.611075
211.624275
211.63865
211.645975
211.703275
211.94355
211.9535
211.956525
214.15095
214.6443
214.6766
215.0643
215.56885
215.6072
215.820675
216.121325
216.1499
216.266325
216.2753
216.28345
216.289425
216.293125
216.325275
216.551125
216.554075
216.573475
216.647925
216.8865
216.947875
216.9858
217.02465
217.0369
217.056325
217.21465
217.322975
217.33
217.415175
217.4394
217.5105
217.521075
217.865275
217.876925
217.924525
217.999025
218.018275
218.11235
218.13355
218.252825
218.26035
218.27205
218.28515
218.3384
218.650775
218.656625
218.665075
218.69515
218.75225
219.0517
219.20135
219.2114
219.23915
219.33635
219.35385
219.627675
219.642525
219.93535
219.985375
220.0338
220.392275
220.41825
220.45165
220.471675
220.505875
220.579
220.592
220.9207
220.93435
220.945425
220.951725
220.969425
220.9961
221.349375
221.382025
221.41005
221.424025
221.454725
221.69805
221.71935
221.72955
221.79245
222.038475
222.0912
222.10495
222.116325
222.152425
222.261375
222.65425
222.729275
222.758475
222.773025
222.80185
222.82695
222.89055
223.17015
223.1909
223.72285
223.8025
223.808075
223.854175
223.92845
223.956225
223.965975
224.051075
224.308975
224.841625
224.843325
224.875175
225.0699
226.0577
226.165475
226.220175
226.22385
226.779425
226.80115
227.137075
227.4467
227.84275
227.87135
227.89725
227.958525
228.34085
228.354225
228.584525
228.899925
229.387325
229.929875
229.955325
229.96775
230.025925
230.14065
230.235925
230.28055
230.597775
230.60255
230.639675
230.923175
230.985475
231.380375
231.439675
231.46375
231.536125
231.55415
231.910525
231.91235
231.92965
231.99995
232.392125
232.398325
232.51295
232.564325
232.92505
232.9351
232.938625
232.939975
233.532275
233.537025
233.5467
233.56325
233.567025
233.581425
234.304525
234.322475
234.6525
234.689075
234.711425
234.7135
234.74215
234.765
235.22125
235.325375
235.750475
235.784525
235.819925
236.045475
236.056925
236.149575
236.3406
236.3746
236.419125
236.437125
237.07585
237.506525
237.537
237.546225
237.58135
237.7223
238.158125
238.164825
238.19425
238.20395
239.00645
239.030325
240.1067
240.319325
240.320875
240.328675
240.332325
240.37295
241.724225
241.79685
242.049825
242.0678
242.418575
243.600625
244.013325
244.034875
244.74335
244.753575
245.80915
245.94285
246.1976
246.3931
246.46565
247.7695
247.773025
248.143375
248.180425
248.251175
248.8165
249.467
249.850525
250.15875
250.8899
250.916325
251.4331
251.562
252.363075
252.6616
252.971025
252.978025
252.997975
253.0494
253.88255
255.239575
255.714475
255.80545
256.085275
256.110525
256.185375
256.19915
256.224125
256.904675
257.4158
