9.24135
9.24505
9.250325
9.3097
9.325725
11.1688
11.17665
11.2965
11.356025
12.358575
12.36705
12.375375
13.238825
15.05155
15.055125
26.502875
34.81275
34.8181
41.23875
41.242525
49.246425
49.371425
56.4495
56.61635
56.623575
57.1214
57.12485
62.726325
62.729725
62.742475
65.10345
65.988125
66.845675
66.8501
73.9114
73.91445
73.9179
74.992
75.006525
79.258525
80.1645
80.180775
80.303125
80.31015
80.3338
80.344375
80.37615
80.5014
80.508275
89.4869
90.586225
90.59075
90.6472
96.37285
97.487525
100.6197
110.7385
116.77725
117.657625
117.66225
117.66725
121.655175
122.61085
122.6149
122.631375
122.6556
122.6603
124.61375
124.61955
124.634275
126.78265
126.78655
126.7969
127.80835
127.81215
127.851925
132.16575
132.170775
135.166025
138.109075
141.89245
141.89895
144.0722
152.221
155.099475
155.1035
155.1085
156.990725
157.097425
160.0917
160.100775
160.795825
160.801125
161.421125
161.42755
161.4319
169.922175
172.485775
174.059275
174.06255
174.066275
174.070075
174.55325
175.33085
175.336025
177.663375
180.90235
180.9071
180.934025
181.736975
181.74225
184.227525
186.526275
186.5321
190.11725
190.121525
193.561475
193.588825
197.7259
198.58295
198.61095
200.329125
200.333275
217.79795
217.807475
217.812975
222.89645
223.5499
225.849125
225.852175
225.85605
225.86155
225.87755
226.739725
226.765575
