3.734375
9.318775
11.20635
11.328875
15.02185
22.605725
26.48855
34.7663
36.758175
56.44015
73.980525
80.316225
83.4978
92.515575
94.1534
94.1731
94.180075
108.4272
111.738425
112.67885
112.8439
113.626925
122.61585
124.645175
135.20085
142.8763
168.8137
170.76525
172.502275
174.601675
176.7244
177.610375
177.628725
177.656025
178.49125
180.005875
180.89845
181.362775
181.74775
182.8895
183.7076
184.14465
185.174075
186.1874
187.577325
188.52625
188.6079
188.981075
189.349025
189.378025
189.44425
189.592475
190.0755
190.091675
190.1479
190.314225
190.562225
190.6684
191.34475
191.675525
192.7316
193.570525
194.514325
194.723625
199.470125
200.33635
214.013675
214.599825
217.801875
218.841575
225.890725
226.726625
227.409375
227.44405
