0.456225
0.568925
0.59325
0.64495
0.91575
0.995475
1.4082
1.450225
1.4575
1.528475
1.685675
1.72655
1.739725
1.941475
2.853925
2.955125
3.0605
3.268325
3.899625
4.528525
4.548575
4.5603
4.77735
4.872225
5.018525
5.04905
5.06325
5.108325
5.230775
5.2637
5.282475
5.70825
5.828575
6.3851
6.4477
6.4833
6.606325
6.615525
6.730225
6.869425
7.0164
7.65475
7.773025
7.8245
7.91155
7.934625
8.03555
8.191875
8.25505
8.4167
8.579475
8.588325
8.620575
8.6285
8.7134
8.858525
9.05815
9.16675
9.2838
9.3459
9.37185
9.463425
9.50685
9.92525
10.111475
10.289775
10.372575
10.434925
10.47345
11.10455
11.115075
11.142075
11.246925
11.37915
11.39075
11.497375
11.561275
11.62535
12.209075
12.278525
12.326275
12.353
12.41665
12.435
12.50675
12.6356
12.7092
12.902675
13.1998
13.4912
13.614725
13.97265
14.07085
14.09335
14.209875
14.2913
14.377425
14.80675
14.930075
14.950625
14.96825
14.976725
15.05785
15.111075
15.594025
15.927825
16.1199
16.246625
16.2575
16.652325
16.8842
16.9419
17.05265
17.542675
17.5473
17.90715
18.4416
18.451025
18.593975
18.757325
18.971125
19.586075
19.809725
20.296375
20.30355
20.34455
20.354325
20.458825
20.4764
20.52045
20.602275
20.65245
20.722675
20.7949
20.8067
20.8463
20.916125
21.08805
21.2511
21.48935
21.497525
21.632375
21.6401
22.471925
22.486025
22.5695
22.6096
22.64175
22.96015
23.171725
23.18305
23.244
23.2797
23.2965
23.35345
23.361575
23.3962
23.6384
23.748975
24.4353
24.442825
24.44985
24.457575
24.471325
24.48505
24.4948
24.536625
24.5447
24.5722
24.5821
24.63615
24.734325
25.007425
25.213425
25.24595
25.276
25.328125
25.41245
25.4267
25.449675
25.4599
25.506275
25.517175
25.562175
25.819425
25.833425
25.840825
25.916025
25.92485
25.97645
26.011375
26.1257
26.154375
26.29525
26.32865
26.34655
26.408125
26.448525
26.4727
26.579875
26.628225
26.71605
26.732875
26.8049
27.01865
27.607175
27.6614
27.7472
27.75475
28.024875
28.32945
28.6743
28.7393
28.802075
28.824
28.892525
28.929325
29.035725
29.5234
29.559175
29.61665
29.6841
29.722375
30.288275
30.325275
30.3516
30.3603
30.481175
30.616775
30.8422
30.931025
30.942525
30.9553
31.149125
31.210075
31.862975
32.261925
32.581575
32.67695
32.711175
32.8079
32.826425
32.838225
33.06935
33.485975
33.5281
33.56225
33.56975
33.577325
33.607875
33.754525
33.80235
33.94205
34.029775
34.1034
34.132675
34.2112
34.245175
34.279175
34.728025
34.866175
34.978575
34.987425
35.0699
35.08225
35.25895
35.52045
35.708375
35.75355
35.85625
35.9024
35.945475
35.981625
36.06635
36.2027
36.75035
36.768525
36.8977
36.933675
37.0067
37.093825
37.185525
37.62915
37.706575
37.82105
38.0012
38.067575
38.0911
38.431425
38.548225
38.892975
38.944775
38.9844
39.047975
39.115125
39.655225
39.7926
39.925725
39.93725
39.982575
40.0273
40.03545
40.30565
40.3327
41.102975
41.228375
41.275275
41.28245
41.364425
41.464125
41.51315
41.975325
42.1774
42.21735
42.29855
42.320675
42.5324
42.678175
42.72375
42.85635
43.465975
43.478
43.608875
43.72925
43.88855
43.984125
44.127075
44.141525
44.4639
44.515725
44.525825
44.68245
44.72215
44.84685
44.855825
44.87715
45.17635
45.319875
45.51415
45.53925
45.547925
45.633625
45.76455
45.788725
45.815725
45.9518
46.06195
46.30235
46.346
46.932625
47.05065
47.068925
47.78145
47.793525
48.282425
48.3643
48.644375
48.662175
48.79785
48.833625
48.9367
49.182975
49.264875
49.3016
49.314025
49.3383
49.42815
49.520175
49.673875
49.684625
49.8354
49.9276
49.976925
50.15
50.1811
50.188325
50.32525
50.3903
50.538325
50.636
50.802375
51.13225
51.81685
51.931925
52.10405
52.12985
52.144825
52.154
52.19125
52.231225
52.2562
52.26525
52.296775
52.313875
52.424925
52.46155
52.63795
52.71945
52.75895
52.912775
52.94905
52.966625
52.98045
53.00445
53.0331
53.087225
53.095025
53.193925
53.2256
53.286775
53.313475
53.391825
53.408725
53.477975
53.591425
53.6106
53.689375
53.73115
53.7885
53.798075
53.8141
53.83825
53.920525
54.013525
54.07005
54.1097
54.14695
54.17855
54.220625
54.26665
54.292075
54.34025
54.359925
54.40715
54.49805
54.516125
54.5498
54.67155
54.712825
54.742775
54.799625
54.89495
55.04
55.116675
55.127275
55.318975
55.4098
55.449425
55.500375
55.5183
55.57065
55.63285
55.670225
55.729975
55.795125
55.8044
55.86535
56.0793
56.21065
56.413075
56.480275
56.490775
56.54765
56.6397
56.771125
56.915425
57.0328
57.085525
57.151875
57.2237
57.3446
57.432425
57.5326
57.6355
59.186375
59.5091
60.174025
60.268325
60.536625
60.81095
61.712475
61.73575
61.7446
61.799025
61.97095
62.0604
62.681475
62.9058
63.129675
63.243425
64.700775
65.299675
65.3426
65.6823
65.732225
65.93655
66.552475
66.7701
66.786375
66.80065
67.6809
68.33455
68.436725
69.355975
69.506525
70.309775
70.343475
70.858075
70.891
70.944275
70.953525
71.222375
71.260725
71.3749
71.5829
72.7419
72.876175
72.969175
72.98605
73.04635
73.1956
73.319975
73.6665
73.6778
73.830175
74.1592
74.220575
74.3653
75.075075
75.163625
75.172075
75.38985
75.424275
75.491525
75.539175
75.7034
76.38935
76.4691
76.481025
76.5587
76.96035
77.561
77.6968
77.885575
77.8956
78.098575
78.35515
78.530475
78.6791
79.280875
80.423075
80.51355
80.6014
80.687575
80.746275
80.7555
81.43925
81.5394
81.66755
82.04825
82.19675
82.21705
82.42235
82.4978
82.504875
82.51315
82.599275
82.6289
82.637775
82.840475
83.389075
83.567225
83.601125
83.665525
83.80615
83.885275
83.903875
83.956375
83.9832
84.11315
84.680075
84.8124
84.9679
85.008725
85.1435
85.25615
85.980225
86.1715
86.195475
86.352
86.38045
86.534625
86.716675
86.80155
86.953725
87.04455
87.1206
87.2298
87.24475
87.354175
88.3031
88.36965
88.4666
88.51
88.60275
88.7323
88.910575
89.501375
89.5252
89.54085
89.66915
89.677875
89.7137
90.477425
90.55675
90.621775
90.8525
91.4707
91.4818
91.7167
91.73665
91.833125
92.543175
92.750475
93.309625
93.386925
93.519025
93.564125
93.590975
93.64945
93.748975
94.16605
94.21885
94.2593
94.371225
94.385725
94.52705
95.2651
95.3333
95.497675
95.518475
95.749825
95.860325
95.928325
96.25815
96.31795
96.40295
96.6036
96.6453
97.292225
97.40435
97.540175
97.685725
97.80335
97.813175
97.9412
98.02575
98.1342
98.51525
98.582
98.62815
98.991525
99.00185
99.114625
99.158875
99.1701
99.26305
99.5227
99.5324
99.80875
99.9487
100.093125
100.126125
100.135825
100.208125
100.2709
100.41205
100.650375
100.660525
100.672525
100.727225
100.755675
100.799375
100.8908
100.91095
100.9222
100.98515
101.07395
101.089675
101.195925
101.5263
101.5665
101.793425
101.813525
101.8589
101.900075
101.906875
101.9481
101.9683
102.123925
102.220175
102.2797
102.336275
102.5768
102.726025
102.775725
102.823025
102.85805
102.90545
102.907975
102.97135
103.085525
103.139675
103.187425
103.285
103.326125
103.3808
103.454875
104.1668
104.25685
104.2691
104.49
104.82015
104.831925
104.93675
104.998725
105.0434
105.10135
105.1506
105.1886
105.434075
105.5607
105.717125
105.737825
106.031425
106.358
106.386875
106.398025
106.4402
106.473625
106.556025
106.62515
106.644375
106.669375
106.710325
106.7197
106.81355
106.88995
106.900525
107.094175
107.1147
107.197475
107.47085
107.54695
107.677
107.900175
107.9579
108.065875
108.09875
108.177625
108.226225
108.26375
108.41955
108.678925
108.72665
108.79455
108.86155
108.9919
109.0058
109.071475
109.1478
109.2327
109.32845
109.472775
109.68795
109.72505
109.73715
110.0128
110.114075
110.224875
110.55
110.837475
110.9241
111.05355
111.09
111.33435
111.74075
111.7682
111.94145
111.990675
112.04115
112.172175
113.028275
113.18195
113.281825
113.4321
113.45295
113.5358
113.61755
114.343
115.394
115.49625
115.50835
115.5447
115.555625
115.61145
115.702225
115.77885
115.796575
115.868175
115.878225
115.9136
116.018675
116.199725
116.232325
116.279125
116.994925
117.65385
117.7375
117.74435
117.7758
117.9082
118.091975
118.432175
118.5394
118.570075
118.578025
118.5993
118.71385
118.765275
118.839575
118.968625
119.2545
119.562475
119.572975
119.669
119.8038
119.87935
120.003125
120.117375
120.18275
120.271775
120.298825
120.36075
120.4368
120.49795
120.6134
120.63985
120.721375
120.94875
121.36065
121.368875
121.5241
121.80975
121.9317
121.949575
122.729275
122.7663
123.011425
123.9606
124.06825
124.70315
124.917475
125.828
125.8716
126.388375
126.5275
126.620375
127.12235
127.12975
127.408525
127.463475
127.827575
127.85595
127.86735
127.882825
127.97335
128.046075
128.092175
128.91825
129.09325
129.447175
129.4638
129.87895
130.310175
130.41785
130.521975
130.54835
130.57825
130.76315
130.80195
130.978425
131.222225
131.31405
131.336025
131.485425
131.5875
131.99435
132.002375
132.009375
132.137575
132.13885
132.298775
132.30475
132.37035
132.4685
132.584025
133.267175
133.29405
133.4744
133.691325
134.1593
134.1801
134.217625
134.230125
134.3524
134.46945
135.069925
135.193875
135.2653
135.27275
135.308575
135.3418
135.527
135.59935
135.607325
135.7138
136.0539
136.0873
136.10355
136.1602
136.2033
136.32525
136.35455
136.3632
136.453225
136.463325
136.474875
136.819975
136.8999
136.917125
137.04095
137.0926
137.181075
137.338825
137.38635
137.52715
137.626
137.7524
137.80255
137.8682
137.90895
137.9628
137.9791
138.030925
138.07195
138.232075
138.298825
138.484775
138.493875
138.612275
138.73975
138.787575
139.5097
139.527825
139.538875
139.70455
139.72255
139.828925
139.885975
140.072625
140.081525
140.583575
140.90125
141.0468
141.21075
141.312325
141.3215
141.673675
141.790825
141.82295
141.928525
142.31015
142.48115
142.6368
142.66035
142.733675
142.842225
142.942625
143.001225
143.08105
143.184525
143.191825
144.120125
144.323675
144.471425
144.573325
144.611975
144.910475
145.440675
145.48465
145.5028
145.5618
146.2686
146.485775
146.5393
146.6932
146.92045
147.073
147.781325
147.80175
147.808425
147.888725
148.0337
148.058225
148.143025
148.20225
148.52925
148.7152
148.7676
148.775675
148.894225
149.5203
149.53325
149.57455
149.6733
150.11215
150.16635
150.19135
150.24635
150.27905
150.384675
150.41395
150.5058
150.576225
150.731725
150.844775
151.219525
151.262075
151.3817
151.51795
151.94495
151.99235
152.056775
152.179325
152.312175
152.3813
152.658425
152.735175
152.9328
153.0718
153.10585
153.248
153.3137
153.594025
153.6739
153.972675
153.973475
154.011925
154.119875
154.12725
154.198575
154.211875
154.32445
154.4089
154.5314
154.674975
154.74745
154.773725
154.80565
154.903675
155.016875
155.0734
155.111475
155.1856
155.2406
155.254275
155.297175
155.576525
155.7348
155.773025
155.821425
155.958025
155.99455
156.11925
156.211325
156.237775
156.4564
156.52455
156.53705
156.743125
156.8802
156.983925
157.026625
157.073425
157.156275
157.21315
157.3368
157.38775
157.54715
157.62545
157.789
157.9342
157.9624
158.0464
158.066475
158.2094
158.61415
158.816475
158.90025
158.93755
159.079825
159.227125
159.27955
159.4147
159.469525
160.106875
160.17135
160.533325
161.089475
161.273475
161.43115
161.947525
162.07825
162.137625
162.202125
162.2562
162.337875
162.415025
163.11735
163.146
163.173025
163.3482
163.58845
163.674375
163.70925
163.747025
164.262275
164.38985
164.392
164.441075
164.55255
164.6101
164.626325
164.66
164.6768
164.8982
165.147825
165.458825
165.679425
165.697075
165.7837
165.805875
165.814975
166.082575
166.369875
166.4232
166.478425
166.809375
166.8996
167.2742
167.6466
167.896975
168.0176
168.155575
168.23215
168.25715
168.297525
168.3135
168.43705
168.542875
168.8024
169.069025
169.102875
169.190275
169.3371
169.85945
169.93805
169.939725
169.975875
170.024275
170.042375
170.059625
170.118075
170.2929
170.378675
170.67885
170.78715
171.4417
171.591625
171.72635
171.7409
171.9679
172.0071
172.08535
172.09405
172.1836
172.2835
172.44465
172.57105
172.641875
172.660675
172.7532
172.832775
172.89825
172.980125
173.16705
173.17515
173.256525
173.299525
173.313575
173.3702
173.557625
173.64085
173.7377
173.812125
173.86695
173.889375
174.18745
174.306525
174.35545
174.517675
174.6952
174.84735
174.853725
175.521725
175.656775
175.740625
175.766875
175.8482
175.969025
175.984225
176.019975
176.3816
176.694175
176.8112
176.888775
176.943075
177.026425
177.0493
177.434525
177.492725
177.6116
177.64015
177.82065
178.29625
178.990125
179.100725
180.292175
180.387775
180.5593
180.566625
180.795875
180.813075
180.9295
181.00625
181.0208
181.14705
181.181375
181.5921
181.64885
181.655875
181.671125
181.7257
181.758025
181.82805
181.9104
181.92325
181.944025
181.98025
181.98985
182.021225
182.0698
182.09555
182.142175
182.313925
182.32685
182.5777
182.69615
182.871
183.22155
183.275775
183.287825
183.391725
183.465625
183.5323
183.576425
183.58695
183.642425
184.096225
184.2251
184.25465
184.32145
184.3489
184.4141
184.509475
184.57735
184.64025
184.6482
184.69235
184.748775
184.808275
184.845325
184.965825
184.982875
184.98475
185.106025
185.200675
185.32625
185.39195
185.41805
185.427625
185.615475
185.662275
185.68975
185.7419
185.836775
185.894225
185.929425
186.038425
186.06335
186.2519
186.401725
186.46565
186.49705
186.520075
186.536375
186.5474
186.593575
186.64855
186.7358
187.032975
187.102725
187.272025
187.3729
187.406525
187.6091
187.720275
187.800475
187.884775
188.179
188.298475
188.41065
188.503175
188.5325
188.56015
188.6099
188.648125
188.685875
188.79565
188.938475
189.0413
189.0991
189.10545
189.163375
189.19415
189.24135
189.31545
189.39685
189.419525
189.5609
189.829
189.969375
190.1505
190.27645
190.409325
190.597275
190.604575
190.62075
190.732225
190.7457
190.75335
190.797225
190.818875
190.93845
191.040575
191.0574
191.10475
191.1889
191.20985
191.23245
191.30415
191.334125
191.3829
191.48075
191.547775
191.6707
191.76265
191.82985
191.864775
191.903275
191.944775
192.001225
192.0423
192.112575
192.15445
192.26845
192.325725
192.438725
192.505475
192.55255
192.57175
192.591275
192.621525
192.649525
192.755575
192.806125
192.83975
192.871275
192.928225
192.941825
193.005975
193.1153
193.176975
193.26025
193.316525
193.4743
193.506775
193.6441
193.704575
193.90765
194.21265
194.385375
194.6026
194.724325
194.734475
194.7481
194.803
194.850825
194.868375
194.930875
194.982025
195.009625
195.1234
195.27425
195.393
195.45155
195.49155
195.583575
195.5925
195.6815
195.9704
196.113225
196.1846
196.205625
196.2253
196.4239
196.6803
196.7579
196.862975
196.919
196.9516
197.7212
197.857525
197.89195
197.900375
198.153675
198.786775
198.84685
199.6507
199.7631
199.844075
199.888775
200.487275
200.761975
200.866825
201.10655
201.579475
201.651575
201.72865
201.861575
201.88575
202.57835
202.594075
202.6976
202.725975
202.73735
203.311275
203.382925
203.42025
203.506425
203.624225
203.68055
203.7836
203.803475
204.4884
204.61945
204.7069
204.895425
204.960025
205.11525
205.126425
205.596175
205.715125
205.735775
205.764525
205.87135
206.712625
207.026575
207.1872
207.207325
207.23785
207.372775
207.38325
207.8564
207.9746
208.041275
208.13515
208.142375
208.151125
208.49915
209.0971
209.15825
209.198025
209.310775
209.41915
209.602725
210.037575
210.07925
210.37475
210.4678
210.5558
210.573125
210.7092
210.914425
211.671825
211.705625
211.735875
211.7731
211.81925
212.00365
212.02515
212.1026
212.3514
212.4255
212.565075
212.610025
212.64905
212.824475
212.937025
213.093625
213.3323
213.488
213.791975
213.92855
214.1167
214.326975
214.904225
214.95585
215.0095
215.131475
215.285925
215.37875
215.443325
215.789175
215.84745
215.9001
215.932325
216.003375
216.08255
216.106775
216.193425
216.32955
216.571775
216.6341
216.71545
216.7838
216.862025
216.87265
216.93185
216.967025
217.104775
217.196125
217.278125
217.301725
217.3219
217.48745
217.6577
217.7109
217.822375
217.954675
218.009375
218.1022
218.261225
218.407125
218.554475
218.585825
218.628225
218.74045
218.76505
218.851
218.865875
219.00095
219.151925
219.1719
219.282175
219.33075
219.414975
219.488125
219.76475
219.8391
220.07235
220.116875
220.1434
220.198275
220.25525
220.3121
220.681475
220.880825
221.2136
221.303275
221.376525
221.38715
221.57815
221.6372
221.8487
222.936925
222.9791
223.07155
223.3505
223.445
223.480125
223.57895
223.608375
223.728975
224.532325
224.6406
224.647675
224.6549
224.728375
224.905025
224.93385
225.0972
225.204775
225.56515
225.70555
225.743975
225.7561
225.76775
225.8252
225.978825
226.018925
226.18175
226.307275
226.42495
226.86865
226.886825
227.004675
227.192425
227.627375
227.706075
227.755225
227.76905
227.861325
227.900675
227.92425
228.283925
228.4109
228.499325
228.518875
228.695525
228.862525
230.027625
230.07385
