0.002525
0.091875
0.1307
0.309725
0.35025
0.376725
0.450625
0.485875
0.5704
0.60745
0.621475
0.637625
0.66965
0.71035
0.787825
0.807625
0.83595
0.868
0.880025
0.941825
0.9734
1.022775
1.082475
1.1317
1.151425
1.1698
1.247675
1.301825
1.3363
1.34715
1.3873
1.4167
1.422325
1.434925
1.4854
1.535025
1.551025
1.579075
1.59995
1.705025
1.804075
1.871625
1.9557
1.97215
2.07
2.12695
2.17055
2.26965
2.2997
2.31275
2.36285
2.414125
2.444975
2.46825
2.513275
2.53765
2.585525
2.625
2.67195
2.68895
2.71165
2.747875
2.89865
2.914975
2.918525
2.939975
2.9412
2.963525
3.00265
3.011075
3.022075
3.0361
3.04375
3.07555
3.095125
3.107925
3.128175
3.135775
3.1502
3.1773
3.227125
3.238875
3.255475
3.263425
3.3074
3.336125
3.38145
3.3937
3.415325
3.45005
3.4833
3.521075
3.5425
3.622375
3.65835
3.6889
3.723275
3.74985
3.757125
3.769475
3.783025
3.8092
3.859975
3.868525
3.8881
3.928175
3.944425
3.981325
4.0052
4.0586
4.07915
4.11435
4.149375
4.163975
4.187
4.196125
4.243875
4.2566
4.275425
4.297275
4.309575
4.331675
4.3388
4.364475
4.37335
4.406425
4.460325
4.502225
4.509575
4.5181
4.59435
4.644725
4.6807
4.716675
4.759125
4.775775
4.808575
4.8375
4.847925
4.909525
4.941
4.974175
4.995275
5.0174
5.035725
5.05545
5.06
5.073075
5.0804
5.093325
5.109225
5.1231
5.123825
5.15745
5.173525
5.1817
5.187225
5.24105
5.277
5.35135
5.37155
5.476375
5.544875
5.6041
5.6801
5.6881
5.708875
5.72145
5.73735
5.766425
5.800125
5.84415
5.8951
5.9249
5.966375
6.005
6.0312
6.26255
6.311425
6.43795
6.488025
6.496725
6.507225
6.526575
6.5632
6.588625
6.61945
6.666775
6.8073
7.02245
7.0931
7.121475
7.138025
7.15725
7.2
7.22385
7.268775
7.316425
7.3491
7.3873
7.407475
7.438725
7.5219
7.548025
7.595625
7.6474
7.704025
7.9235
8.022525
8.1112
8.197925
8.221925
8.247775
8.284375
8.2933
8.333075
8.356
8.3798
8.4035
8.418975
8.475225
8.766275
8.835575
8.882375
9.20565
9.2398
9.2516
9.2816
9.300575
9.331925
9.3456
9.380775
9.400925
9.44655
9.472925
9.479225
9.52375
9.536
9.5445
9.6053
9.63085
9.64415
9.65055
9.753825
9.9223
9.9732
10.0032
10.132175
10.208425
10.2215
10.247725
10.297675
10.309125
10.36045
10.3719
10.411075
10.4767
10.594625
10.66195
10.6974
10.8743
10.9081
10.928575
10.96155
11.072025
11.1248
11.27215
11.32345
11.401325
11.4621
11.488
11.5297
11.575025
11.595625
11.60485
11.66885
11.72915
11.8834
11.995
12.171475
12.259225
12.3702
12.39715
12.444975
12.44875
12.472525
12.4804
12.52755
12.552225
12.56075
12.5847
12.59655
12.6094
12.63575
12.66955
12.691175
12.718575
12.7848
12.82585
12.885925
13.016725
13.131525
13.189875
13.22965
13.25815
13.32635
13.346
13.356075
13.406825
13.5418
13.59275
13.61085
13.68375
13.796075
13.864125
13.949775
13.976225
14.042525
14.056625
14.179975
14.21445
14.27905
14.315625
14.366
14.3822
14.39905
14.51595
14.5908
14.6667
14.797075
14.8601
14.89005
14.987025
15.01495
15.064525
15.078625
15.08715
15.1208
15.21075
15.3225
15.52245
15.71425
15.774525
15.82985
15.84405
15.849375
15.894625
16.134075
16.185025
16.200175
16.2683
16.279975
16.291675
16.326075
16.404925
16.529675
16.602125
16.64715
17.195425
17.239275
17.256075
17.322725
17.370075
17.431925
17.581475
17.671375
17.76175
17.8286
17.8764
17.937875
18.0132
18.0972
18.1881
18.198275
18.23945
18.247125
18.2675
18.2797
18.323325
18.3638
18.390575
18.424675
18.455175
18.4652
18.479225
18.515525
18.54405
18.59035
18.680075
19.03115
19.38315
19.480175
19.5733
19.62295
19.6596
19.841225
19.880275
19.90505
19.9601
20.008175
20.0654
20.130075
20.14075
20.18855
20.3025
20.32825
20.377925
20.38565
20.4156
20.4261
20.4379
20.48755
20.498525
20.55585
20.575575
20.6023
20.608925
20.6557
20.7606
20.840075
20.888325
20.9743
21.030325
21.1667
21.280075
21.3194
21.43495
21.502625
21.547125
21.629425
22.000525
22.0715
22.115625
22.175875
22.1827
22.18645
22.205275
22.229
22.247975
22.259475
22.27265
22.293
22.355175
22.4681
22.495275
22.500675
22.6332
22.711625
22.7375
22.774375
22.795675
22.829975
22.868925
22.927425
22.99395
23.0506
23.081275
23.0912
23.13005
23.15705
23.164575
23.17985
23.199325
23.2185
23.248475
23.26945
23.293025
23.316375
23.382675
23.457225
23.5261
23.596675
23.68175
23.761325
23.814825
23.860575
23.926075
23.982175
23.995175
24.001275
24.027025
24.047775
24.05905
24.0691
24.08805
24.1418
24.172425
24.249925
24.329975
24.3799
24.39435
24.436475
24.455025
24.525175
24.6002
24.6187
24.62485
24.684125
24.72985
24.75555
24.76145
24.7916
24.815575
24.825125
24.852525
24.869325
24.878675
24.91315
24.932525
24.9672
24.972625
24.988725
25.00135
25.0338
25.05485
25.086475
25.0975
25.14655
25.21645
25.265125
25.34665
25.371675
25.41665
25.479425
25.486325
25.547975
25.573825
25.579625
25.63735
25.6688
25.69625
25.810875
25.83695
25.87775
25.90455
25.94685
26.030325
26.058125
26.185575
26.279025
26.295975
26.327875
26.4018
26.46755
26.5381
26.5718
26.5894
26.615425
26.63975
26.64535
26.6497
26.687125
26.715825
26.7768
26.790175
26.87025
26.890475
26.899475
26.904225
26.958675
26.995725
27.018275
27.0438
27.067325
27.131875
27.16995
27.193875
27.225625
27.248025
27.273525
27.2782
27.301175
27.3275
27.391625
27.418675
27.43245
27.4595
27.470175
27.480625
27.52385
27.53225
27.586275
27.695825
27.874325
27.978425
28.00775
28.0335
28.134975
28.258175
28.3298
28.37575
28.447725
28.823575
28.988675
29.10295
29.12265
29.2444
29.3182
29.4285
29.458825
29.5463
29.661575
29.69525
29.946425
30.054
30.1889
30.2517
30.304975
30.378175
30.4235
30.509325
30.689825
30.783525
30.92525
31.016
31.05515
31.118925
31.207925
31.380375
31.406325
31.4711
31.629775
31.680375
31.7243
31.88065
31.982825
32.0066
32.013825
32.069975
32.092625
32.1753
32.196575
32.404175
32.492075
32.5675
32.6074
32.631925
32.719725
32.729175
32.791675
32.914175
32.942625
33.22075
33.43505
33.4819
33.507975
33.5311
33.574225
33.624425
33.66035
33.6763
33.69725
33.727025
33.7471
33.76835
33.789575
33.806525
33.824625
33.8606
33.8928
33.911575
33.9477
33.9913
34.0877
34.237625
34.3066
34.386625
34.6396
34.731025
34.749575
34.7616
34.777075
34.785825
34.797875
34.810625
34.83745
34.859875
34.871675
34.8893
34.8973
34.970675
34.981375
35.00895
35.024725
35.04565
35.171575
35.187375
35.31975
35.427425
35.53605
35.5778
35.592175
35.5978
35.619075
35.64275
35.6596
35.699775
35.782375
35.852025
35.88595
35.951925
35.992875
36.01375
36.018175
36.114625
36.136925
36.1809
36.23415
36.261575
36.30355
36.33455
36.354525
36.401925
36.469125
36.536425
36.618025
36.64795
36.672525
36.6933
36.72275
36.754925
36.779925
36.793375
36.8253
36.8309
36.8628
36.877725
36.881325
36.885875
36.925425
36.98335
37.01065
37.019025
37.05715
37.082475
37.13075
37.17435
37.1882
37.302625
37.3521
37.47005
37.599025
37.65655
37.7074
37.78085
37.8179
37.836275
37.84135
37.870775
37.8912
37.9093
37.92165
37.990825
38.03305
38.0898
38.30405
38.448875
38.558725
38.847675
38.884975
38.951325
39.00465
39.0291
39.03845
39.058525
39.091325
39.11115
39.142
39.156
39.224175
39.34025
39.4182
39.498275
39.579925
39.645
39.803675
40.053275
40.081625
40.109275
40.126675
40.133475
40.13725
40.160575
40.2247
40.26145
40.284
40.3191
40.33255
40.366575
40.42045
40.456325
40.562825
40.615725
40.66655
40.685675
40.708475
40.71605
40.826825
40.91295
40.930825
40.95645
41.01105
41.017025
41.0449
41.06025
41.083225
41.0995
41.108875
41.15085
41.157625
41.21915
41.303525
41.326775
41.3367
41.403775
41.439
41.507175
41.5401
41.66705
41.78575
41.849925
41.905125
41.934175
41.987075
42.004125
42.016225
42.0475
42.06335
42.096025
42.1641
42.215925
42.23755
42.2649
42.29295
42.386225
42.456275
42.5094
42.5477
42.5729
42.579175
42.58345
42.60975
42.6175
42.652975
42.6635
42.68695
42.701225
42.7067
42.72915
42.766925
42.830875
42.8692
42.9515
43.070475
43.11225
43.318925
43.407
43.4373
43.58045
43.639
43.69555
43.8083
43.9485
44.0276
44.108575
44.126925
44.16455
44.27395
44.3582
44.396525
44.4249
44.44645
44.490625
44.54675
44.58595
44.6606
44.828175
44.8543
44.87495
44.928225
45.026475
45.127925
45.3053
45.3734
45.39835
45.42805
45.459125
45.488575
45.5204
45.561275
45.62445
45.657175
45.71905
45.725225
46.000825
46.0203
46.046275
46.2054
46.242775
46.252
46.304275
46.31355
46.317725
46.3523
46.363225
46.40145
46.469575
46.591525
46.6432
46.6658
46.758525
46.8941
46.9344
46.972975
47.061125
47.070875
47.109875
47.21315
47.256525
47.275475
47.309225
47.361775
47.3757
47.4337
47.496375
47.50685
47.540575
47.62715
47.651875
47.710125
47.783075
47.852525
47.927025
48.05565
48.099075
48.112275
48.1321
48.2293
48.3398
48.410175
48.4506
48.5902
48.619525
48.6528
48.682075
48.82795
48.861575
48.87675
48.937825
49.021775
49.121075
49.19725
49.2265
49.2467
49.256325
49.2916
49.2986
49.308875
49.31285
49.347675
49.36315
49.36905
49.4071
49.418025
49.42715
49.456075
49.466125
49.497175
49.507775
49.5263
49.5702
49.577675
49.625525
49.67465
49.718325
49.7351
49.783975
49.8171
49.857075
49.86445
49.898825
49.987125
50.0385
50.068675
50.09395
50.09775
50.132775
50.154625
50.192775
50.223275
50.2621
50.2736
50.3426
50.374275
50.3943
50.49425
50.508725
50.5345
50.545975
50.551
50.5739
50.595225
50.60945
50.675775
50.725625
50.795225
50.87215
51.048325
51.094275
51.121075
51.157875
51.1747
51.1924
51.2169
51.2302
51.263225
51.291125
51.339825
51.374425
51.40875
51.4326
51.518075
51.54065
51.54835
51.629225
51.6569
51.70165
51.7216
51.776625
51.839175
51.86045
51.925875
51.949675
51.957925
52.032925
52.050225
52.135475
52.1995
52.363325
52.420575
52.5878
52.63735
52.65115
52.679375
52.69695
52.71155
52.775125
52.900025
52.952525
52.9819
53.02415
53.07275
53.09595
53.102375
53.14625
53.221075
53.2823
53.419675
53.56335
53.613775
53.6701
53.71575
53.73245
53.743525
53.7599
53.7939
53.914875
54.02545
54.0709
54.12655
54.13145
54.21905
54.237025
54.2538
54.272975
54.281125
54.337925
54.364125
54.405075
54.51235
54.5763
54.602925
54.676275
54.86045
54.89755
54.90475
54.917975
54.948175
54.978175
55.0016
55.012325
55.0375
55.053925
55.0871
55.154175
55.20655
55.270825
55.33645
55.490125
55.603825
55.676125
55.697575
55.759325
55.788975
55.80025
55.824225
55.830075
55.85025
55.880075
55.90925
55.937425
55.942025
56.017325
56.053775
56.158975
56.221125
56.328175
56.38965
56.425025
56.43995
56.53575
56.536875
56.582225
56.695975
56.735775
56.80425
56.8213
56.851275
56.88865
56.915225
56.941325
56.973675
57.055225
57.131525
57.19745
57.2679
57.40465
57.4385
57.4491
57.4966
57.527575
57.674575
57.739825
57.9386
57.970775
57.976675
57.98115
58.00655
58.020375
58.033075
58.0681
58.37075
58.53265
58.640125
58.750425
58.7805
58.84325
58.860025
58.883725
58.90085
58.986125
59.001625
59.022175
59.093075
59.139975
59.344675
59.41545
59.4497
59.66315
59.775
59.94395
60.04765
60.2152
60.31305
60.33455
60.34035
60.397625
60.447975
60.465225
60.490225
60.505525
60.52255
60.558075
60.582875
60.721125
60.80885
60.860925
60.9741
61.012375
61.04315
61.101375
61.186625
61.38445
61.3949
61.4156
61.440075
61.466075
61.47295
61.5274
61.553625
61.562725
61.56795
61.6066
61.6209
61.655475
61.686725
61.755825
61.777825
61.861875
61.927925
62.019825
62.047425
62.05145
62.1025
62.114625
62.16015
62.2168
62.22985
62.310625
62.353075
62.3999
62.4507
62.457075
62.479025
62.48795
62.54365
62.576675
62.602325
62.6639
62.800925
62.83425
62.892225
63.0565
63.3365
63.369075
63.545025
63.633975
63.988925
64.351475
64.401675
64.462025
64.566875
64.606825
64.620775
64.641
64.668525
64.7334
64.7502
64.785325
64.840175
64.859575
64.874375
65.116225
65.142975
65.2076
65.249175
65.274825
65.283275
65.315525
65.337075
65.374825
65.38645
65.4088
65.4246
65.4382
65.447625
65.489775
65.529975
65.6609
65.69155
65.725275
65.80225
65.851125
65.877275
65.88365
65.907275
65.91505
65.929675
65.953975
66.039675
66.17135
66.24755
66.29175
66.367475
66.4274
66.44575
66.46045
66.47435
66.49595
66.522375
66.53775
66.57385
66.61555
66.635825
66.688525
66.762425
66.818875
66.8586
66.8868
66.952275
67.006475
67.064125
67.07325
67.0861
67.092775
67.12795
67.1436
67.18435
67.2667
67.377625
67.41595
67.466825
67.4858
67.503175
67.54055
67.5608
67.56885
67.60975
67.6486
67.703675
67.753
67.779475
67.803225
67.835275
67.8636
67.92935
67.95065
67.970625
68.056075
68.0781
68.103175
68.220425
68.26475
68.334175
68.358275
68.37775
68.4124
68.48155
68.491225
68.515375
68.5845
68.640925
68.7613
68.91625
68.935925
69.0251
69.08715
69.113275
69.214275
69.286275
69.2991
69.340425
69.821925
69.96025
69.976125
70.0925
70.3051
70.54805
70.624125
70.6856
70.733025
70.74145
70.748
70.785725
70.79305
70.814
70.8496
70.87175
70.9121
70.95345
71.0777
71.1135
71.126325
71.431175
71.4837
71.511425
71.51485
71.519025
71.56335
71.592225
71.608225
71.619025
71.632675
71.66235
71.736425
71.770825
71.803325
71.8102
71.87725
71.912475
72.02195
72.132275
72.259775
72.37295
72.411825
72.452175
72.4778
72.493
72.54065
72.546525
72.565075
72.606875
72.6598
72.6859
72.7493
72.7607
72.7838
72.793825
72.8121
72.871775
72.938
72.947575
73.0457
73.059025
73.07805
73.10365
73.115675
73.2447
73.277925
73.327925
73.334675
73.3745
73.51415
73.906975
73.97325
73.998825
74.133675
74.214525
74.25615
74.29465
74.361425
74.507975
74.533925
74.547475
74.704725
74.7435
74.76245
74.777775
74.843675
74.92115
75.053525
75.0698
75.105575
75.1209
75.178475
75.21825
75.278375
75.338725
75.38365
75.5531
75.615625
75.69615
75.77525
75.8588
75.899025
75.9168
75.9374
75.9615
75.98755
76.067125
76.100225
76.128875
76.140425
76.203975
76.222175
76.234625
76.2598
76.272975
76.273975
76.300025
76.306125
76.3179
76.35235
76.391725
76.517975
76.54895
76.59375
76.600825
76.640475
76.6577
76.718025
76.78535
76.843175
76.88565
76.957125
77.10275
77.217125
77.286575
77.328475
77.377275
77.42065
77.47095
77.509675
77.518325
77.5555
77.58725
77.6376
77.674525
77.690025
77.728425
77.7487
77.793825
77.8449
77.926275
78.016725
78.139975
78.2987
78.329275
78.34565
78.3667
78.375075
78.3902
78.41395
78.4721
78.555125
78.579675
78.61085
78.689025
78.8936
78.969975
79.05425
79.06665
79.16805
79.22395
79.241875
79.26825
79.2776
79.27855
79.287425
79.293825
79.310525
79.3153
79.33245
79.424025
79.5186
79.53325
79.585975
79.609775
79.7326
79.772025
79.78965
79.8052
79.81435
79.820875
79.838675
79.864075
79.91045
79.92845
79.9705
79.983025
80.00105
80.050675
80.070425
80.160975
80.18865
80.246475
80.29345
80.39045
80.401675
80.409525
80.422275
80.4385
80.461425
80.523975
80.544875
80.584625
80.59675
80.621475
80.656275
80.679225
80.74855
80.795325
80.844925
80.881475
80.896825
80.943525
80.9822
81.0131
81.06565
81.083675
81.11095
81.138575
81.2007
81.210825
81.24
81.273725
81.286175
81.297825
81.31175
81.3221
81.35195
81.352925
81.404025
81.4134
81.4195
81.4668
81.48385
81.555075
81.568975
81.572275
81.61085
81.63615
81.654675
81.6879
81.7138
81.7372
81.7577
81.776875
81.792425
81.80235
81.849475
81.882725
81.906425
81.9198
81.973025
81.983175
81.999825
82.013275
82.025775
82.06425
82.077375
82.1211
82.182225
82.224775
82.281525
82.315225
82.38305
82.4128
82.436325
82.450225
82.462675
82.475075
82.4967
82.5101
82.576
82.59435
82.601725
82.6339
82.65085
82.68345
82.70315
82.736675
82.76895
82.82005
82.8285
82.8481
82.873925
82.921075
82.94295
82.9531
82.977675
82.98715
83.009275
83.017175
83.037125
83.0494
83.10395
83.1607
83.202175
83.26085
83.283075
83.298975
83.3502
83.409625
83.44105
83.466625
83.560325
83.5824
83.604425
83.623775
83.6477
83.654875
83.656975
83.6682
83.67385
83.724625
83.737875
83.741725
83.782075
83.801725
83.8102
83.837
83.90815
83.95955
84.03945
84.08825
84.187975
84.2657
84.267775
84.298825
84.3162
84.418225
84.49915
84.5226
84.5924
84.67155
84.75625
84.775425
84.824675
84.850825
84.900725
84.933175
84.984925
85.057325
85.204075
85.2174
85.356075
85.450425
85.46595
85.508575
85.574175
85.735
85.74625
85.7942
85.839275
85.911725
85.95155
85.99585
86.040375
86.114725
86.186025
86.227475
86.256925
86.2654
86.322875
86.370775
86.44825
86.5032
86.555075
86.65285
86.78965
86.811375
86.8246
86.84175
86.8488
86.853175
86.898
86.911775
86.9846
87.012975
87.0383
87.104575
87.142
87.21675
87.25315
87.3248
87.354875
87.3633
87.4137
87.512975
87.579975
87.679575
87.7782
87.9095
87.975075
88.116675
88.2163
88.242675
88.2644
88.279475
88.29375
88.363625
88.38495
88.444125
88.598275
88.725375
88.76275
88.768
88.7843
88.8244
88.893775
88.92195
88.967975
88.999075
89.0356
89.06785
89.105
89.124675
89.1791
89.210475
89.2343
89.297975
89.352025
89.385425
89.413775
89.450375
89.51455
89.5249
89.6051
89.66705
89.685575
89.70825
89.73795
89.748475
89.7693
89.7785
89.815075
89.82475
89.98665
90.053925
90.101475
90.120125
90.1425
90.21595
90.284475
90.340175
90.38875
90.429875
90.451225
90.517375
90.54635
90.583125
90.612225
90.627875
90.682375
90.688475
90.73045
90.74565
90.80195
90.824625
90.893025
90.931975
91.0017
91.063825
91.0813
91.142925
91.293525
91.329675
91.3442
91.398775
91.54095
91.605425
91.670175
91.756525
91.8039
91.843325
91.8645
91.88455
91.9115
91.9272
92.04795
92.166975
92.259775
92.343725
92.404625
92.456825
92.468025
92.52295
92.56355
92.58735
92.60775
92.64155
92.647575
92.6544
92.687275
92.739775
92.7764
92.803875
92.82325
92.855275
92.863725
92.907775
92.9289
93.05895
93.08655
93.092775
93.10715
93.12215
93.1315
93.167425
93.200725
93.22215
93.301375
93.404975
93.461975
93.5157
93.56385
93.60725
93.63605
93.656225
93.727625
93.8263
93.876925
93.8981
93.959475
93.9866
94.015775
94.024425
94.060425
94.079575
94.13455
94.14175
94.160125
94.202225
94.22235
94.24145
94.293325
94.318775
94.341275
94.38545
94.396625
94.448075
94.489275
94.5048
94.509675
94.5246
94.543825
94.5513
94.559175
94.576625
94.608175
94.626575
94.703
94.863825
94.890375
94.92305
94.966175
94.9818
95.03545
95.120625
95.245025
95.2818
95.323725
95.33195
95.34485
95.3524
95.4008
95.528525
95.555525
95.571625
95.6046
95.611275
95.6651
95.691275
95.7835
96.02655
96.1087
96.205275
96.283925
96.304425
96.319125
96.33625
96.363175
96.399075
96.45845
96.507775
96.532125
96.540225
96.561575
96.607375
96.621175
96.664225
96.669475
96.67785
96.696625
96.7219
96.73075
96.749075
96.787925
96.81415
96.833675
96.8855
96.90945
96.96405
96.972825
96.987375
97.141425
97.2025
97.2325
97.268325
97.276125
97.30595
97.332975
97.385525
97.3921
97.460525
97.52085
97.54745
97.60335
97.643325
97.659925
97.6719
97.708425
97.822775
97.84555
97.8778
97.934125
97.960225
97.998
98.008525
98.03215
98.058525
98.0714
98.087425
98.106975
98.12305
98.149025
98.172775
98.1824
98.27075
98.30185
98.337225
98.388075
98.53515
98.599975
98.635225
98.697325
98.724375
98.748825
98.7776
98.82105
98.852775
98.879875
98.8971
98.91985
98.952525
98.9741
98.9905
99.013975
99.042375
99.049625
99.07775
99.097725
99.133125
99.13865
99.1434
99.1714
99.187175
99.208675
99.250975
99.300325
99.33795
99.354
99.400775
99.410475
99.431225
99.54365
99.620125
99.632475
99.6555
99.672775
99.711875
99.747775
99.8037
99.84145
99.8551
99.9281
99.981625
100.0391
100.077925
100.2867
100.362025
100.3963
100.4107
100.42375
100.462775
100.48175
100.490275
100.52295
100.533975
100.5774
100.60995
100.68825
100.765275
100.932925
100.994375
101.365075
101.447875
101.4655
101.471125
101.5371
101.623775
101.7486
101.790025
101.799475
101.867125
101.970425
102.0226
102.138675
102.265925
102.326
102.3819
102.541525
102.57575
102.630575
102.679925
102.72265
102.89795
102.9647
103.079575
103.138775
103.169625
103.273025
103.310575
103.431475
103.462875
103.53425
103.660425
103.6989
103.73065
103.783
103.81145
103.8226
103.9068
103.96745
104.088475
104.1798
104.218975
104.22395
104.299175
104.37845
104.385625
104.42785
104.4572
104.57665
105.0299
105.200725
105.2571
105.4487
105.5406
105.5906
105.599925
105.67885
105.720975
105.7461
105.78565
105.878725
105.919175
105.993375
106.152525
106.224525
106.308525
106.4081
106.426025
106.430375
106.4406
106.49325
106.578825
106.6331
106.70585
106.785525
107.049725
107.442575
107.5508
107.581025
107.602125
107.671375
107.697675
107.772675
107.7795
107.78565
107.9087
107.968425
108.04835
108.41045
108.500675
108.528825
108.61345
108.675675
108.7829
108.85875
108.92205
108.962875
108.99135
109.008375
109.136375
109.16545
109.262625
109.3683
109.420875
109.5434
109.62615
109.71035
109.758575
109.7733
109.79005
109.852625
109.95765
110.135475
110.183175
110.253175
110.527575
110.63505
110.6682
110.721525
110.759775
110.831275
110.926925
110.97805
111.0116
111.10215
111.1482
111.180125
111.2518
111.367975
111.638225
111.75925
111.828125
111.857425
112.042025
112.29115
112.347475
112.43325
112.483925
112.505375
112.80555
112.857575
112.944225
113.0897
113.142925
113.153625
113.1988
113.22675
113.2769
113.32745
113.338825
113.368525
113.37545
113.39035
113.395825
113.399625
113.431275
113.442525
113.45765
113.463275
113.473175
113.532125
113.605575
113.78005
113.8646
114.042875
114.201825
114.215825
114.2634
114.300625
114.335625
114.359825
114.382325
114.42155
114.435275
114.46395
114.4725
114.482425
114.510225
114.547875
114.578575
114.622475
114.639375
114.679975
114.719275
114.75755
114.830125
114.907575
115.192775
115.245425
115.3029
115.37495
115.415175
115.573425
115.62015
115.750425
115.819575
115.86935
115.884175
115.920875
115.960025
116.03575
116.189
116.2444
116.322975
116.330275
116.340875
116.3647
116.375375
116.3979
116.441625
116.49415
116.5544
116.5651
116.59855
116.62455
116.713525
116.766525
116.790325
116.805725
116.83635
116.90635
117.006075
117.107775
117.214375
117.263475
117.28955
117.301025
117.3475
117.4727
117.541925
117.5609
117.5893
117.671175
117.725675
117.7454
117.763275
117.778825
117.8115
117.849
117.876
117.885
117.90015
118.101775
118.154275
118.240025
118.2797
118.3049
118.333925
118.371825
118.408375
118.487775
118.532175
118.71615
118.758775
118.7633
118.765775
118.785975
118.818875
118.85705
118.86185
118.93545
119.00175
119.01095
119.069925
119.118075
119.169575
119.270775
119.309375
119.352775
119.37705
119.401175
119.434
119.478375
119.50405
119.53465
119.587625
119.611525
119.6587
119.67155
119.67855
119.71395
119.777075
119.783275
119.881975
119.959025
120.148775
120.174
120.20775
120.228075
120.265025
120.338875
120.37755
120.4063
120.451725
120.46095
120.502025
120.5497
120.561325
120.579
120.60255
120.647625
120.662825
120.684475
120.697325
120.7445
120.7677
120.823775
120.905675
120.9627
121.00075
121.032
121.038475
121.043675
121.0809
121.111025
121.2121
121.2673
121.308875
121.34125
121.3868
121.436075
121.4828
121.541125
121.565775
121.5919
121.607225
121.662525
121.683975
121.699875
121.774375
121.80195
121.80875
121.868175
121.90105
121.918175
121.9256
121.9623
121.967925
121.9792
121.99765
122.061575
122.093375
122.1146
122.136325
122.14705
122.1533
122.2039
122.2628
122.3328
122.45685
122.59375
122.60675
122.64115
122.649
122.7075
122.734075
122.757925
122.7727
122.826075
122.939125
122.9593
122.978875
123.006025
123.117925
123.245025
123.30155
123.4716
123.6061
123.6419
123.67555
123.6826
123.702275
123.772975
123.82375
123.978475
124.021925
124.028575
124.0526
124.07265
124.202
124.3996
124.440525
124.469375
124.50175
124.5125
124.572775
124.6228
124.738075
124.8066
124.875125
125.04845
125.11145
125.21325
125.27345
125.322475
125.3844
125.425275
125.520075
125.702375
125.745375
125.931675
126.06875
126.084025
126.12935
126.21615
126.24765
126.3459
126.3812
126.42755
126.477925
126.541525
126.581725
126.7165
126.761775
126.769325
126.8154
126.870075
126.898325
126.901825
126.92665
126.9877
126.996125
127.057175
127.14035
127.187925
127.218825
127.24665
127.266275
127.315
127.341425
127.4058
127.4271
127.499975
127.54655
127.592425
127.643575
127.712925
127.72195
127.730375
127.734775
127.74545
127.749325
127.764225
127.780775
127.7875
127.819325
127.83535
127.840575
127.856625
127.894175
127.920225
127.936225
127.95125
127.9844
127.995175
128.0074
128.02325
128.0272
128.03165
128.045775
128.066625
128.095825
128.10265
128.14575
128.1879
128.1942
128.1981
128.253675
128.28035
128.286275
128.34325
128.380925
128.3986
128.51905
128.5779
128.66095
128.78275
128.796725
128.801925
128.820575
128.824825
128.831175
128.857325
128.862375
128.877425
128.895075
128.93
128.94485
128.98175
129.007575
129.036075
129.04305
129.05055
129.07215
129.10015
129.1182
129.14455
129.250025
129.2577
129.2864
129.33075
129.337825
129.350825
129.36355
129.398225
129.463275
129.483275
129.504
129.515625
129.520975
129.5996
129.686925
129.728725
129.733725
129.75875
129.83105
129.89265
129.959625
130.00185
130.019625
130.053475
130.08225
130.121525
130.12835
130.15325
130.1611
130.188
130.2134
130.24035
130.25225
130.2676
130.29635
130.3819
130.4158
130.45295
130.50035
130.523675
130.5671
130.598725
130.696
130.750625
130.803025
130.8952
130.9329
130.9605
130.978425
131.0143
131.050225
131.059125
131.089325
131.1398
131.1471
131.1896
131.2318
131.2411
131.3016
131.3563
131.4393
131.4531
131.4874
131.498725
131.52385
131.5585
131.5754
131.628675
131.69355
131.74695
131.79735
131.811375
131.82175
131.872575
131.915175
131.951175
131.9615
131.993125
132.089875
132.104825
132.11015
132.123975
132.149825
132.1671
132.212925
132.24825
132.29455
132.347675
132.390275
132.452225
132.529125
132.59645
132.686025
132.8326
132.85585
133.02575
133.180125
133.198225
133.210975
133.229325
133.23465
133.291225
133.321175
133.334325
133.3416
133.3698
133.426425
133.542825
133.6366
133.6661
133.681125
133.719625
133.781375
133.8189
133.915875
134.08975
134.116725
134.171575
134.259825
134.300925
134.3322
134.384175
134.408325
134.4179
134.426675
134.437175
134.48535
134.50815
134.56435
134.603975
134.71975
134.814075
134.852025
134.922275
134.9475
134.9836
135.021975
135.10045
135.1496
135.245725
135.318425
135.32505
135.373175
135.417225
135.4897
135.535675
135.601125
135.621175
135.62825
135.71535
135.830225
135.896775
135.9315
135.940225
136.0669
136.170625
136.23045
136.255075
136.2671
136.345875
136.5872
136.687075
136.8384
137.054975
137.125925
137.158225
137.181425
137.233175
137.28675
137.315525
137.3233
137.463375
137.613175
137.822325
137.89015
137.913025
138.06455
138.26135
138.2926
138.359625
138.395875
138.430075
138.470075
138.489025
138.496625
138.578825
138.629725
138.71425
138.806725
138.86335
139.0132
139.0808
139.099
139.1955
139.29725
139.35605
139.39575
139.44815
139.465375
139.545325
139.557725
139.581575
139.59835
139.614375
139.68955
139.722
139.748075
139.79335
139.8191
139.8512
139.90115
139.98085
140.01205
140.062275
140.0681
140.23525
140.346675
140.4359
140.49865
140.52055
140.577175
140.650025
140.681925
140.7238
140.730525
140.75435
140.77005
140.823125
140.847325
140.990025
141.040025
141.078325
141.112825
141.200675
141.319375
141.543275
141.589125
141.672125
141.8384
141.92655
141.948625
142.01085
142.1104
142.14165
142.174625
142.2226
142.267575
142.518875
142.580775
142.61785
142.669225
142.820175
142.866525
142.88605
142.903325
142.92305
142.92725
142.958525
143.06295
143.072675
143.095625
143.114775
143.13785
143.206975
143.2155
143.269825
143.36055
143.37975
143.420675
143.45855
143.50575
143.540525
143.660975
143.7169
143.732775
143.772275
143.809625
143.872275
143.906525
143.9183
143.96045
143.9865
143.996975
144.019725
144.038775
144.061375
144.067725
144.074125
144.084375
144.09355
144.098975
144.106725
144.115375
144.142075
144.155475
144.228
144.308975
144.36655
144.3874
144.422725
144.4451
144.497775
144.540675
144.6528
144.67265
144.74655
144.769325
144.795
144.813225
144.833675
144.85655
144.8787
144.90795
144.921125
144.964975
144.978775
144.998475
145.030175
145.067
145.08875
145.115275
145.145525
145.16615
145.182325
145.219275
145.3063
145.400575
145.4195
145.4433
145.491425
145.5143
145.5825
145.6146
145.625125
145.6559
145.67995
145.6944
145.727075
145.738275
145.779325
145.8871
145.959825
146.04605
146.16505
146.201225
146.21585
146.224575
146.2478
146.28985
146.31185
146.359925
146.3902
146.399425
146.421375
146.443175
146.4529
146.514025
146.570725
146.5842
146.600625
146.734125
146.769675
146.7834
146.7982
146.8671
146.913575
146.945
146.96145
147.00935
147.0381
147.047475
147.098725
147.14185
147.22665
147.249525
147.2957
147.331625
147.36845
147.40575
147.44205
147.47275
147.506
147.564625
147.59625
147.6542
147.711775
147.789975
147.84105
147.872925
147.8946
147.932625
147.9456
147.9599
147.9794
147.994725
148.008225
148.050675
148.06595
148.08095
148.104275
148.116125
148.1568
148.202725
148.252975
148.291575
148.37975
148.418075
148.444825
148.46125
148.477875
148.4913
148.5358
148.5879
148.63415
148.6934
148.789425
148.81195
148.8368
148.910925
148.962575
149.0497
149.079625
149.113475
149.13015
149.147025
149.17465
149.2091
149.243
149.265575
149.30235
149.321575
149.343075
149.400925
149.439
149.45765
149.49925
149.55945
149.579375
149.626025
149.6576
149.706
149.7592
149.8178
149.86735
149.893175
149.9387
150.013875
150.04785
150.10435
150.149025
150.196475
150.241525
150.292625
150.321875
150.373675
150.401825
150.411875
150.416925
150.4262
150.436825
150.4565
150.46375
150.4881
150.525925
150.589025
150.7085
150.80445
150.82645
150.90575
150.964675
151.076575
151.1255
151.210425
151.242525
151.45595
151.61245
151.669425
151.78265
151.8306
151.86115
151.87045
151.9042
151.9375
151.9565
151.984825
152.01015
152.023025
152.06605
152.08285
152.1115
152.1406
152.15065
152.205075
152.262575
152.306375
152.37745
152.401075
152.49135
152.50445
152.804575
152.854175
152.8861
152.9664
153.071975
153.2075
153.313
153.37985
153.479
153.51435
153.546775
153.583175
153.64235
153.673625
153.74015
153.760375
153.77995
153.784825
153.7897
153.83015
153.847875
153.853325
153.8706
153.892075
153.900975
153.92745
153.9384
153.97185
153.988125
154.139825
154.167375
154.20045
154.20675
154.227
154.263175
154.2744
154.2821
154.290675
154.30985
154.315475
154.327
154.345925
154.360125
154.37505
154.4052
154.417675
154.44825
154.473025
154.5618
154.6059
154.653725
154.6797
154.710875
154.77055
154.80465
154.834725
154.8667
154.913875
154.95605
154.9754
155.00835
155.038825
155.066825
155.0874
155.10235
155.118075
155.140975
155.159
155.2148
155.25995
155.314725
155.324075
155.371625
155.47915
155.5846
155.664025
155.691175
155.735125
155.783175
155.85675
155.934575
155.953075
155.964975
155.97285
156.015
156.049575
156.080475
156.10755
156.17275
156.247925
156.30165
156.313325
156.33775
156.35835
156.420325
156.45685
156.5228
156.566675
156.720075
156.781475
156.819575
156.868775
156.8939
156.913675
156.9623
157.0486
157.091875
157.14405
157.414575
157.452075
157.492525
157.501025
157.5621
157.62965
157.763325
157.7755
157.788575
157.8682
157.97925
158.02935
158.075875
158.087075
158.123925
158.1287
158.1714
158.23315
158.2683
158.5096
158.634225
158.6653
158.68735
158.6953
158.708625
158.742275
158.770275
158.816575
158.840075
158.8968
158.9381
158.983275
158.991825
159.027
159.201225
159.3092
159.4678
159.497875
159.587825
159.6124
159.87925
159.9218
159.95765
159.9784
159.9974
160.044775
160.058125
160.076475
160.112275
160.156925
160.164425
160.1772
160.1933
160.20705
160.215225
160.273975
160.304475
160.37015
160.587325
160.803425
161.01915
161.0545
161.23585
161.479875
161.527375
161.622225
161.752175
161.820225
161.851425
161.941825
162.3817
162.41265
162.48595
162.5182
162.561625
162.60425
162.723425
162.879025
162.90405
162.9553
163.233725
163.272425
163.30475
163.31915
163.4068
163.4164
163.425725
163.433775
163.47435
163.558275
163.64875
163.709675
163.86985
163.93185
163.9899
164.0415
164.158675
164.21155
164.237525
164.256725
164.30205
164.3164
164.4207
164.424825
164.4406
164.459175
164.493325
164.517975
164.527325
164.552225
164.562975
164.589975
164.634
164.677725
164.71275
164.742375
164.818225
164.8943
164.935425
164.999475
165.08675
165.13745
165.154725
165.1618
165.1872
165.204825
165.26925
165.312175
165.32165
165.3623
165.41705
165.498875
165.562425
165.585225
165.642725
165.6934
165.701175
165.756025
165.809075
165.8188
165.860325
165.868875
165.87385
165.893375
165.915125
165.930425
165.962525
166.005
166.051475
166.0995
166.1695
166.21995
166.325425
166.383875
166.6149
166.653475
166.677425
166.69085
166.7692
166.818075
166.8591
166.87965
166.89955
166.9234
166.955025
167.022625
167.038975
167.050875
167.083425
167.1738
167.1875
167.23785
167.283325
167.360425
167.40445
167.417075
167.453175
167.516125
167.578625
167.6116
167.937975
168.0256
168.0821
168.09335
168.10415
168.137625
168.2115
168.2613
168.351125
168.40135
168.445575
168.503625
168.534
168.730475
168.809
168.9516
168.98985
169.102575
169.2164
169.26265
169.2999
169.336925
169.40745
169.425925
169.455725
169.464325
169.50115
169.512675
169.5509
169.67075
169.719375
169.851275
169.910475
169.94175
169.968075
169.99945
170.0167
170.13695
170.146875
170.16305
170.24805
170.28425
170.31175
170.46875
170.557625
170.598375
170.900875
170.986325
171.059475
171.158425
171.187925
171.206775
171.293025
171.325175
171.419275
171.481925
171.5251
171.606875
171.64935
171.67005
171.7888
172.05475
172.2227
172.3471
172.3988
172.4461
172.4512
172.461375
172.479025
172.510225
172.526125
172.690625
172.746975
172.78085
172.8112
172.994975
173.0252
173.059475
173.08215
173.1188
173.132775
173.1415
173.160075
173.16635
173.23605
173.405675
173.771125
174.103675
174.15785
174.39225
174.420875
174.43585
174.460825
174.516325
174.584525
174.636275
174.661325
174.70405
174.73485
174.762975
174.8298
174.86275
175.045975
175.051625
175.145275
175.196
175.211
175.2955
175.3191
175.332625
175.37765
175.411375
175.443675
175.483575
175.513425
175.522725
175.537025
175.563975
175.619525
175.714525
175.743675
175.7841
175.8065
175.812075
175.8362
175.864825
175.896775
175.90935
175.94655
175.98265
176.011075
176.029425
176.05305
176.069775
176.10625
176.3942
176.49815
176.58025
176.70905
176.72975
176.7449
176.767475
176.7876
176.805475
176.865775
176.889625
176.98145
177.091675
177.125
177.1738
177.204875
177.251875
177.2729
177.419375
177.480625
177.512575
177.524675
177.59825
177.608725
177.620925
177.6294
177.640675
177.662725
177.66915
177.7012
177.717875
177.75105
177.77905
177.8348
177.865225
177.879225
177.918175
177.93245
177.974175
178.06505
178.117225
178.160675
178.212325
178.270375
178.36695
178.4415
178.5568
178.6175
178.6594
178.70085
178.704975
178.71445
178.7421
178.781075
178.80985
178.832525
178.872525
178.9006
178.94665
178.983725
179.0202
179.05065
179.09995
179.1349
179.235775
179.2706
179.28905
179.35205
179.39535
179.418825
179.4294
179.481
179.511075
179.5499
179.59255
179.64355
179.690725
179.762925
179.7971
179.805075
179.891675
179.9325
179.961075
179.9749
180.098075
180.1363
180.1582
180.168725
180.173875
180.354175
180.41005
180.45335
180.4788
180.520225
180.633975
180.743825
180.748075
180.75495
180.76165
180.77375
180.777275
180.795
180.804175
180.852
180.88445
180.9244
180.9811
181.07195
181.26825
181.31535
181.40535
181.49635
181.5091
181.540375
181.558125
181.601075
181.61045
181.6306
181.640025
181.645925
181.6667
181.6782
181.735675
181.742125
181.7481
181.754075
181.77605
181.8084
181.829125
181.850475
181.8596
181.87235
181.89075
181.90305
181.915725
181.94225
181.954625
181.98825
181.9926
182.00595
182.018875
182.02475
182.0354
182.058925
182.085375
182.097775
182.109425
182.1379
182.14645
182.166575
182.17555
182.19675
182.2145
182.221775
182.25545
182.264125
182.2797
182.294175
182.3009
182.34775
182.375725
182.40965
182.4551
182.498475
182.513925
182.5249
182.618025
182.64245
182.670575
182.68025
182.69185
182.72375
182.756975
182.79645
182.811975
182.86055
182.8809
182.893475
182.915725
182.9468
182.9912
183.02405
183.074775
183.105875
183.171575
183.2418
183.269925
183.27625
183.29625
183.32045
183.32415
183.34785
183.369025
183.379975
183.3848
183.416375
183.47445
183.52405
183.587225
183.641425
183.652225
183.701775
183.750475
183.792825
183.893925
183.910675
183.9209
183.94585
183.982675
183.987625
183.997125
184.0605
184.07065
184.085525
184.123425
184.155625
184.18965
184.1964
184.210475
184.225425
184.245975
184.267175
184.29825
184.3158
184.348625
184.422725
184.44775
184.466825
184.4947
184.519725
184.60755
184.678725
184.6994
184.71875
184.806275
184.832125
184.890025
184.97545
185.0238
185.06555
185.106175
185.11975
185.12565
185.1551
185.166775
185.19115
185.23515
185.262975
185.281375
185.331825
185.347325
185.39705
185.456
185.471825
185.486725
185.5218
185.5916
185.6424
185.706925
185.713025
185.73985
185.79725
185.8072
185.838225
185.887475
185.925725
185.941
186.011025
186.04135
186.07395
186.097325
186.1263
186.163575
186.174175
186.209075
186.23515
186.28115
186.311725
186.3328
186.357525
186.395225
186.490225
186.497925
186.57725
186.62375
186.6474
186.666575
186.707225
186.722075
186.76455
186.77505
186.857225
186.922025
186.958125
187.0002
187.0246
187.060875
187.08545
187.098675
187.1335
187.222225
187.3449
187.5351
187.57175
187.6498
187.6815
187.706325
187.73785
187.800125
187.82385
187.922625
188.037475
188.06255
188.110425
188.134
188.17915
188.239
188.2636
188.28825
188.3059
188.33605
188.3652
188.40135
188.41175
188.4412
188.45255
188.493575
188.49905
188.519775
188.53665
188.55165
188.558725
188.5637
188.6328
188.66065
188.69775
188.76495
188.80355
188.80935
188.852425
188.916675
188.931225
188.960925
189.081625
189.17095
189.29325
189.424775
189.45235
189.5056
189.675825
189.7237
189.793775
189.852225
190.039375
190.151525
190.167725
190.22155
190.269775
190.276075
190.33645
190.43125
190.475825
190.48495
190.605825
190.737775
190.82985
190.875525
191.04725
191.13355
191.15265
191.309275
191.38105
191.47405
191.510175
191.835575
192.0503
192.12415
192.177775
192.230775
192.32355
192.49815
192.763075
192.964075
193.01625
193.138525
193.182625
193.2183
193.265025
193.307325
193.3143
193.33775
193.344725
193.3715
193.410825
193.43595
193.446675
193.46915
193.516425
193.5359
193.57925
193.633375
193.682025
193.707825
193.74105
193.7852
193.840825
193.8843
193.9392
193.964275
193.9759
194.00755
194.039375
194.08525
194.094
194.1088
194.1891
194.283925
194.316775
194.3286
194.359525
194.4233
194.473325
194.5074
194.838425
194.857375
194.985675
195.10825
195.217475
195.280925
195.312925
195.376575
195.402375
195.426025
195.4334
195.439875
195.450925
195.515375
196.04325
196.055675
196.10955
196.1184
196.125475
196.135
196.169025
196.184125
196.20405
196.302325
196.368375
196.419425
196.441525
196.49655
196.609025
196.741
196.868275
196.949925
197.056125
197.069575
197.225475
197.2862
197.3227
197.3545
197.38345
197.412875
197.44435
197.4783
197.515
197.543175
197.611575
197.715275
197.7395
197.77355
197.846575
197.88815
197.899125
197.928375
197.962925
197.992575
198.03125
198.10625
198.216225
198.311825
198.35795
198.468775
198.574025
198.619225
198.7942
198.85955
198.8914
198.91415
198.9718
199.047275
199.162125
199.383775
199.4788
199.512325
199.55365
199.563025
199.59315
199.604025
199.7889
199.994125
200.02745
200.087875
200.107
200.136775
200.1797
200.2414
200.2951
200.3344
200.35695
200.4521
200.478375
200.49785
200.54235
200.563025
200.59615
200.6228
200.636625
200.663825
200.77155
200.878275
200.971425
201.104425
201.14805
201.1687
201.1926
201.27305
201.3104
201.333875
201.41185
201.41855
201.4229
201.44025
201.4649
201.474075
201.482975
201.51555
201.52805
201.556825
201.5843
201.62535
201.680775
201.720375
201.74965
201.77415
201.816775
201.844925
201.853125
201.87795
201.894625
201.93205
201.963425
201.9734
201.989025
202.004275
202.03055
202.0425
202.08165
202.203975
202.27055
202.33135
202.399175
202.41275
202.418175
202.49855
202.5387
202.5684
202.614875
202.65865
202.66505
202.720475
202.773075
202.806025
202.852675
202.89315
202.90205
202.9333
202.94735
202.9761
203.04515
203.1741
203.2567
203.33415
203.399475
203.4499
203.523625
203.538175
203.614075
203.6645
203.70735
203.905375
203.942375
203.99125
204.01735
204.069725
204.131225
204.1707
204.2233
204.36105
204.4088
204.469025
204.487225
204.49565
204.50375
204.51305
204.540775
204.588725
204.602725
204.66165
204.68945
204.730675
204.7531
204.803025
204.9265
204.95595
204.989325
205.058225
205.087125
205.139325
205.23475
205.3219
205.358575
205.385475
205.41365
205.432275
205.4644
205.4921
205.5074
205.52535
205.5466
205.591425
205.682975
205.7641
205.835675
205.842625
205.86835
205.937075
205.974025
206.1094
206.18175
206.31075
206.3389
206.36095
206.37165
206.373275
206.379
206.441525
206.458875
206.469725
206.4988
206.518125
206.553725
206.672225
206.826225
206.854775
207.001775
207.101975
207.167875
207.245
207.3515
207.37965
207.38805
207.42935
207.46475
207.47375
207.494525
207.744425
207.9302
207.988075
208.086225
208.117675
208.1582
208.179875
208.193475
208.265425
208.357125
208.6405
208.647075
208.67525
208.757425
208.824625
208.8449
208.8837
208.920725
208.9551
208.98065
209.0341
209.0502
209.061325
209.090825
209.09915
209.137775
209.17275
209.2252
209.25165
209.29735
209.3225
209.394375
209.47075
209.554525
209.646925
209.721175
209.832825
209.980225
210.038725
210.075675
210.1219
210.145475
210.1823
210.62935
210.738575
210.806875
210.8346
210.850125
210.882675
210.93555
210.99975
211.068875
211.104675
211.18155
211.2432
211.2893
211.371975
211.4214
211.492275
211.5906
211.761025
211.80415
211.832975
211.884675
211.92975
211.988325
211.9994
212.02765
212.046825
212.062125
212.0722
212.101325
212.10825
212.1351
212.153175
212.168175
212.1826
212.19885
212.23835
212.28205
212.371775
212.52635
212.5604
212.62105
212.726625
212.78945
212.810725
212.840675
212.870575
212.878675
212.888125
212.89275
212.900275
212.90495
212.9237
212.9328
212.936775
212.9721
212.991975
212.997825
213.0118
213.03645
213.077575
213.111925
213.127025
213.181525
213.1992
213.283925
213.3336
213.409425
213.46915
213.538975
213.552075
213.560375
213.583775
213.61545
213.638825
213.6764
213.69645
213.72165
213.786925
213.814375
213.82755
213.835
213.885025
213.909775
213.932625
214.023125
214.11925
214.17305
214.2761
214.303225
214.321925
214.3592
214.38505
214.5385
214.60515
214.633175
214.63865
214.64375
214.67175
214.678925
214.7148
214.736
214.74045
214.7644
214.804775
214.8529
214.857225
214.874025
214.944325
214.9649
215.046525
215.081425
215.1502
215.19815
215.275675
215.2945
215.31515
215.32505
215.39805
215.4262
215.448275
215.47935
215.515725
215.541425
215.567525
215.634475
215.67995
215.69455
215.703575
215.716425
215.729825
215.755875
215.779525
215.870525
215.889575
215.9587
215.986825
216.06615
216.0756
216.13695
216.175975
216.211975
216.240875
216.38295
216.3999
216.438475
216.465
216.472275
216.49235
216.499475
216.541275
216.55175
216.60365
216.677675
216.71175
216.729075
216.745925
216.831975
216.8655
216.90045
216.973575
216.98985
217.0305
217.065525
217.086375
217.125075
217.155325
217.214
217.28975
217.311475
217.328375
217.38715
217.402325
217.409075
217.43005
217.46955
217.48135
217.5013
217.5606
217.625175
217.660825
217.684875
217.697375
217.71015
217.7315
217.756425
217.7692
217.77595
217.864775
217.9005
218.010675
218.073975
218.110025
218.1773
218.276575
218.330675
218.354225
218.424325
218.46205
218.471775
218.545
218.632025
218.728825
218.7836
218.810375
218.88025
218.9349
219.05565
219.064975
219.07075
219.0896
219.103825
219.11595
219.13095
219.15245
219.1715
219.196175
219.224325
219.244
219.254925
219.284
219.297575
219.388875
219.511175
219.56935
219.664575
219.712425
219.7852
219.828875
219.921525
219.9714
219.994575
219.999875
220.0224
220.02935
220.041625
220.05045
220.056075
220.071425
220.081175
220.256725
220.289475
220.364925
220.427925
220.435325
220.44435
220.448525
220.49825
220.5172
220.5343
220.596675
220.6469
220.71045
220.750125
220.824675
220.852675
220.87095
220.8882
220.93115
220.938425
220.9484
220.984625
221.00385
221.05365
221.085175
221.150025
221.197375
221.244075
221.275975
221.41025
221.5247
221.5792
221.60615
221.614675
221.756825
221.846175
221.9479
222.009
222.0675
222.150125
222.163425
222.18525
222.19895
222.203725
222.21315
222.22605
222.2438
222.248675
222.27375
222.426775
222.4745
222.50395
222.517425
222.543725
222.597175
222.6494
222.68925
222.721275
222.74675
222.79
222.861625
222.8923
222.9447
223.07095
223.093325
223.1181
223.13145
223.1564
223.237125
223.270675
223.30785
223.366175
223.417275
223.4267
223.47685
223.5236
223.550525
223.556125
223.60085
223.626525
223.66935
223.73445
223.82825
223.9879
224.103025
224.1836
224.2232
224.241025
224.28175
224.29165
224.3232
224.33725
224.402125
224.42675
224.54365
224.618325
224.627825
224.6544
224.668175
224.6746
224.7084
224.715
224.744125
224.778375
224.834775
224.86945
224.99705
225.053425
225.0993
225.177375
225.27165
225.28705
225.321875
225.3371
225.347075
225.3867
225.41295
225.438525
225.5184
225.60915
225.656825
225.78465
225.8447
225.894825
225.907225
225.943475
226.0356
226.149125
226.166
226.45815
226.606725
226.668775
226.716525
226.783575
226.797375
226.803325
226.821075
226.831875
226.874925
226.892
226.8983
226.933425
226.9528
226.96825
226.9926
227.06035
227.087525
227.1274
227.2595
227.32375
227.370175
227.410175
227.4521
227.459275
227.470125
227.47165
227.481875
227.488075
227.525775
227.5337
227.541125
227.6771
227.7344
227.776675
227.884375
227.9296
228.104675
228.143975
228.1677
228.191525
228.205525
228.271975
228.33445
228.406875
228.41635
228.446425
228.45515
228.4597
228.4683
228.50505
228.573675
228.603575
228.623325
228.627675
228.759775
228.942125
228.9848
229.00835
229.059375
229.087
229.09705
229.15675
229.3124
229.387625
229.4807
229.523725
229.5353
229.5514
229.576675
229.6203
229.68695
229.7362
229.805075
229.921925
230.006275
230.044525
230.0854
230.094075
230.096275
