4.015625
4.02425
5.16525
5.17335
6.0307
6.0396
9.7848
12.811125
12.8204
13.671925
13.68155
16.6766
18.2903
18.297825
18.3112
20.084675
22.633
22.639775
27.8777
27.9247
29.32525
31.221825
32.597525
34.0972
34.1239
35.60895
39.978025
42.868475
44.921075
44.9258
44.932825
52.371475
53.578975
53.58615
53.595575
61.0724
65.035725
65.845375
68.816525
68.8253
68.85615
68.9136
72.35385
72.3687
80.286475
80.28835
86.7256
86.733575
86.73995
88.919875
88.9415
91.1411
91.795875
93.709025
93.73785
103.985425
107.7211
107.726075
107.73445
112.552475
112.560625
120.674775
123.92265
123.9303
123.937725
129.172725
129.178675
129.1864
129.199
131.177375
131.191575
132.73195
132.747025
134.704
135.7482
141.018575
143.6025
147.609425
147.616725
151.2025
152.951875
152.960075
155.959175
155.9674
159.552675
161.83785
161.844625
166.082675
166.091375
170.835025
177.5739
177.617975
181.62475
183.04325
185.908825
186.5953
186.60545
188.337025
188.350425
189.212775
190.109075
191.87785
191.893725
195.64265
195.64975
196.3815
196.388925
197.452425
197.458575
200.892175
200.897925
200.9056
204.253625
207.490775
207.497025
207.5054
207.518625
209.28615
209.294125
209.92335
211.48885
212.6999
212.707875
212.7362
216.91935
219.74875
