0.28995
1.024575
2.872975
3.9468
3.954025
3.95535
3.969275
5.5384
5.547125
5.58355
7.044875
7.050175
7.069375
8.343
8.348725
8.359475
8.4057
8.4118
8.4296
9.602775
9.61105
9.619
10.142575
10.16565
12.225825
12.230925
12.238275
12.248875
14.1402
15.6672
15.67745
17.837175
17.8883
21.070225
21.076
21.086975
24.510375
24.515525
24.522575
24.5441
26.0197
27.5252
28.552525
28.55795
28.566875
28.581325
28.881175
28.9098
28.996075
29.10275
29.12805
30.261
30.387075
30.395175
30.410875
32.7742
32.779925
32.79515
36.440625
36.4457
36.452925
36.515725
36.5219
38.1319
38.149775
39.340825
41.46405
41.475475
42.19225
42.19965
42.206575
42.231825
43.43535
43.4407
43.457225
43.605725
43.629025
45.07465
45.08035
45.088725
45.105
45.79275
46.491175
47.73775
49.1164
51.3502
51.355525
51.361025
51.37645
51.383875
52.461475
52.4683
52.497825
52.681475
55.734925
55.740175
55.7469
56.1684
56.1707
56.1834
57.574175
59.0253
59.049
59.056225
59.07115
59.077675
59.236075
59.264275
59.989375
59.996675
60.014775
60.8819
60.887975
60.903825
66.106525
66.113225
66.12545
66.306225
66.356975
66.37265
70.8555
71.852825
71.858325
71.86575
71.885625
72.114425
72.136925
72.86995
72.875375
72.887825
75.04615
75.052875
75.07045
76.887225
79.1
79.105575
79.1611
79.1695
79.19295
79.5457
79.569625
79.8816
79.90415
80.282675
80.29975
80.664375
81.05645
81.08005
81.589125
81.594025
81.5991
81.6054
81.612775
81.634975
86.790625
86.79595
86.80385
86.81725
87.243925
87.741125
87.7473
88.812475
88.82175
88.83415
90.031925
90.0369
90.04345
90.050725
90.081275
90.08325
90.087375
90.096175
90.11685
91.327125
91.332325
91.33885
91.7779
91.78575
91.81215
91.9476
91.962725
91.966825
93.9852
106.6438
106.741275
109.2285
109.233425
109.23875
109.244575
109.252575
109.264125
109.391425
110.078375
114.40185
114.885275
117.591275
117.5966
117.606125
117.6198
118.5547
118.56115
118.56705
118.573575
118.58195
118.6868
118.69555
118.712375
121.3248
121.3299
121.336675
121.344575
121.350675
121.358675
121.3667
122.30815
122.314425
122.325475
124.055325
124.0617
124.06915
124.09175
125.245375
125.2508
125.258975
125.27385
125.9909
126.0137
127.65235
127.657525
127.665175
127.811775
130.681175
131.1926
131.197825
131.206275
131.21455
132.4066
132.41295
132.4209
132.4497
132.456025
132.46325
132.47055
132.479225
132.4915
132.834575
132.846175
134.253575
134.259625
134.26315
134.27195
134.2742
134.282775
134.292225
134.69045
134.7068
138.358125
138.863025
142.815375
142.8204
142.82755
142.841325
143.753075
143.758675
143.786375
143.791825
143.802475
143.832
143.8404
143.85015
143.94935
143.958525
144.254825
145.46095
145.466425
145.482625
146.4471
146.4525
146.460975
146.470025
149.966
150.193525
151.01615
151.9647
153.519925
156.6999
156.706625
156.715925
159.82225
159.82775
159.836875
159.8433
159.849725
159.86025
159.911925
159.918625
159.921575
159.967475
159.9754
159.999125
160.3935
160.417175
160.807175
160.838575
164.570325
164.576525
164.581725
164.5882
164.59605
164.604275
164.62145
164.628225
164.637975
164.639975
164.642975
164.6692
164.6935
165.292525
165.300775
165.3154
166.0446
166.05025
166.068675
167.56775
167.572425
167.5755
167.58615
167.789475
167.794325
167.80075
167.8111
168.30315
169.2294
169.239825
170.535525
172.9705
172.976025
172.985375
172.9963
173.397
173.424925
174.110725
174.1149
174.12205
174.1318
174.134175
174.145725
174.159175
174.1797
174.187625
174.206
174.8295
174.8451
174.851225
174.859325
174.88035
174.8889
174.92955
174.935975
174.954925
175.314325
176.135675
176.140625
176.14715
176.1544
176.1857
177.075425
177.0809
177.088375
177.09675
178.172925
178.179425
178.205925
187.10795
190.10895
190.117975
190.6034
190.609875
190.624325
190.650925
192.280775
192.29095
192.55395
192.5592
192.56625
192.573425
193.1265
193.132925
193.154075
193.612925
193.61945
193.638175
196.55665
197.342225
197.35
197.357125
197.363625
197.3703
197.38575
197.394225
197.4128
197.42435
198.0091
198.0354
198.8656
200.095825
200.100775
200.1077
200.119725
201.073225
201.079025
201.09415
201.1138
201.1616
201.173675
201.207725
202.266525
202.2747
204.075175
204.265625
204.27025
204.276725
204.2835
207.617475
207.639475
211.05665
213.745225
214.4867
215.206625
215.2121
215.220375
215.23735
215.397825
216.708
216.869025
216.8744
216.884375
216.890575
216.8971
216.9045
218.487125
218.49265
219.135925
219.1468
219.204025
219.45425
220.992
220.998
221.010475
222.488425
222.494375
222.51495
