0.27875
0.308325
0.451575
0.8274
1.5936
1.631475
1.876075
2.531575
2.558975
2.871075
3.259975
3.265725
3.94305
4.809325
4.814375
5.14025
5.545175
5.666625
6.562225
6.572175
6.7821
7.418375
7.648975
8.3666
9.0669
9.497775
9.770625
10.080375
10.252525
10.2693
10.4252
10.693775
11.208425
11.5443
11.6942
12.335775
13.6634
14.278625
15.1816
15.6298
15.64045
15.662425
15.985975
16.041025
16.050875
16.34455
16.663525
17.28535
17.65545
17.858875
17.862825
18.0296
18.531025
19.01715
19.041675
19.4123
19.694225
22.1522
22.15725
22.385925
22.76395
22.7775
23.471075
24.2108
24.670475
24.957775
24.963225
25.280575
25.294425
25.47325
26.313875
27.06765
27.37975
27.70575
28.871575
29.0042
29.3052
29.865425
30.031975
30.70705
30.985625
33.072275
33.307475
33.465775
35.100125
35.124675
35.235325
35.25535
35.404
35.655275
35.688475
36.266925
36.286525
36.308875
36.35575
36.924575
37.26495
37.396975
38.118475
38.57485
39.9702
39.977525
40.3459
40.628225
41.451675
41.456775
41.477125
43.504075
43.6182
43.628025
43.7095
43.94765
44.027825
44.050925
44.9616
44.9654
45.361275
45.65015
45.73825
45.782725
46.379875
46.45135
46.4894
47.282375
47.45345
47.741975
47.776325
48.603375
49.034125
49.10495
49.118175
49.46245
49.534025
49.811675
49.9171
49.935775
50.415175
50.64045
52.1181
52.147375
52.668625
52.68995
52.985225
53.058975
53.35625
53.4056
54.24165
54.382675
55.565475
56.15805
56.16685
56.2146
56.306625
56.64305
56.656475
57.58565
57.7745
58.2418
58.8786
58.887825
59.15845
59.1954
60.141375
60.53545
60.5552
60.972125
61.3597
61.794
62.196275
62.260775
62.35705
64.286975
64.51385
64.522475
66.048675
66.075375
66.30445
66.309875
66.3826
66.469825
67.3622
67.407425
67.85325
68.622175
68.630325
69.371475
70.1673
70.3653
70.860275
70.985275
71.0997
71.280525
71.396275
72.179725
72.33895
72.378925
72.705275
72.86695
72.872375
73.688825
73.69805
74.332325
74.336825
74.45575
74.57885
76.06625
76.08795
76.890825
76.9312
77.9482
77.9711
78.8175
78.822675
79.2653
79.638125
79.6506
79.692575
79.75125
79.975325
79.99635
80.600175
80.665275
81.004775
81.0447
81.0575
81.623625
82.09595
82.487925
83.8757
83.893625
84.228425
84.790975
84.796425
84.830175
85.45295
85.458225
85.70365
85.96015
87.2224
87.245325
88.01395
88.0189
88.463725
88.817275
89.161125
89.9979
90.0917
90.9415
91.2105
91.4134
91.933375
91.94495
92.158325
92.207875
92.2299
92.268625
92.4001
92.772925
93.467125
93.581575
93.7671
93.792975
93.988825
95.2781
95.28925
95.443675
96.03795
96.067525
96.07585
96.1497
96.46195
97.2591
97.324925
98.09085
98.220425
98.89175
99.544
99.54985
100.318325
100.335125
100.4584
100.900825
101.874325
102.43805
102.4536
102.740025
102.806275
102.825475
103.96285
104.92275
106.36375
106.644275
106.6652
106.75245
108.1984
108.20325
109.38775
109.397375
109.9741
110.064825
110.068725
110.10325
110.330575
110.443825
110.85565
110.9091
111.318525
111.855175
113.24685
113.630025
113.667825
114.11655
114.41775
114.455575
114.626325
115.082975
115.092375
116.200675
116.20395
116.210825
116.290625
116.369175
116.5253
117.56205
117.60335
117.928775
118.2489
118.402725
118.4714
118.680775
118.69385
119.13785
119.949
120.720175
120.72655
120.746075
121.1568
121.166675
122.10795
122.3936
123.122075
123.5007
124.154725
124.159925
124.89705
124.908725
125.3097
125.3352
125.7946
125.813075
125.979525
126.0076
126.2036
126.8336
127.0668
127.076975
127.3808
127.4789
128.14975
128.23055
128.607425
128.6513
128.9692
129.026825
129.284375
129.7386
129.87915
129.889675
129.931975
130.83335
130.8545
130.99015
131.485425
131.864325
132.30815
132.760575
132.787625
133.24995
133.285
134.12175
134.254825
134.2984
134.3192
134.333425
134.349375
134.385275
134.600875
135.129125
135.7531
136.140525
137.858525
137.873225
137.915275
138.294825
138.2989
138.377625
138.86135
138.934875
139.380225
139.630325
139.63825
139.6918
139.9429
140.09685
140.94705
141.0701
141.984025
142.0562
142.8448
143.2108
143.214375
143.225625
143.283925
143.6692
143.6763
143.744475
143.78965
144.0377
144.4786
144.483625
144.5405
145.02085
145.37725
146.132675
146.212775
146.22535
146.587
146.596325
146.856975
147.473725
148.4574
149.3101
149.8965
150.19125
150.2406
150.684
150.699
150.813275
151.916725
151.95015
151.96315
152.49345
152.86925
153.51855
153.526225
153.8958
154.2588
154.274575
154.71705
155.083375
155.109075
156.6962
156.700625
157.353925
158.247175
159.856125
159.910125
159.91445
159.941875
159.9947
160.608075
160.615525
160.796325
160.805575
160.8309
160.9107
161.0024
161.728425
161.785075
161.850525
162.2553
162.2888
162.697225
162.719525
163.2855
164.61775
164.680975
164.727875
164.89365
166.098975
166.202925
166.94025
167.290675
167.559975
167.56515
167.829
168.177925
168.313825
168.5336
169.2279
169.231175
169.26225
169.327725
169.452825
169.73185
169.8703
170.514925
170.521
170.631975
171.635275
171.6426
172.03205
173.04
173.26085
173.4569
173.4863
173.686125
173.794075
174.0381
174.042925
174.132525
174.1579
174.2226
174.6744
175.315675
176.812825
176.833825
177.358625
178.0988
178.391075
178.515175
178.546575
178.584525
178.591925
179.41405
179.613225
179.69305
180.633375
181.475475
183.308875
183.3159
183.647525
183.659475
183.7576
183.824225
184.052125
184.46115
184.58085
185.249025
186.392975
186.61135
186.615375
186.758375
187.07735
187.086775
187.1243
187.781325
187.788975
187.8924
188.037925
188.3997
188.6727
189.245375
190.39995
190.8867
191.5728
192.281975
192.527525
192.53465
193.6135
193.6403
193.7378
193.983975
194.3699
194.6186
195.663
196.093525
196.558025
196.61065
197.356525
197.5281
198.0129
198.049125
198.2576
198.371125
198.84435
198.848
198.853175
198.893975
199.0768
199.090975
199.890925
200.54795
200.809025
201.06185
201.615175
201.73245
202.81115
202.97805
203.002775
203.63035
204.061575
204.0707
204.39955
205.6722
205.7038
206.7452
207.621975
207.6278
207.6762
208.056125
208.653525
208.848475
209.933925
210.71365
211.0438
211.08775
212.55055
213.184875
213.191875
214.478175
214.485125
215.4051
216.0424
216.60915
217.6899
217.69465
217.73705
217.894325
217.97195
218.489875
218.517475
218.7893
219.097075
219.12015
219.447175
220.1725
220.56435
220.620675
221.255875
221.7623
222.1952
