0.262425
0.268325
0.275025
0.287275
0.321525
1.6236
2.7484
2.873725
3.255675
3.266075
3.57025
4.341375
5.128025
5.5434
5.555125
5.607725
5.62585
5.6359
5.64525
5.65605
5.6749
6.441675
6.463775
7.250775
7.986775
7.994725
9.0289
9.04545
9.604
9.610675
9.616575
9.626275
9.844675
10.0849
10.1621
10.24335
10.268525
11.66435
11.6816
11.988825
14.115225
14.2012
14.6428
15.103975
15.114725
15.46965
15.717975
16.487875
16.660625
16.67075
17.627875
17.6623
17.6703
17.684225
17.8665
17.874725
17.8834
19.012625
19.02275
19.5185
20.48135
20.51075
21.021275
21.264225
21.2714
21.280125
21.2953
21.525425
21.975375
22.7586
24.21285
24.27205
24.3763
25.4184
25.426025
26.292025
26.2971
26.302875
26.31165
26.32155
27.015675
27.39
29.27305
29.2774
29.292475
29.2946
29.3013
30.3047
32.75245
32.764325
32.865275
33.03085
35.092175
35.098475
35.105525
35.2769
35.3544
35.3598
35.366275
35.374425
35.611625
36.317775
36.3508
37.364775
37.584075
37.591325
37.60165
37.6151
37.6582
37.680275
39.12225
39.31055
39.327075
39.3338
39.3478
40.35785
40.377025
42.738425
42.743925
42.750875
42.759925
42.775275
44.804675
44.812125
44.821475
44.84175
44.963925
45.087125
45.18505
49.452225
49.4574
49.4638
49.47185
49.48285
49.5069
49.5164
50.395975
50.425525
50.69975
50.705825
50.712725
50.727175
51.564425
52.110425
52.21785
52.675625
52.67905
52.68065
52.98135
52.991125
52.999975
55.56285
55.5705
55.576525
56.138825
56.155825
57.0918
57.099475
57.575775
57.586075
57.602175
57.727725
57.73705
57.738775
58.850925
58.8883
58.951025
58.95945
59.5368
60.139575
61.3657
61.619225
61.633925
62.221625
62.230775
62.238125
63.063725
64.1469
64.15365
64.160425
64.763325
65.30875
65.66575
66.3557
66.36765
66.378825
67.2751
67.85625
68.6243
69.154575
69.731975
70.356225
70.3685
70.43855
70.812475
70.854125
70.89065
71.298825
71.447225
71.453675
71.4625
71.473525
71.500375
72.179175
72.19625
72.711725
74.32885
74.34095
74.882325
75.2091
75.719175
75.726
75.73315
75.751675
76.331675
76.3391
76.3481
76.8942
77.0449
77.05235
77.063125
77.0765
78.09405
78.102825
78.11405
78.806225
78.8115
78.819725
78.851425
79.658175
80.2786
80.65495
81.181675
81.189325
81.91065
81.917975
81.925825
82.1426
82.1526
82.1556
84.7911
84.796875
84.805125
84.818625
85.45275
86.685225
87.2193
87.225
88.081825
88.813575
89.020125
89.05785
89.8119
89.962025
91.410975
91.42025
91.7725
91.7824
91.940275
92.642325
92.656525
93.494325
93.50235
93.76015
94.829875
94.838125
94.846275
94.979425
96.040875
97.099925
97.10705
97.113325
97.12765
99.54605
99.584975
99.6097
100.886325
102.09985
102.4298
102.43905
102.451325
103.8334
103.839525
103.8471
103.85755
103.885
103.906375
104.115775
106.3303
106.33785
106.349425
106.64335
106.6489
106.67465
107.71575
107.724175
108.020875
108.030325
108.306
108.31265
108.32055
108.332725
108.34975
108.3991
108.783325
109.3724
109.380425
109.390475
110.060475
110.0658
110.07405
110.077425
110.083875
110.09245
110.414325
110.811675
110.8181
110.826825
110.83965
110.844975
110.851375
110.860825
110.881975
111.06895
111.08665
111.689775
111.72735
112.531125
112.5498
112.565275
114.114925
114.194875
114.869225
114.8734
114.8798
114.881625
114.8952
114.923375
114.924725
115.069425
116.202025
116.2064
116.23855
116.470675
118.438425
118.482625
118.68975
118.6967
119.2097
119.23085
119.71515
119.7354
119.813575
119.819175
119.826375
119.833775
119.942
120.720975
121.349775
121.3574
121.51545
121.83845
122.78575
123.296825
123.3014
123.31445
124.067025
124.0787
124.09635
124.202625
124.89085
124.926775
124.950325
125.466425
125.472575
125.4791
125.48775
125.50875
125.822425
126.143825
127.0701
127.0771
127.085425
127.211575
127.293475
128.283725
128.74275
128.9646
128.97445
129.184025
132.500675
132.756
132.787775
133.1672
133.176325
134.265
134.2808
134.294825
134.302425
134.309
134.31855
134.3292
134.598775
134.60295
135.577225
135.84415
136.080575
137.90015
137.9191
138.292825
138.338175
138.35145
138.3597
138.961075
138.96575
139.6398
139.6627
139.9332
140.141325
140.19165
141.01755
141.023125
141.029525
141.03885
141.05175
141.60895
141.657175
142.4101
142.638575
142.672075
142.678525
142.686125
142.69875
142.941875
142.95615
143.2109
143.228025
143.8494
144.023925
144.47955
145.841975
146.2093
146.668375
146.852575
147.2055
147.5661
147.572475
147.5798
147.59695
149.34005
150.23045
150.2688
151.041925
151.075775
151.506
151.73495
151.921025
153.882275
154.644625
154.845075
156.85475
158.3691
158.3702
158.371575
158.38315
158.393275
158.406175
159.37475
159.631
159.652825
159.76785
159.7876
159.918875
160.472575
160.6086
160.62885
160.813925
161.78785
162.06225
163.620075
164.178725
164.1854
164.64175
164.6528
164.6552
164.65655
165.002875
166.724575
166.73375
166.73635
166.742175
166.749625
166.79735
166.83215
167.82525
169.099825
169.106625
169.2278
169.229525
169.25265
169.271675
170.5953
170.602075
170.609475
170.6194
170.63895
171.737675
171.74535
171.7466
173.23805
173.7839
173.7919
173.8058
174.415975
174.9664
175.282
175.3264
176.421525
176.434375
176.441075
176.44805
176.45775
176.8095
176.96255
177.004575
177.077125
177.129225
177.856775
178.0873
178.092575
178.108975
178.109825
178.556075
178.57775
178.5853
178.592325
178.6023
179.6125
179.73415
181.51225
182.4372
182.4426
182.4489
182.457675
182.484675
182.568525
182.88175
183.378675
183.83055
183.83345
183.868025
184.64945
184.6508
185.31695
186.55365
186.56035
186.722925
186.7429
187.095925
187.541525
187.560675
188.396925
188.546375
188.554675
188.886025
189.2439
190.128225
190.135425
190.1669
190.442425
190.468825
190.4776
190.634475
192.30485
193.123925
193.607125
193.62275
193.705125
193.891175
193.89775
193.905925
193.922025
195.17965
195.30615
195.7089
196.08855
196.102625
196.17555
196.42235
196.4718
196.5597
198.01335
198.04695
198.8458
198.8528
198.8667
198.86845
198.894375
199.0751
199.23445
199.2879
199.33355
199.349625
200.5037
200.510075
200.51755
200.527925
200.79045
200.799325
200.807325
200.83445
201.0695
201.087775
201.317425
201.61055
201.62005
201.7224
202.94395
202.9452
204.078675
205.04585
205.057625
205.064
205.698925
205.8983
206.14125
206.722175
207.673175
207.70005
207.920525
207.9406
208.03645
208.642475
208.9374
208.94445
208.9523
210.344975
210.347175
210.39405
210.63715
211.867975
213.18665
214.469175
214.4777
215.77385
215.86315
216.864
216.89125
217.0447
217.15185
217.69215
218.3699
219.079975
219.085975
219.091775
219.094975
219.096975
219.098575
219.108375
219.142975
219.165975
219.515
219.7072
220.348775
220.812275
221.350875
221.49465
221.806
221.9545
221.962275
