9.776775
17.491975
34.029
45.5709
45.850775
49.802225
51.818275
52.07115
53.8595
55.805775
60.737225
63.131175
70.445825
72.719275
75.0774
80.327275
80.805025
83.99135
85.60805
87.5141
92.17135
93.632775
93.76215
95.95995
96.773425
97.07285
97.506225
99.752725
110.90045
111.2781
112.341625
112.7452
115.481125
116.695075
117.145975
117.38815
119.584325
121.863225
122.5173
122.860375
122.923425
122.949875
130.50445
131.58665
132.465825
133.00125
133.12735
136.604275
138.096375
141.77325
141.799775
142.048675
143.6505
146.431
146.655875
146.73895
146.85525
148.13215
151.91775
155.18395
155.6787
158.63325
159.361875
167.288325
171.704525
172.807225
173.02765
174.307275
178.9474
179.977975
184.3424
184.4325
185.568
187.396625
188.385025
190.048875
191.61335
191.6471
195.0416
195.069875
196.72645
198.77425
200.531175
200.879625
201.974325
205.991575
208.653075
211.699725
216.367675
216.47235
218.432875
221.727975
223.126575
224.6453
225.046175
227.492775
227.51945
228.174925
229.21225
229.47155
229.7309
229.758275
233.2129
233.788625
233.90475
236.40495
237.364625
237.532925
237.6282
238.191825
238.8567
239.98415
240.115475
242.449975
242.49025
244.664275
246.259825
246.2887
246.4331
246.530025
246.715525
246.868225
