0.087775
1.45495
6.362875
8.156225
8.16445
15.7054
15.732025
20.94495
23.30425
23.314225
24.919675
28.02365
33.3328
33.34235
38.311975
38.3192
38.329225
44.140675
44.151025
44.830475
50.1167
52.29315
55.27005
63.8729
67.022475
68.05545
68.066
69.1112
72.74
73.506275
80.587025
84.48265
87.9915
92.9081
92.92935
94.7932
94.81025
102.628875
102.63465
102.644975
111.1037
114.682125
116.9537
116.9709
117.652225
117.660525
124.352725
124.36405
131.080875
135.146775
136.6496
138.596175
138.625475
141.89845
141.91
144.048925
144.05765
144.5599
146.756975
148.238975
148.244675
148.25245
148.28245
149.047975
150.797075
150.8099
156.039
157.01355
163.273325
163.8753
166.7545
166.762375
169.263975
173.053775
175.967425
175.972475
175.979475
176.00055
180.186125
181.799525
184.490525
187.68125
190.445125
190.45305
194.646875
199.910725
201.672625
201.678825
205.499925
206.4252
209.2422
210.18405
210.192925
212.774475
215.95575
219.867875
221.363775
229.478175
233.339425
233.3484
233.798775
236.49705
236.998175
240.965425
240.978875
244.20015
244.2066
244.21715
249.382025
249.387375
249.4007
