0.0228
1.297925
1.3319
1.5963
2.472825
2.5311
2.59855
2.682225
5.541175
5.8721
5.87935
6.253825
6.3658
6.387025
7.321525
8.3901
9.365775
9.4073
10.4549
10.4609
10.47945
12.58675
12.76635
12.77205
13.35285
14.391975
14.41125
14.496175
14.7317
14.7531
15.5659
16.175425
16.180875
16.21605
16.612625
16.794825
17.064925
17.08615
17.33435
17.437675
17.44395
17.54385
18.72665
18.737125
18.745975
18.772225
19.989475
22.141625
22.222575
22.306275
22.348375
22.396275
22.417225
24.86595
26.159975
26.167025
27.3958
27.401275
27.4117
28.45235
28.4927
28.500325
29.513
29.5689
31.215575
32.377175
32.3843
32.62585
33.0896
33.146125
33.2042
33.75145
34.3072
35.689475
35.6949
36.529825
36.566
36.57325
37.1308
37.661575
37.6858
39.23025
39.28085
39.9405
40.5145
40.91745
40.925025
42.220275
42.493275
43.58815
43.8667
45.1323
45.16265
46.16705
48.2313
48.248025
48.403775
48.536025
49.092075
49.098625
49.141875
49.18605
49.196575
49.304425
49.823425
51.776825
51.7836
51.794625
51.823825
52.2998
53.487175
54.594075
54.603225
54.617275
54.8847
55.1592
55.167575
57.442175
57.44915
57.456475
57.50585
57.5212
58.051375
58.06645
58.9821
58.987025
58.994675
59.677175
59.69475
61.15865
61.186425
62.040225
62.551725
64.07655
64.08935
64.1068
65.5213
65.60705
65.618175
66.246175
66.25165
66.26365
66.829225
67.436375
67.772625
68.518625
68.5473
68.566375
68.9566
69.75645
69.76425
70.3736
70.406325
71.861175
71.8666
72.273225
72.54355
73.76055
73.79315
74.8776
75.514375
75.8688
76.395625
76.4467
76.941625
76.95615
76.985075
78.84555
80.02245
80.033975
80.71915
80.76695
80.8374
81.180425
82.261575
82.83145
82.8599
85.534625
85.54
85.582025
87.5991
87.60565
87.6111
87.61225
88.060725
88.085375
88.172575
88.720925
89.717925
89.724225
89.754075
89.965
90.010875
90.04555
90.232775
90.247775
90.4643
91.766675
91.8119
92.2253
93.5984
95.09305
96.7506
96.8157
97.9205
97.928725
98.32715
98.38215
98.38885
99.338125
101.32225
103.06605
103.886775
104.267425
106.9503
106.95675
106.968525
106.9876
107.90405
107.914625
108.831525
108.83905
109.06475
109.7198
109.74345
110.881325
111.51145
111.51985
112.157725
113.14065
113.151
113.541025
114.263325
115.469375
115.4757
116.9215
117.356725
117.3945
117.5303
117.63165
118.8177
119.20595
119.21635
119.76695
120.5198
120.716825
122.714525
123.433775
123.45305
125.659875
125.66665
126.6724
126.7818
127.99335
128.0012
128.156975
129.793575
129.807
130.118275
130.282475
130.365975
130.3755
130.61835
132.2065
132.226825
132.714425
132.732725
133.393575
135.4971
135.510975
135.928675
135.93865
136.69245
137.3506
137.363875
137.429625
138.147675
138.251575
138.33925
138.349275
138.360925
138.3829
139.3017
139.309975
140.408325
140.64155
141.0331
141.041575
141.0661
142.0592
142.068475
142.07645
143.038875
143.06295
144.67885
145.2628
145.26965
145.52865
145.5855
146.3137
146.320825
148.215775
148.223375
148.240875
149.301775
149.55945
150.66405
150.6713
150.682625
151.677
152.0677
152.08195
152.0937
153.29245
155.473225
157.1725
157.180375
157.216825
159.21745
159.222525
159.2304
160.5237
161.239075
161.97175
162.41125
162.4322
162.50305
164.444225
164.451375
165.06095
165.95615
166.0165
166.059075
166.458275
166.859525
167.412025
167.41705
167.4266
167.440825
167.803175
169.000425
170.071725
170.07785
170.084875
170.1089
170.828775
170.929225
170.93405
170.941425
171.64945
172.202975
172.210075
174.42235
174.573225
175.15835
175.849675
175.87245
175.90785
177.136425
178.99885
179.011475
179.131675
180.052075
180.068775
180.314975
181.09295
181.11615
182.384525
183.29275
183.581325
184.61625
184.634725
185.1276
185.728875
186.633875
187.6556
188.324925
190.839875
190.978825
191.03015
191.536
191.81235
193.047075
193.9174
193.981525
193.989575
194.00095
194.219025
195.0302
195.042325
195.154475
195.4733
195.4895
196.02995
196.037125
196.1393
196.306575
198.2182
198.238225
200.9254
201.14325
201.1497
201.15745
201.16825
202.434075
202.449825
202.462475
202.4724
202.520075
203.2832
203.297125
204.84835
204.8843
206.767325
206.8348
206.8527
207.86525
208.70845
208.7157
208.7267
208.756275
209.0225
209.2066
209.7048
209.935125
211.58815
211.7573
212.170975
213.8696
213.92405
213.954
214.73025
214.745225
214.761025
215.87445
216.103475
216.114225
216.206225
216.2085
216.24335
216.66615
218.1365
218.1455
218.153675
218.168825
218.44645
219.2916
219.595375
220.709575
221.157375
221.9489
222.152875
224.5375
224.7951
225.0795
225.552125
225.558875
225.844625
225.853425
226.47655
227.166375
227.171775
229.586875
229.5952
229.614625
230.501525
231.86185
232.16015
232.25805
232.684225
232.709825
234.199575
234.30535
235.2422
235.248475
235.276175
235.28245
236.0316
236.0498
236.056
236.069675
237.473175
237.492
237.985225
238.0016
238.2843
239.807625
240.837375
241.5649
241.7116
243.15875
243.23555
243.34625
244.875825
244.88125
245.95275
246.2275
246.262075
246.2706
246.489475
246.9751
246.979675
247.123
248.146175
248.151925
249.2359
249.24145
