0.0084
0.030375
0.051475
0.08765
0.122075
0.151925
0.18585
0.228625
0.2542
0.28675
0.316775
0.4137
0.4538
0.482425
0.53525
0.562475
0.6019
0.642525
0.7039
0.748375
0.7942
0.83345
0.8807
0.913625
0.926125
0.9461
0.968325
1.052075
1.084225
1.143725
1.1802
1.22035
1.27
1.31795
1.367175
1.399525
1.441375
1.467125
1.5099
1.566575
1.625775
1.6518
1.695175
1.7479
1.769
1.78575
1.794575
1.81655
1.828175
1.847775
1.865625
1.8771
1.8919
1.921225
1.945575
1.9643
1.9883
2.06495
2.12265
2.1606
2.22935
2.25755
2.297225
2.333475
2.394825
2.436575
2.49695
2.568975
2.623025
2.655825
2.693575
2.721075
2.777625
2.87085
2.9108
2.949325
2.9694
2.99025
3.01625
3.0228
3.027875
3.035725
3.042175
3.0495
3.0891
3.118
3.1392
3.173875
3.185275
3.214925
3.22995
3.245975
3.2589
3.27785
3.306775
3.33055
3.3555
3.375575
3.398175
3.432825
3.495525
3.52655
3.565825
3.62925
3.750525
3.814275
3.85215
3.878125
3.9241
3.937775
3.987025
4.0194
4.040825
4.059875
4.122075
4.15705
4.187
4.23695
4.274325
4.312775
4.355525
4.4034
4.43235
4.49905
4.55105
4.586625
4.6737
4.712775
4.780275
4.817575
4.863975
4.9037
4.93665
4.970275
5.0326
5.064
5.105725
5.13475
5.19225
5.225525
5.316825
5.356775
5.415775
5.4652
5.48955
5.544525
5.57325
5.62995
5.69915
5.75545
5.797325
5.85055
5.896225
5.937925
5.977075
6.031025
6.102125
6.144425
6.23275
6.291
6.357475
6.415975
6.4611
6.4983
6.584675
6.61625
6.692475
6.763
6.812025
6.8566
6.9604
7.031625
7.09645
7.12805
7.152175
7.1736
7.208775
7.254775
7.2908
7.32385
7.352475
7.38495
7.4122
7.435725
7.49
7.517025
7.551225
7.579725
7.65245
7.6977
7.72965
7.77915
7.84985
7.953525
8.017875
8.08075
8.14215
8.180075
8.2569
8.301675
8.335725
8.363525
8.382625
8.41125
8.4285
8.45615
8.4766
8.519425
8.553025
8.575
8.601875
8.6404
8.6587
8.68935
8.7055
8.7268
8.739425
8.776875
8.79725
8.826625
8.8595
8.895475
8.94705
8.99835
9.02725
9.092825
9.12835
9.178025
9.2109
9.287075
9.322775
9.382225
9.4173
9.5272
9.589025
9.640775
9.66175
9.682875
9.70695
9.735475
9.7553
9.796675
9.81995
9.835675
9.8529
9.8743
9.939575
9.97225
9.999025
10.062825
10.126
10.18465
10.230075
10.275825
10.3127
10.354325
10.480825
10.5624
10.60155
10.6703
10.715925
10.764125
10.840225
10.85885
10.941425
10.99965
11.059175
11.09745
11.127975
11.154125
11.1799
11.27815
11.340875
11.374675
11.408625
11.452775
11.498875
11.54205
11.59125
11.633075
11.67545
11.749425
11.793225
11.857925
11.897475
11.94865
12.00755
12.021625
12.063725
12.095925
12.1621
12.237975
12.261975
12.277525
12.317025
12.347975
12.402675
12.45045
12.506025
12.567525
12.594
12.66765
12.72715
12.773525
12.863425
12.91475
12.96215
13.047975
13.1067
13.298875
13.373725
13.410075
13.443225
13.46225
13.507725
13.530225
13.54295
13.6095
13.654225
13.706575
13.75145
13.78385
13.8399
13.891675
13.955825
14.011425
14.10945
14.1446
14.205225
14.2934
14.332625
14.4117
14.487175
14.5385
14.608125
14.646175
14.692875
14.743025
14.775775
14.8136
14.85065
14.916475
14.949225
15.011
15.115575
15.216725
15.278175
15.3262
15.3694
15.44535
15.482125
15.5419
15.56215
15.579375
15.602
15.625625
15.69385
15.724675
15.749025
15.769825
15.81425
15.8629
15.920475
15.950575
15.989825
16.017625
16.06195
16.0913
16.17445
16.2202
16.261375
16.309275
16.32995
16.37145
16.39025
16.408725
16.4279
16.449875
16.466575
16.479125
16.51785
16.56065
16.586
16.613125
16.633025
16.660525
16.698475
16.7418
16.772225
16.80225
16.825175
16.86075
16.88555
16.921175
16.952325
16.982525
17.008925
17.045425
17.0728
17.11045
17.163675
17.199375
17.244
17.27895
17.32515
17.379575
17.436875
17.47725
17.50135
17.527875
17.5485
17.5668
17.588925
17.629375
17.650475
17.672875
17.680975
17.692675
17.71265
17.732825
17.752725
17.785725
17.8386
17.89785
17.932425
17.96675
17.996275
18.01515
18.044075
18.081375
18.1116
18.1385
18.182975
18.238825
18.28295
18.3298
18.3564
18.457975
18.5043
18.53535
18.585675
18.6532
18.6917
18.735725
18.77215
18.800875
18.855325
18.891225
18.9464
18.9982
19.097575
19.12045
19.145825
19.19625
19.233025
19.264925
19.2985
19.33155
19.392025
19.43755
19.487025
19.522625
19.588875
19.636825
19.6869
19.7429
19.79835
19.85825
19.887775
19.93635
19.972725
20.004925
20.036275
20.078675
20.1307
20.178975
20.2343
20.289575
20.3754
20.4238
20.45985
20.5155
20.573775
20.6424
20.685675
20.7284
20.765775
20.8177
20.873575
20.92395
20.978075
20.98785
21.0003
21.011775
21.02805
21.048725
21.067375
21.116775
21.1361
21.15875
21.185525
21.25485
21.303325
21.327425
21.366775
21.422825
21.45595
21.505825
21.561625
21.60335
21.654675
21.684
21.759575
21.79145
21.831625
21.885325
21.9257
21.987175
22.03705
22.1092
22.12645
22.157925
22.169775
22.185775
22.19135
22.196125
22.201075
22.20695
22.2117
22.223775
22.23465
22.2523
22.271275
22.289625
22.31295
22.326625
22.340375
22.3529
22.36535
22.3838
22.401175
22.411425
22.428225
22.453875
22.48185
22.5094
22.5328
22.5683
22.5903
22.613125
22.657075
22.677775
22.703975
22.7378
22.764325
22.789575
22.821875
22.8449
22.883425
22.912925
22.9587
23.018675
23.036625
23.114725
23.14765
23.199325
23.233225
23.2885
23.319175
23.34425
23.378
23.4199
23.483825
23.5176
23.56525
23.61995
23.6606
23.7158
23.74825
23.7952
23.84515
23.891675
23.9467
24.000225
24.059525
24.10925
24.162225
24.20165
24.25515
24.28565
24.332275
24.421325
24.458275
24.50175
24.54855
24.606375
24.66695
24.712675
24.7628
24.845725
24.93935
24.964
25.038925
25.091875
25.1349
25.207225
25.270175
25.332475
25.367125
25.42095
25.479
25.519125
25.5888
25.619125
25.639775
25.6602
25.687125
25.70115
25.7189
25.755975
25.787475
25.808225
25.837825
25.859975
25.88615
25.92205
25.971125
26.0107
26.0352
26.090125
26.12155
26.17505
26.1915
26.233725
26.278525
26.340075
26.3602
26.4139
26.4664
26.50775
26.56115
26.60095
26.647175
26.665025
26.681525
26.695975
26.715375
26.734575
26.755225
26.78515
26.81295
26.8409
26.863
26.904475
26.9376
27.0377
27.059
27.151325
27.1958
27.25825
27.2913
27.34415
27.378975
27.3873
27.4251
27.429025
27.4308
27.432575
27.442225
27.455625
27.474575
27.49055
27.517725
27.54785
27.58055
27.62915
27.647675
27.668
27.67985
27.70335
27.71635
27.726525
27.7391
27.761975
27.786375
27.8055
27.81725
27.832375
27.8542
27.8698
27.8893
27.903125
27.91875
27.93925
27.952475
27.9687
27.9858
28.002125
28.01475
28.03175
28.043725
28.063975
28.0826
28.09865
28.11675
28.138175
28.150575
28.169425
28.190075
28.2411
28.267575
28.29145
28.32325
28.356025
28.37965
28.41265
28.43225
28.464525
28.489325
28.5172
28.56045
28.60565
28.63255
28.667225
28.7082
28.759
28.800375
28.862725
28.955975
29.001275
29.041525
29.072075
29.108625
29.153475
29.20385
29.23775
29.287575
29.321375
29.3742
29.429125
29.48125
29.550125
29.60095
29.659475
29.68965
29.7328
29.75905
29.827925
29.88875
29.927825
29.963025
30.0002
30.047275
30.097525
30.137825
30.192825
30.247925
30.2934
30.34425
30.39675
30.437225
30.481475
30.5257
30.568425
30.6349
30.682625
30.71045
30.7775
30.8119
30.867675
30.8902
30.9178
30.93945
30.9649
30.974775
31.0011
31.01515
31.04795
31.0722
31.094125
31.12375
31.141825
31.157675
31.174525
31.192925
31.211325
31.234575
31.257775
31.2774
31.297375
31.3189
31.35495
31.3996
31.419275
31.45035
31.470725
31.5154
31.548125
31.5827
31.6238
31.669225
31.708
31.766325
31.807825
31.856025
31.907525
31.961925
31.99565
32.046675
32.0922
32.152275
32.2089
32.252975
32.295775
32.366275
32.422275
32.496775
32.5401
32.578225
32.620525
32.636375
32.65135
32.668225
32.6864
32.706625
32.721425
32.7373
32.77845
32.82465
32.8418
32.86805
32.901425
32.917375
32.9499
32.9765
32.9971
33.034
33.081575
33.12615
33.172225
33.204675
33.23465
33.26945
33.293525
33.3483
33.3739
33.416875
33.473725
33.519
33.561375
33.615725
33.6667
33.73485
33.7711
33.83505
33.87415
33.92515
33.97405
34.082375
34.133075
34.16485
34.2395
34.26995
34.3461
34.40275
34.481075
34.5282
34.56125
34.608575
34.63795
34.68275
34.7393
34.813775
34.877725
34.90725
34.99025
35.01045
35.072325
35.12645
35.160575
35.282625
35.318275
35.362925
35.3951
35.414725
35.4459
35.469475
35.5393
35.5628
35.618225
35.695525
35.7375
35.77025
35.8164
35.8565
35.899525
35.9589
36.016325
36.073475
36.093925
36.13395
36.1697
36.2018
36.2216
36.2633
36.2925
36.3166
36.342725
36.372125
36.39855
36.421325
36.43685
36.457475
36.490525
36.516175
36.540325
36.56535
36.6071
36.65725
36.686675
36.7283
36.774175
36.8303
36.882325
36.9345
36.967525
37.0178
37.10155
37.133
37.164325
37.20465
37.2291
37.286225
37.34285
37.3742
37.41345
37.5006
37.54795
37.5717
37.6004
37.6323
37.7145
37.737875
37.804675
37.857325
37.908125
37.958725
38.049875
38.11715
38.19185
38.22265
38.263425
38.3006
38.3623
38.391975
38.4369
38.473125
38.50025
38.5196
38.5423
38.56
38.58575
38.612875
38.656325
38.6877
38.732725
38.766975
38.860625
38.9064
38.931975
38.949975
38.9662
38.993675
39.056425
39.09705
39.14415
39.18765
39.224875
39.28775
39.347075
39.40635
39.465375
39.51245
39.553725
39.5845
39.62915
39.689525
39.705225
39.726875
39.7392
39.753225
39.771925
39.8034
39.8215
39.854675
39.90075
39.941
39.96085
40.012575
40.0592
40.10885
40.1646
40.22885
40.284425
40.330925
40.38415
40.460275
40.495775
40.549875
40.609225
40.65075
40.70885
40.733025
40.753075
40.7759
40.7985
40.820775
40.854325
40.8711
40.8848
40.9088
40.938425
40.9663
40.99215
41.023225
41.066
41.103575
41.13075
41.153575
41.188175
41.243825
41.28295
41.316475
41.388625
41.44065
41.49745
41.561075
41.612925
41.671
41.7172
41.745475
41.809875
41.8451
41.900675
42.00115
42.0553
42.106775
42.164
42.224525
42.273425
42.296475
42.320075
42.349575
42.36945
42.393875
42.414925
42.43825
42.461725
42.482575
42.507525
42.536475
42.561975
42.5782
42.6181
42.664475
42.699
42.736925
42.7854
42.8232
42.891325
42.916375
42.96625
43.022275
43.054675
43.111325
43.18065
43.2289
43.27415
43.325575
43.35765
43.4194
43.506725
43.53145
43.582825
43.63645
43.6744
43.73275
43.76285
43.83795
43.8967
43.93435
43.970675
44.02045
44.05565
44.07165
44.0889
44.107525
44.12325
44.15395
44.171375
44.195525
44.214125
44.2391
44.26145
44.283575
44.309375
44.3408
44.3657
44.39845
44.4249
44.481175
44.53255
44.55655
44.5996
44.644325
44.6841
44.726375
44.774625
44.819075
44.849275
44.9274
44.9856
45.0668
45.095275
45.14395
45.21285
45.25995
45.279275
45.2982
45.3351
45.36855
45.398025
45.430575
45.4661
45.50405
45.52625
45.60495
45.676475
45.716725
45.749825
45.781525
45.806025
45.853325
45.88425
45.916425
45.95475
45.976125
45.994425
46.040125
46.10145
46.13645
46.1653
46.229275
46.281775
46.327825
46.377325
46.421525
46.513625
46.55625
46.6097
46.647975
46.695775
46.717175
46.740175
46.773175
46.807625
46.861275
46.880625
46.906575
46.93595
46.958025
46.995075
47.040775
47.06115
47.09545
47.126325
47.175125
47.224875
47.27745
47.3354
47.380475
47.43385
47.47475
47.542625
47.583825
47.60735
47.64565
47.6549
47.670675
47.691675
47.717475
47.774925
47.81155
47.873225
47.9039
47.9541
48.00455
48.037525
48.0772
48.12625
48.172075
48.212175
48.23625
48.2865
48.315725
48.401575
48.4286
48.45595
48.489875
48.5307
48.576925
48.606825
48.66415
48.7094
48.753825
48.78825
48.8274
48.87015
48.9169
48.980725
49.0203
49.0622
49.108325
49.1713
49.1943
49.208225
49.21705
49.227975
49.24125
49.252
49.2692
49.28685
49.313675
49.332175
49.345525
49.365075
49.386275
49.420475
49.442275
49.46365
49.492025
49.5077
49.52225
49.5413
49.56
49.581725
49.623975
49.649525
49.6894
49.727875
49.76565
49.85035
49.893925
49.940975
49.965775
50.01905
50.0606
50.10665
50.1176
50.130575
50.147125
50.16575
50.177575
50.221375
50.2328
50.25255
50.2755
50.29735
50.316775
50.3407
50.35855
50.388675
50.413625
50.441725
50.46575
50.48975
50.511775
50.5627
50.58815
50.623325
50.6452
50.66675
50.714975
50.73425
50.761875
50.81205
50.8412
50.880475
50.911925
50.9442
50.9743
51.02225
51.06075
51.099425
51.1401
51.1728
51.211425
51.247325
51.278475
51.3393
51.37935
51.443775
51.47435
51.495025
51.508325
51.520525
51.536925
51.5473
51.557475
51.573
51.580275
51.5965
51.605775
51.6162
51.641525
51.664375
51.698725
51.7165
51.732375
51.7594
51.778275
51.800425
51.83095
51.845975
51.871675
51.89955
51.920175
51.9417
51.97295
52.006675
52.035075
52.10715
52.137625
52.17315
52.203275
52.244825
52.2772
52.329725
52.348375
52.3641
52.38375
52.391225
52.403525
52.422825
52.4451
52.4585
52.47515
52.4907
52.51195
52.54395
52.562975
52.6008
52.640025
52.665
52.700575
52.735275
52.770275
52.83475
52.86815
52.9136
52.9452
53.0017
53.032825
53.073325
53.14705
53.185125
53.245575
53.295925
53.34105
53.399125
53.431325
53.458025
53.5306
53.5648
53.60615
53.6688
53.702
53.7509
53.78095
53.831575
53.92785
53.984175
54.0218
54.04235
54.064
54.089975
54.13205
54.16215
54.180125
54.21215
54.25305
54.29725
54.343
54.38125
54.416825
54.455325
54.497025
54.537725
54.556575
54.5829
54.62415
54.65225
54.701975
54.73805
54.766125
54.8117
54.832925
54.85105
54.8734
54.9016
54.93715
54.98515
55.00205
55.026025
55.054975
55.0859
55.11455
55.144275
55.184975
55.2304
55.261725
55.28965
55.348225
55.381225
55.427475
55.468825
55.5072
55.54785
55.591775
55.6404
55.672425
55.714025
55.7375
55.76255
55.77805
55.788325
55.8204
55.833375
55.843125
55.8636
55.87545
55.900575
55.92265
55.9366
55.954475
55.9712
55.989975
56.008375
56.03545
56.0705
56.094075
56.12125
56.14695
56.161525
56.183475
56.202725
56.232175
56.2772
56.32545
56.372025
56.42515
56.46425
56.49255
56.538575
56.581325
56.6449
56.687025
56.744975
56.801975
56.8306
56.845525
56.854625
56.863725
56.871675
56.879175
56.88715
56.919525
56.9403
56.9571
57.0025
57.026675
57.044425
57.060275
57.110375
57.154775
57.2003
57.2342
57.274725
57.312775
57.3624
57.418975
57.45145
57.50425
57.551275
57.601
57.665275
57.74185
57.796875
57.8429
57.90335
57.93245
57.964225
57.989075
58.006925
58.035975
58.06145
58.081275
58.097325
58.11595
58.13035
58.142475
58.15975
58.18185
58.208975
58.231625
58.25305
58.29535
58.341825
58.390925
58.466425
58.51105
58.56155
58.587925
58.64165
58.6888
58.7109
58.7651
58.818375
58.87105
58.91395
58.978725
59.033025
59.088825
59.1204
59.2313
59.28975
59.3214
59.33805
59.360725
59.386275
59.408325
59.425775
59.4451
59.46575
59.50025
59.529025
59.55365
59.575975
59.6048
59.633975
59.68505
59.71395
59.764725
59.7856
59.823025
59.876425
59.903725
59.9471
60.005675
60.056575
60.074575
60.117525
60.177175
60.187275
60.238275
60.286525
60.34355
60.3773
60.432275
60.476375
60.5123
60.56135
60.580125
60.60235
60.6063
60.6486
60.67515
60.693
60.7141
60.76015
60.829125
60.8479
60.903575
60.93735
60.9927
61.033175
61.084125
61.157875
61.193325
61.2488
61.2936
61.33825
61.409775
61.460125
61.494325
61.5282
61.57805
61.640675
61.691375
61.726025
61.78245
61.81925
61.88175
61.9258
61.997975
62.05245
62.080275
62.169325
62.234075
62.28275
62.327675
62.37755
62.42595
62.44995
62.511875
62.5439
62.584175
62.613
62.676375
62.71175
62.76595
62.817075
62.856475
62.9012
62.962675
62.998375
63.050475
63.102975
63.18885
63.20965
63.230075
63.254175
63.288025
63.30705
63.33255
63.3599
63.383425
63.433
63.46235
63.482075
63.513825
63.5518
63.5761
63.604925
63.650175
63.690975
63.7507
63.803075
63.852275
63.947475
63.989825
64.036425
64.07595
64.11495
64.179625
64.206975
64.28355
64.323625
64.367075
64.409125
64.442075
64.48515
64.5253
64.559575
64.615375
64.6796
64.73195
64.788425
64.833625
64.903525
64.95325
64.999575
65.045775
65.07715
65.10445
65.1287
65.14775
65.1619
65.18535
65.195975
65.206125
65.236825
65.253925
65.268275
65.29785
65.331225
65.354075
65.375075
65.404925
65.45325
65.484375
65.509725
65.54725
65.576925
65.612225
65.66705
65.70025
65.73195
65.761175
65.782075
65.8111
65.8615
65.9
65.96305
66.00705
66.0394
66.10035
66.1342
66.19065
66.2424
66.30775
66.37345
66.408475
66.57725
66.62605
66.662775
66.702875
66.765775
66.81115
66.849725
66.862025
66.876275
66.888925
66.907875
66.92465
66.9447
66.9634
66.9859
66.99965
67.0413
67.0602
67.083675
67.112375
67.1346
67.147825
67.182375
67.22585
67.2396
67.268725
67.2894
67.315575
67.34525
67.38635
67.418025
67.46615
67.507475
67.541425
67.61565
67.672775
67.729875
67.76125
67.805325
67.844425
67.9182
67.9575
67.9901
68.029175
68.0925
68.1517
68.197275
68.2301
68.27165
68.350975
68.40045
68.442
68.494225
68.526
68.580275
68.644975
68.7105
68.75945
68.8097
68.83685
68.856675
68.898075
68.9226
68.950575
68.9688
69.022225
69.049275
69.08135
69.100175
69.1206
69.1616
69.2097
69.2972
69.321475
69.36695
69.44305
69.48685
69.52275
69.57225
69.66075
69.685975
69.7386
69.7618
69.7709
69.7905
69.815725
69.843075
69.880675
69.92525
69.943075
69.9711
69.989175
70.018675
70.0711
70.114975
70.151575
70.199875
70.249975
70.288475
70.3432
70.360625
70.41025
70.49575
70.5205
70.562725
70.604975
70.628825
70.6733
70.7013
70.745825
70.793425
70.82715
70.895075
70.9475
70.977625
71.058675
71.095725
71.125975
71.1724
71.235375
71.286325
71.3198
71.382925
71.446975
71.478375
71.503925
71.526425
71.547675
71.55835
71.5729
71.588225
71.602075
71.6141
71.627025
71.644475
71.6565
71.693525
71.714625
71.76125
71.7906
71.82565
71.86365
71.912375
71.952425
72.041225
72.079125
72.162
72.194925
72.245325
72.3075
72.36195
72.388925
72.419425
72.444925
72.491475
72.52195
72.558075
72.579
72.5995
72.61495
72.6379
72.651925
72.667575
72.6817
72.704025
72.726025
72.74865
72.76895
72.78905
72.806275
72.836325
72.8659
72.887575
72.945725
72.972925
73.0197
73.04975
73.115975
73.16155
73.248175
73.2771
73.326475
73.35935
73.44475
73.5105
73.58035
73.6375
73.680775
73.727475
73.747525
73.809325
73.8314
73.8577
73.892475
73.9399
73.98925
74.038625
74.066975
74.175
74.2043
74.225175
74.27435
74.295225
74.3073
74.32395
74.3379
74.36365
74.387275
74.42215
74.454175
74.496225
74.551425
74.611675
74.6513
74.737625
74.763575
74.823225
74.86295
74.934125
74.98275
75.0235
75.1059
75.2241
75.26175
75.3012
75.3272
75.347225
75.36395
75.40505
75.4756
75.5057
75.547875
75.579025
75.631
75.661725
75.711525
75.74125
75.789625
75.83215
75.88735
75.934675
75.9937
76.0328
76.08745
76.14
76.184175
76.263775
76.312525
76.38785
76.419875
76.459125
76.50155
76.542525
76.62145
76.68485
76.7439
76.78075
76.836225
76.907325
76.99425
77.02595
77.07785
77.14245
77.188075
77.23225
77.2626
77.279625
77.3085
77.360625
77.40145
77.45665
77.488825
77.524475
77.5506
77.591
77.655775
77.70305
77.741875
77.79025
77.821375
77.86545
77.9276
77.955975
77.992325
78.020425
78.059
78.077825
78.116925
78.129325
78.148375
78.1719
78.1947
78.2151
78.229325
78.26775
78.3141
78.337725
78.361225
78.390225
78.42825
78.464875
78.5067
78.5464
78.6018
78.6712
78.73655
78.7565
78.829525
78.876475
78.9562
78.98535
79.042025
79.0956
79.132675
79.2117
79.266375
79.30715
79.370375
79.40245
79.48475
79.52845
79.55945
79.634375
79.6699
79.712
79.7528
79.804725
79.861225
79.920675
80.0094
80.060625
80.120725
80.182325
80.22015
80.290525
80.3696
80.421375
80.464725
80.49325
80.508325
80.5212
80.560775
80.602175
80.639425
80.661375
80.67865
80.714175
80.739775
80.787775
80.827875
80.87775
80.913825
80.9684
81.001975
81.035775
81.063775
81.182925
81.216925
81.262875
81.305025
81.349825
81.4199
81.48275
81.523225
81.5586
81.609725
81.666275
81.69005
81.724775
81.759075
81.7983
81.82775
81.876425
81.902
81.943275
81.970925
82.007325
82.044425
82.1023
82.14295
82.21305
82.25555
82.311575
82.38385
82.4482
82.48575
82.52385
82.572275
82.601575
82.635025
82.6626
82.69525
82.7236
82.75445
82.78745
82.82175
82.8479
82.885475
82.95125
82.98815
83.0119
83.029425
83.0458
83.078975
83.0939
83.1193
83.176625
83.215575
83.25395
83.284125
83.34045
83.413
83.448275
83.4959
83.547975
83.580975
83.6134
83.658225
83.691175
83.751225
83.8158
83.8878
83.9069
83.9281
83.938925
83.94755
83.957875
83.966425
83.977175
84.013725
84.027425
84.058375
84.0815
84.1059
84.131775
84.1565
84.197975
84.2344
84.26555
84.3043
84.330875
84.3803
84.4108
84.455125
84.486875
84.5244
84.5762
84.6103
84.656775
84.703325
84.759075
84.800525
84.84575
84.88735
84.946825
84.988625
85.063075
85.10735
85.143
85.20145
85.2367
85.3121
85.37265
85.4549
85.552375
85.584
85.6375
85.6748
85.70415
85.7353
85.750525
85.798075
85.826275
85.8522
85.894875
85.9308
85.984425
86.015375
86.0316
86.067375
86.134975
86.17415
86.27635
86.3115
86.3624
86.41885
86.505275
86.5403
86.628125
86.64075
86.648375
86.68315
86.70715
86.74845
86.7691
86.8116
86.840725
86.862
86.909125
86.938775
86.97605
87.014725
87.0505
87.08435
87.145775
87.192275
87.2766
87.3318
87.43585
87.47755
87.528475
87.548825
87.56225
87.587575
87.612775
87.6461
87.683025
87.71855
87.766675
87.80165
87.850775
87.87895
87.945575
87.997675
88.0462
88.0857
88.121475
88.2059
88.254575
88.2987
88.323375
88.33895
88.35535
88.370275
88.38275
88.3956
88.414325
88.436625
88.48305
88.5072
88.5583
88.6071
88.6665
88.71655
88.759325
88.83175
88.89965
88.9616
89.002125
89.05205
89.099225
89.156
89.21175
89.299225
89.34785
89.4227
89.46225
89.53335
89.615675
89.64995
89.7503
89.787125
89.8499
89.91545
89.97795
90.029975
90.0921
90.113925
90.1386
90.17205
90.184575
90.206625
90.217025
90.244025
90.27695
90.31225
90.3517
90.3886
90.440575
90.506
90.5766
90.6256
90.659375
90.698575
90.73985
90.786875
90.817375
90.851575
90.883275
90.921225
90.963225
90.99215
91.017825
91.093775
91.153075
91.19825
91.2517
91.3156
91.358475
91.401175
91.461275
91.481675
91.50225
91.52635
91.5402
91.554
91.566325
91.5766
91.590775
91.6106
91.635625
91.659925
91.67095
91.6971
91.7209
91.74765
91.78545
91.8204
91.869225
91.916
91.95585
92.005
92.07475
92.100425
92.239375
92.2716
92.341725
92.4033
92.462225
92.520475
92.5844
92.6485
92.670375
92.697275
92.722025
92.7361
92.756525
92.76775
92.7814
92.802675
92.8197
92.8831
92.911375
92.938175
92.96915
93.002375
93.025925
93.06885
93.094525
93.1241
93.16925
93.217225
93.253225
93.287875
93.3436
93.393075
93.458625
93.50095
93.554275
93.658075
93.682275
93.701275
93.7161
93.729825
93.7453
93.7535
93.781575
93.80165
93.820775
93.870775
93.91105
93.9427
93.984325
94.040575
94.096075
94.151325
94.2251
94.297
94.334075
94.3881
94.47005
94.50255
94.5695
94.628975
94.65985
94.70475
94.769725
94.839775
94.881825
94.94035
94.98155
95.035975
95.104075
95.17795
95.226675
95.2682
95.29935
95.336225
95.407625
95.45365
95.482325
95.50155
95.51785
95.5334
95.552325
95.585225
95.6225
95.664
95.69965
95.738625
95.7587
95.792125
95.826825
95.8689
95.921425
96.00085
96.06625
96.1121
96.169525
96.22535
96.29355
96.3669
96.427225
96.46485
96.50995
96.534825
96.545525
96.5558
96.56685
96.5813
96.592975
96.616
96.637275
96.6585
96.68545
96.725375
96.742475
96.802325
96.830375
96.875775
96.9007
96.927475
96.971175
97.033575
97.146
97.1792
97.240375
97.276025
97.354875
97.403325
97.432575
97.45395
97.467475
97.478975
97.488
97.5214
97.528375
97.536575
97.5448
97.5566
97.5835
97.597175
97.618375
97.63345
97.6467
97.66355
97.679125
97.693375
97.71105
97.729625
97.742
97.7591
97.783525
97.8032
97.837825
97.86255
97.894575
97.929725
97.965475
98.015275
98.043675
98.09975
98.138825
98.1676
98.2074
98.247325
98.271
98.300625
98.381925
98.413275
98.48835
98.5296
98.577475
98.611625
98.66605
98.6992
98.737
98.782075
98.8178
98.855075
98.898025
98.916625
98.937275
98.967625
98.999225
99.0494
99.082825
99.10525
99.148075
99.156675
99.1789
99.231125
99.278775
99.31295
99.349125
99.417375
99.496075
99.505475
99.562425
99.587875
99.6499
99.692775
99.715325
99.740375
99.76525
99.7763
99.788975
99.801525
99.8188
99.83135
99.8464
99.860025
99.873075
99.889775
99.9138
99.9357
99.96325
99.98575
100.01455
100.0345
100.141275
100.17815
100.22215
100.274975
100.317375
100.3763
100.43585
100.50835
100.606675
100.635
100.6738
100.71995
100.76265
100.792025
100.81645
100.86745
100.906
100.950325
100.99025
101.03085
101.073525
101.10635
101.14205
101.1917
101.23595
101.277025
101.332325
101.36785
101.453075
101.4946
101.564775
101.5925
101.653475
101.69915
101.756775
101.795275
101.862925
101.8996
101.933875
102.0227
102.059025
102.1243
102.161175
102.208925
102.2351
102.2648
102.280275
102.295725
102.312375
102.324875
102.341325
102.353675
102.3656
102.3987
102.434775
102.474475
102.504275
102.538725
102.574975
102.60875
102.6618
102.686825
102.72805
102.762975
102.785825
102.82825
102.847375
102.888475
102.942925
102.991125
103.033325
103.102325
103.147675
103.20315
103.2585
103.31625
103.384325
103.45295
103.453475
103.49835
103.556175
103.59565
103.62615
103.701
103.74125
103.808
103.86415
103.91195
103.966425
104.036575
104.104325
104.16375
104.21415
104.260225
104.326725
104.3495
104.384275
104.407825
104.434225
104.453475
104.473125
104.50965
104.562825
104.600125
104.642675
104.697325
104.74275
104.780825
104.817275
104.841125
104.895
104.960575
105.004025
105.040325
105.1102
105.16425
105.2073
105.24695
105.2892
105.34375
105.410325
105.477875
105.5155
105.5546
105.629775
105.691775
105.7337
105.7821
105.823125
105.85465
105.88805
105.951475
105.9969
106.04845
106.09025
106.134225
106.183025
106.232725
106.3019
106.353
106.398475
106.459375
106.519725
106.55485
106.611975
106.646625
106.71655
106.765225
106.8257
106.86225
106.899675
106.928925
106.9807
107.006325
107.03355
107.055925
107.079325
107.106325
107.1541
107.198525
107.244075
107.272375
107.335225
107.384275
107.422775
107.504275
107.57045
107.62415
107.68535
107.708675
107.736525
107.771975
107.7886
107.80315
107.821925
107.84015
107.8468
107.863725
107.881825
107.910775
107.955575
107.9752
108.025425
108.063425
108.08825
108.128025
108.169575
108.19245
108.236475
108.298475
108.349675
108.402675
108.4585
108.5011
108.548075
108.61835
108.667575
108.73855
108.860275
108.897475
108.935625
108.95805
109.024075
109.048125
109.0949
109.149025
109.185125
109.244475
109.272675
109.354275
109.42195
109.471525
109.5375
109.586525
109.59835
109.6256
109.649375
109.672225
109.699325
109.717525
109.7428
109.77625
109.8022
109.8322
109.87225
109.90065
109.932025
109.97675
110.010675
110.072525
110.11555
110.165125
110.216375
110.2746
110.34925
110.37845
110.458075
110.5013
110.568625
110.60375
110.651825
110.711925
110.74505
110.758625
110.76885
110.7825
110.80005
110.8248
110.8568
110.885225
110.915325
110.92965
110.953825
110.96615
111.0013
111.0165
111.053
111.0883
111.125125
111.175175
111.202275
111.2356
111.311975
111.394675
111.418375
111.454775
111.523
111.577775
111.618575
111.659275
111.728125
111.76725
111.799425
111.852
111.8699
111.882375
111.901925
111.941675
111.9714
111.998925
112.056225
112.10705
112.14325
112.204625
112.24825
112.272225
112.40735
112.458675
112.53545
112.61525
112.641725
112.701
112.80065
112.857875
112.941475
112.9796
113.055
113.115575
113.180725
113.22735
113.3073
113.349875
113.4182
113.46685
113.52095
113.568325
113.61075
113.63875
113.702575
113.730425
113.745975
113.773075
113.78275
113.80055
113.810175
113.82105
113.8398
113.874725
113.894325
113.9257
113.953875
114.0036
114.0473
114.0667
114.10985
114.18275
114.23905
114.277575
114.342825
114.38985
114.436975
114.47535
114.52555
114.564875
114.628875
114.68125
114.719175
114.7779
114.830925
114.872075
114.975325
115.013625
115.081775
115.1549
115.226725
115.315125
115.35825
115.39485
115.44345
115.496725
115.508525
115.510875
115.526175
115.5364
115.54615
115.559325
115.570875
115.592
115.610175
115.633325
115.65485
115.66895
115.690075
115.707525
115.72035
115.736325
115.766725
115.780075
115.7973
115.81615
115.8437
115.860775
115.88295
115.9105
115.933125
115.958625
115.9923
116.023725
116.0467
116.080225
116.091925
116.123675
116.16365
116.199275
116.24945
116.31255
116.369275
116.404125
116.46905
116.519675
116.59415
116.62905
116.672075
116.710875
116.722725
116.7382
116.7602
116.778825
116.79765
116.8209
116.840075
116.8626
116.88645
116.90485
116.9271
116.94785
116.959175
116.9781
116.997925
117.018675
117.067125
117.09865
117.117375
117.168025
117.201325
117.247175
117.2821
117.306475
117.34495
117.42185
117.452625
117.49005
117.518825
117.54225
117.564375
117.583275
117.601
117.619525
117.636675
117.66785
117.708575
117.74285
117.773525
117.812875
117.86015
117.896825
117.93155
117.991525
118.019225
118.06125
118.092675
118.153025
118.173175
118.20045
118.2267
118.248175
118.2678
118.2919
118.310225
118.340675
118.367025
118.387325
118.415875
118.439525
118.467325
118.500075
118.52515
118.558375
118.62465
118.68025
118.70495
118.74655
118.77845
118.80465
118.833
118.882675
118.934825
118.9709
119.010075
119.0989
119.128725
119.194125
119.246225
119.329325
119.38825
119.448075
119.480725
119.5479
119.62575
119.6676
119.6923
119.725575
119.759125
119.80075
119.83255
119.872675
119.908125
119.95985
119.98735
120.018025
120.069025
120.106125
120.166225
120.227425
120.2527
120.3024
120.355625
120.390125
120.43595
120.4812
120.518625
120.560225
120.61185
120.684225
120.721875
120.76565
120.84875
120.92765
120.975825
121.020775
121.062225
121.114375
121.161575
121.237925
121.28975
121.333075
121.36775
121.441025
121.536475
121.570625
121.627725
121.67155
121.7195
121.759825
121.81115
121.928375
121.986225
122.034125
122.07265
122.127225
122.160125
122.21405
122.2748
122.336175
122.398825
122.4497
122.56345
122.600225
122.640325
122.7195
122.77415
122.823925
122.840025
122.8838
122.899625
122.932525
122.963725
122.981125
123.002125
123.0292
123.0783
123.11915
123.162225
123.2273
123.2623
123.302475
123.393075
123.4642
123.542
123.572125
123.65075
123.70785
123.7564
123.819975
123.862725
123.943025
123.998775
124.048025
124.138375
124.195525
124.2503
124.310525
124.3675
124.387775
124.42655
124.4387
124.446775
124.4526
124.48035
124.499825
124.526625
124.560875
124.60735
124.64015
124.6724
124.719625
124.74615
124.803025
124.8689
124.872125
124.90405
124.976175
125.018375
125.0613
125.11445
125.175775
125.225225
125.27335
125.31085
125.34205
125.3856
125.44295
125.480425
125.52695
125.567425
125.632075
125.683925
125.75755
125.80435
125.862975
125.92095
125.9533
125.9837
126.001225
126.020025
126.0413
126.05935
126.08
126.1096
126.12805
126.157375
126.1837
126.21665
126.246625
126.28615
126.314125
126.338425
126.36825
126.398725
126.431675
126.448275
126.4957
126.52645
126.563775
126.5983
126.6308
126.65145
126.668875
126.687975
126.714325
126.759775
126.801375
126.840575
126.881725
126.923325
126.962075
126.994175
127.070425
127.13965
127.19785
127.241925
127.277075
127.304175
127.324
127.34795
127.36635
127.405875
127.433025
127.47955
127.52545
127.5677
127.6274
127.667575
127.724525
127.790725
127.8379
127.894825
127.9329
128.0004
128.0356
128.066075
128.133725
128.15895
128.231125
128.25345
128.304975
128.35285
128.382775
128.45995
128.49035
128.5549
128.5981
128.65735
128.72665
128.776125
128.8373
128.9157
128.9585
129.048
129.07785
129.175525
129.2182
129.249375
129.305075
129.3274
129.36475
129.423175
129.447275
129.49065
129.514575
129.544875
129.5594
129.5696
129.58065
129.592775
129.62185
129.64195
129.658175
129.689775
129.716125
129.763225
129.788925
129.80985
129.8366
129.897275
129.92845
130.007425
130.055375
130.098625
130.1217
130.206425
130.287175
130.335575
130.36715
130.4027
130.4715
130.5327
130.57735
130.623075
130.669325
130.720675
130.749575
130.779975
130.8412
130.9039
130.946325
131.0397
131.0907
131.16295
131.2103
131.2534
131.266575
131.324925
131.3709
131.42485
131.492525
131.54015
131.568125
131.59895
131.61535
131.630475
131.644725
131.66135
131.713475
131.73625
131.7589
131.78575
131.8098
131.827875
131.85865
131.891425
131.916625
131.953025
131.9755
132.012725
132.075075
132.098825
132.15645
132.221975
132.257575
132.313625
132.3624
132.42465
132.50535
132.566875
132.6019
132.6599
132.700625
132.7807
132.820575
132.873075
132.931475
132.98585
133.015075
133.026975
133.04395
133.058825
133.072175
133.0882
133.1056
133.14075
133.159425
133.1752
133.1973
133.215925
133.23285
133.25435
133.2861
133.303925
133.329425
133.3829
133.4164
133.44795
133.47975
133.49625
133.55525
133.5918
133.656425
133.684075
133.732575
133.78485
133.86035
133.908925
133.972375
134.03305
134.0673
134.093675
134.12615
134.1502
134.167425
134.1924
134.2119
134.236375
134.2712
134.30695
134.33065
134.37395
134.4066
134.46905
134.491275
134.5527
134.60975
134.63565
134.691675
134.73725
134.8019
134.846075
134.8838
134.913325
134.9482
134.965325
134.988475
135.009525
135.02385
135.043025
135.054475
135.073075
135.09245
135.111225
135.136425
135.1646
135.19425
135.22125
135.2476
135.278975
135.31225
135.3443
135.360825
135.3821
135.39425
135.402925
135.423925
135.4477
135.4663
135.479475
135.4903
135.51155
135.53285
135.546425
135.5639
135.583025
135.60485
135.630675
135.66315
135.710175
135.749925
135.7733
135.824925
135.8829
135.943
136.0006
136.054625
136.0962
136.148775
136.191975
136.241575
136.2635
136.3015
136.365875
136.395375
136.413575
136.4327
136.450375
136.468475
136.4861
136.5143
136.52915
136.55465
136.573775
136.5862
136.624625
136.650725
136.679975
136.71015
136.735175
136.774775
136.8377
136.8828
136.907975
136.964825
136.9963
137.055175
137.087125
137.12945
137.175375
137.232225
137.268925
137.289275
137.31155
137.33135
137.357775
137.387975
137.41995
137.4461
137.465725
137.4808
137.49595
137.510275
137.52955
137.53115
137.541975
137.561025
137.59395
137.609025
137.626925
137.640275
137.661225
137.68715
137.702625
137.7182
137.73535
137.754675
137.771075
137.787475
137.805575
137.82005
137.839275
137.8711
137.929
137.96875
138.014725
138.1276
138.168
138.2109
138.2596
138.29005
138.332725
138.36505
138.402075
138.48615
138.53765
138.577225
138.627425
138.6667
138.729775
138.766525
138.811875
138.81965
138.84915
138.88575
138.948925
138.9891
139.032
139.078125
139.1417
139.193025
139.238925
139.281175
139.3386
139.387425
139.443375
139.5001
139.5262
139.548575
139.5625
139.577325
139.58635
139.60005
139.617825
139.6298
139.65355
139.6691
139.690625
139.709275
139.7375
139.75685
139.781075
139.799175
139.823925
139.842625
139.880575
139.92565
139.9618
140.00485
140.03275
140.088625
140.128175
140.20795
140.280525
140.3271
140.382575
140.423075
140.469275
140.496825
140.5301
140.539975
140.544375
140.549475
140.56045
140.565125
140.56985
140.575025
140.586775
140.607075
140.6307
140.663275
140.685725
140.726025
140.746675
140.762325
140.775975
140.8126
140.836425
140.854975
140.8902
140.91485
140.93145
140.951925
140.966975
140.986975
141.010675
141.022075
141.0403
141.06415
141.08935
141.105475
141.127775
141.15395
141.197975
141.217775
141.228625
141.265375
141.308475
141.357025
141.397675
141.43875
141.491175
141.55255
141.5979
141.653375
141.69585
141.74215
141.80005
141.821275
141.83705
141.855125
141.8834
141.902275
141.917425
141.94195
141.966325
141.99055
142.01995
142.083375
142.122925
142.168925
142.222725
142.275125
142.32035
142.3653
142.4288
142.475375
142.542875
142.58815
142.6742
142.713975
142.7587
142.806025
142.87635
142.923625
142.96985
143.013125
143.058275
143.1103
143.155475
143.247875
143.27235
143.2943
143.332575
143.3647
143.4201
143.461275
143.5073
143.547725
143.606025
143.691025
143.716925
143.77895
143.805825
143.851025
143.879725
143.90665
143.92765
143.943925
143.953975
143.966775
143.99335
144.00555
144.022775
144.040325
144.0563
144.074975
144.09755
144.13905
144.169625
144.1989
144.21675
144.2339
144.248525
144.2779
144.305925
144.329675
144.370575
144.41655
144.467475
144.502825
144.5482
144.58945
144.635875
144.69045
144.718725
144.76345
144.788475
144.8157
144.86355
144.940825
144.9615
145.018675
145.047925
145.086275
145.121275
145.16225
145.19235
145.256075
145.2671
145.27495
145.29905
145.30915
145.318975
145.33555
145.356925
145.388725
145.417
145.443625
145.48215
145.511375
145.552125
145.596325
145.6445
145.662625
145.722525
145.7762
145.815675
145.88
145.93775
145.9776
146.0176
146.0622
146.16935
146.196875
146.2707
146.3305
146.388225
146.471975
146.53455
146.62645
146.671175
146.69115
146.70415
146.723975
146.75335
146.7924
146.821675
146.873775
146.90245
146.93175
146.9604
146.9896
147.022325
147.067925
147.1069
147.146125
147.1875
147.26055
147.295875
147.363
147.41135
147.47745
147.54325
147.57265
147.610975
147.694725
147.722675
147.732975
147.7483
147.766275
147.78
147.79535
147.81175
147.823475
147.8403
147.857975
147.8816
147.90815
147.9447
147.988225
148.0253
148.074375
148.172275
148.234975
148.291
148.343475
148.4139
148.451475
148.487925
148.5208
148.533825
148.54695
148.564075
148.57475
148.589875
148.604175
148.617025
148.627675
148.634425
148.64765
148.66385
148.68565
148.711475
148.741
148.767125
148.794825
148.81855
148.835925
148.855175
148.8744
148.897775
148.94275
148.978675
149.016
149.06335
149.099275
149.145075
149.20905
149.2579
149.291775
149.34365
149.387325
149.444625
149.4733
149.499
149.51375
149.5305
149.5457
149.557
149.5681
149.58475
149.601
149.614375
149.63865
149.654375
149.6709
149.68335
149.700575
149.72615
149.75
149.77815
149.800375
149.821475
149.844075
149.8898
149.949625
149.982575
150.03875
150.0807
150.1128
150.171625
150.2071
150.27665
150.324775
150.37055
150.45685
150.512575
150.543425
150.588475
150.626
150.661375
150.673425
150.684825
150.696375
150.70675
150.7162
150.724375
150.734375
150.757475
150.77095
150.779775
150.7927
150.815825
150.847475
150.8801
150.913625
150.950125
151.018025
151.057875
151.080925
151.120475
151.1375
151.158825
151.1697
151.1874
151.216275
151.247425
151.29905
151.337375
151.3958
151.44735
151.498325
151.5726
151.626125
151.665875
151.725375
151.757475
151.80905
151.852425
151.8963
151.919225
151.93135
151.94355
151.966
151.975325
151.986575
152.003325
152.0183
152.032475
152.049225
152.063025
152.079775
152.10825
152.129675
152.1452
152.1645
152.181975
152.204175
152.224525
152.2423
152.288125
152.326925
152.34845
152.400325
152.447375
152.47615
152.525625
152.565075
152.6076
152.678975
152.706925
152.7477
152.8097
152.86295
152.87745
152.920975
152.949725
152.985675
152.9985
153.0096
153.01945
153.035225
153.04465
153.05795
153.070425
153.084925
153.1035
153.140475
153.1551
153.178975
153.1972
153.2207
153.26125
153.284075
153.338975
153.362
153.412925
153.44815
153.497825
153.54845
153.579075
153.6426
153.712275
153.732575
153.74585
153.764275
153.775
153.78515
153.7951
153.805525
153.81925
153.841975
153.864
153.893525
153.920175
153.95885
153.99635
154.03875
154.075675
154.094825
154.116475
154.160825
154.22165
154.2759
154.325175
154.3913
154.443125
154.48665
154.578275
154.64275
154.6902
154.780325
154.83865
154.886075
154.93785
154.995325
155.07725
155.121875
155.2335
155.2871
155.3372
155.40445
155.541475
155.58275
155.600625
155.623325
155.640325
155.66465
155.69925
155.716225
155.743125
155.771525
155.78955
155.830525
155.858875
155.8984
155.920525
155.95295
155.98195
156.004775
156.03205
156.0508
156.077225
156.101225
156.1325
156.16975
156.1894
156.201425
156.216075
156.231625
156.24505
156.266525
156.2963
156.3144
156.3524
156.380825
156.434975
156.489975
156.5346
156.5934
156.649025
156.683375
156.733375
156.771375
156.80395
156.8814
156.9299
156.981225
157.026275
157.062875
157.083025
157.136225
157.181725
157.220525
157.236225
157.252025
157.30355
157.36405
157.411125
157.4347
157.461625
157.48685
157.539675
157.6121
157.659325
157.716575
157.76815
157.8195
157.87525
157.920225
157.98575
158.014825
158.05895
158.1056
158.13515
158.1595
158.183225
158.198125
158.220125
158.2386
158.263325
158.32125
158.35345
158.395825
158.41725
158.4773
158.532325
158.561925
158.665275
158.722775
158.751675
158.8041
158.8568
158.888725
158.960175
159.020475
159.079
159.127975
159.184725
159.2242
159.301375
159.33645
159.3846
159.4226
159.464075
159.49175
159.5179
159.564
159.607825
159.63045
159.675175
159.714675
159.7846
159.81975
159.8731
159.90095
159.962825
160.010075
160.04285
160.04585
160.080825
160.14755
160.181925
160.21
160.2573
160.3109
160.34335
160.3809
160.453125
160.499575
160.5518
160.616175
160.6934
160.74755
160.818525
160.87305
160.956225
161.014375
161.05625
161.09305
161.1508
161.189925
161.234875
161.2763
161.319
161.358175
161.424925
161.47645
161.545525
161.61635
161.673925
161.733375
161.759275
161.839
161.877775
161.925775
161.967125
162.0314
162.088925
162.160525
162.2047
162.249875
162.290625
162.3596
162.389225
162.45225
162.492425
162.539525
162.56395
162.5909
162.6154
162.657575
162.6896
162.732975
162.790525
162.833925
162.905125
162.94465
163.006775
163.054175
163.128825
163.1904
163.221775
163.266425
163.307525
163.340575
163.387875
163.438375
163.495325
163.56895
163.597325
163.654425
163.6867
163.7362
163.815575
163.8819
163.94315
163.9908
164.031325
164.0782
164.157525
164.20295
164.2517
164.2819
164.326
164.355775
164.3705
164.389975
164.408175
164.4171
164.41915
164.427875
164.444675
164.4712
164.498725
164.525675
164.5807
164.62025
164.678425
164.707225
164.7762
164.83745
164.912125
164.95895
165.008
165.0778
165.1363
165.187325
165.248675
165.297225
165.35205
165.39395
165.4368
165.4597
165.48285
165.505425
165.5207
165.5318
165.5423
165.568175
165.57895
165.588275
165.600125
165.621375
165.639775
165.663075
165.6827
165.705825
165.73765
165.757975
165.772975
165.787075
165.811675
165.8299
165.849125
165.867675
165.8875
165.90365
165.93085
165.9558
165.978325
166.021525
166.069225
166.109925
166.130025
166.1523
166.198125
166.263475
166.307675
166.352325
166.3852
166.428
166.4767
166.526775
166.55185
166.584975
166.606675
166.625975
166.659575
166.68185
166.700575
166.719375
166.7338
166.752475
166.77835
166.8002
166.831475
166.864375
166.88645
166.92215
166.9738
167.009675
167.0479
167.085625
167.12865
167.17505
167.213525
167.248425
167.28785
167.32645
167.36785
167.391
167.44165
167.467375
167.52415
167.54625
167.57365
167.5924
167.613325
167.627425
167.653675
167.68045
167.6923
167.7233
167.746575
167.768725
167.81585
167.8563
167.8835
167.921075
167.947075
168.015325
168.0494
168.103325
168.169075
168.207
168.217525
168.26905
168.343875
168.359075
168.377725
168.38835
168.4121
168.4255
168.435675
168.451375
168.462025
168.479225
168.49155
168.509875
168.547775
168.5788
168.606625
168.626225
168.6616
168.68985
168.7287
168.756675
168.782325
168.831875
168.86635
168.906325
168.9708
169.0053
169.049325
169.078
169.123575
169.171575
169.214775
169.257
169.3274
169.3995
169.45495
169.502775
169.584325
169.6186
169.686325
169.74525
169.815025
169.8732
169.9019
169.9596
170.0255
170.074525
170.0944
170.137925
170.1853
170.239425
170.344075
170.405925
170.45415
170.531075
170.6033
170.637725
170.722025
170.771825
170.856725
170.899125
170.9307
170.988175
171.05985
171.124425
171.16645
171.1974
171.25045
171.288725
171.35245
171.39815
171.43745
171.455775
171.48305
171.5089
171.535575
171.590425
171.610025
171.63155
171.662475
171.73005
171.757575
171.7906
171.83315
171.88695
171.919525
171.97525
172.068375
172.1091
172.16375
172.2073
172.234225
172.30345
172.336675
172.40145
172.434875
172.50075
172.570125
172.620125
172.6483
172.717025
172.76365
172.7906
172.831825
172.867725
172.896825
172.921025
172.943725
172.9602
173.001025
173.05795
173.08495
173.120325
173.139725
173.15605
173.191
173.21545
173.24985
173.264025
173.29485
173.338475
173.339025
173.428
173.49735
173.53675
173.592825
173.66825
173.743325
173.800225
173.84685
173.90595
173.941275
174.002125
174.053675
174.1104
174.148825
174.209775
174.23565
174.265025
174.28785
174.346025
174.363275
174.38445
174.40205
174.41865
174.441925
174.457475
174.4708
174.4974
174.5189
174.54355
174.561075
174.582725
174.612725
174.645825
174.662225
174.693625
174.70915
174.745625
174.760675
174.7844
174.8064
174.822175
174.85035
174.880525
174.9109
174.933125
174.978075
175.018025
175.05135
175.084275
175.159375
175.20315
175.278475
175.3444
175.395825
175.4606
175.54255
175.5817
175.629425
175.7014
175.738875
175.762925
175.78135
175.7981
175.807875
175.8206
175.83395
175.849675
175.854925
175.86395
175.878475
175.8919
175.905075
175.9185
175.9378
175.953675
175.973475
175.9923
176.03205
176.0587
176.08445
176.1198
176.149725
176.184
176.217075
176.25035
176.305625
176.3389
176.38205
176.463175
176.499925
176.534325
176.5932
176.65995
176.709675
176.774575
176.80475
176.857625
176.896425
176.936525
176.9569
176.97355
176.98535
176.998925
177.0116
177.024275
177.03585
177.046775
177.059175
177.0735
177.0926
177.1086
177.131975
177.154925
177.188625
177.2151
177.2482
177.299675
177.3368
177.3662
177.388425
177.419475
177.441875
177.520725
177.562425
177.587675
177.606575
177.631525
177.667225
177.687975
177.71665
177.753075
177.7906
177.829375
177.85215
177.8802
177.934525
177.9633
178.030975
178.064225
178.12635
178.201225
178.246875
178.334
178.379325
178.45645
178.53505
178.576125
178.662475
178.678725
178.7271
178.76115
178.83415
178.8744
178.9171
178.9717
178.992475
179.024875
179.061025
179.08425
179.10155
179.13765
179.17735
179.220625
179.261475
179.33735
179.380625
179.39965
179.4514
179.5025
179.574125
179.653925
179.71875
179.7897
179.86285
179.9179
179.921
179.957
179.967175
179.989175
179.9977
180.009775
180.0158
180.03385
180.048375
180.06635
180.081675
180.0963
180.1189
180.13085
180.144375
180.162225
180.1876
180.2084
180.240925
180.27915
180.326175
180.369575
180.41025
180.447025
180.481325
180.5099
180.5495
180.5717
180.61515
180.663975
180.72115
180.766775
180.818675
180.862875
180.91335
180.97385
181.014625
181.0547
181.0976
181.15875
181.2345
181.28505
181.354425
181.382275
181.402725
181.414675
181.426875
181.4352
181.446675
181.462825
181.47545
181.495225
181.5061
181.51775
181.537975
181.558225
181.5701
181.593075
181.608525
181.626575
181.6428
181.662625
181.688475
181.71825
181.73375
181.77245
181.791125
181.821825
181.859525
181.90155
181.92935
181.954175
181.99325
182.0185
182.048125
182.1023
182.150875
182.189775
182.2356
182.292475
182.34745
182.3691
182.435075
182.488275
182.55685
182.57935
182.5855
182.63115
182.65975
182.66705
182.675975
182.686625
182.696925
182.707825
182.7239
182.73945
182.75795
182.781375
182.802525
182.82085
182.846425
182.8647
182.892225
182.927275
182.962075
182.984125
183.025025
183.053925
183.1061
183.1828
183.23015
183.266775
183.32295
183.380475
183.4394
183.49025
183.5452
183.58475
183.625525
183.665825
183.72615
183.76445
183.834375
183.89695
183.93675
183.975775
184.047675
184.10335
184.176425
184.223075
184.27905
184.308125
184.319725
184.334725
184.356825
184.362725
184.378725
184.45255
184.4785
184.505675
184.5197
184.548075
184.577475
184.58975
184.618725
184.64755
184.683275
184.7169
184.782
184.85565
184.89185
184.94995
185.0137
185.11035
185.197975
185.239675
185.289075
185.312675
185.358675
185.427975
185.47325
185.5127
185.62
185.662425
185.73955
185.80415
185.855825
185.91305
185.984025
186.020275
186.112325
186.15075
186.1966
186.20995
186.215475
186.2341
186.2534
186.270325
186.28955
186.3104
186.3376
186.36315
186.381825
186.412175
186.430575
186.463325
186.482775
186.51905
186.558425
186.579375
186.602025
186.624925
186.6727
186.731425
186.7753
186.808575
186.870675
186.949475
186.98935
187.0545
187.13175
187.159975
187.20305
187.219925
187.248675
187.2947
187.314825
187.3405
187.36235
187.411025
187.440075
187.50905
187.59395
187.6424
187.6799
187.742175
187.770225
187.780525
187.81905
187.894425
187.941275
188.0519
188.1173
188.1365
188.148025
188.183375
188.198275
188.220025
188.244
188.271625
188.2995
188.3366
188.456475
188.516625
188.606875
188.63815
188.70195
188.76295
188.836625
188.90075
188.964075
188.992
189.012075
189.023275
189.04555
189.0643
189.103675
189.1469
189.1878
189.218075
189.25475
189.305725
189.364925
189.43335
189.47515
189.546075
189.624275
189.690225
189.748175
189.77935
189.853325
189.8884
189.93635
189.96595
189.992975
190.027725
190.06615
190.079
190.0951
190.146925
190.198925
190.24195
190.29685
190.357525
190.410775
190.48935
190.541175
190.609025
190.657775
190.711175
190.7711
190.827325
190.879775
190.898225
190.918425
190.938325
190.961075
190.97525
190.995425
191.0309
191.0531
191.077125
191.106475
191.133125
191.1625
191.20695
191.255775
191.310725
191.37065
191.43265
191.474075
191.557125
191.590375
191.69545
191.7446
191.80895
191.841125
191.894175
191.9539
191.987025
192.03925
192.08325
192.143375
192.170175
192.2042
192.253775
192.334525
192.39595
192.45
192.5058
192.58915
192.6483
192.7345
192.7659
192.841575
192.9135
192.963925
193.009875
193.07295
193.126875
193.1977
193.23915
193.32355
193.35585
193.362525
193.369475
193.424625
193.478425
193.524925
193.565725
193.599475
193.62205
193.648
193.665875
193.692275
193.70855
193.7372
193.772975
193.8075
193.835125
193.855625
193.8875
193.9423
193.981175
194.0085
194.048025
194.0874
194.127325
194.1757
194.2473
194.283675
194.343525
194.389275
194.453275
194.530225
194.546075
194.6509
194.66885
194.7198
194.8149
194.917125
194.975425
195.00805
195.02915
195.107925
195.144125
195.2054
195.235525
195.297475
195.340775
195.394125
195.42345
195.461825
195.5323
195.601325
195.64345
195.70235
195.70945
195.75045
195.75515
195.7888
195.80625
195.815875
195.826525
195.836
195.84595
195.8578
195.867275
195.884075
195.909225
195.925325
195.9495
195.9735
196.00045
196.037525
196.063725
196.1087
196.109175
196.127775
196.1559
196.176825
196.19015
196.225
196.25205
196.2676
196.331125
196.386125
196.423975
196.438925
196.48035
196.504975
196.560025
196.6271
196.661775
196.8069
196.85295
196.944325
196.99895
197.0289
197.041775
197.07955
197.0894
197.12795
197.17955
197.244275
197.26925
197.269775
197.347675
197.39545
197.434675
197.493025
197.54055
197.599825
197.693425
197.74865
197.8059
197.850875
197.937525
197.9892
198.001825
198.052575
198.118025
198.16955
198.2236
198.2975
198.34175
198.421425
198.496525
198.5226
198.569725
198.624725
198.653225
198.686875
198.70735
198.72625
198.7442
198.7582
198.786425
198.80195
198.8313
198.872325
198.890325
198.925175
198.963525
198.99165
199.033875
199.0753
199.1507
199.21605
199.2523
199.2827
199.336625
199.39765
199.434075
199.443475
199.488475
199.54275
199.6251
199.6587
199.735175
199.764575
199.800325
199.814675
199.85715
199.916925
199.995075
200.073775
200.0981
200.168375
200.2287
200.287275
200.3394
200.3847
200.423875
200.44905
200.475775
200.493225
200.510825
200.54895
200.570175
200.590675
200.6124
200.639825
200.6791
200.715975
200.753325
200.7933
200.8203
200.930425
200.9806
201.021125
201.06555
201.09755
201.129875
201.14055
201.1453
201.1723
201.176325
201.183
201.18975
201.226275
201.25655
201.3022
201.3251
201.3639
201.39025
201.405775
201.420725
201.446575
201.464775
201.487225
201.539325
201.5622
201.5917
201.622875
201.6428
201.687
201.705875
201.73135
201.759925
201.796025
201.833775
201.8861
201.90575
201.939875
202.011
202.06415
202.105475
202.1293
202.182525
202.260425
202.284875
202.326575
202.3759
202.413425
202.459825
202.516625
202.57505
202.61445
202.662175
202.709875
202.75305
202.819025
202.884025
202.92165
202.978525
203.06135
203.0923
203.15205
203.2039
203.251175
203.285675
203.334275
203.3876
203.420125
203.4973
203.5078
203.56005
203.56265
203.593575
203.6251
203.71795
203.75125
203.7758
203.832825
203.8938
203.897125
203.93505
203.965375
204.025325
204.06955
204.135725
204.18095
204.2656
204.34435
204.443225
204.500725
204.567625
204.617275
204.713425
204.758225
204.7979
204.8538
204.90035
204.922575
204.9682
205.000625
205.026575
205.0497
205.08565
205.126725
205.1677
205.20915
205.263925
205.318175
205.382775
205.418875
205.4907
205.538225
205.595775
205.6331
205.666375
205.7262
205.7428
205.79805
205.873025
205.925875
206.066875
206.097275
206.150375
206.210725
206.258475
206.29435
206.31635
206.33555
206.3587
206.37495
206.401275
206.4276
206.458075
206.482675
206.50045
206.5374
206.5639
206.59945
206.63725
206.6889
206.71385
206.740125
206.7663
206.798125
206.831775
206.85195
206.900175
206.923475
206.959275
206.999875
207.0508
207.092275
207.152425
207.204
207.258975
207.303525
207.3622
207.41055
207.46375
207.4926
207.531775
207.5658
207.60255
207.629375
207.65595
207.67485
207.7048
207.735775
207.763625
207.787775
207.81835
207.861325
207.933875
207.979525
208.04635
208.106425
208.14305
208.21865
208.22215
208.259475
208.320375
208.38185
208.4402
208.51265
208.557975
208.588175
208.707275
208.749775
208.7925
208.8241
208.839175
208.85725
208.86995
208.88945
208.9064
208.938975
208.9765
208.9943
209.030875
209.0459
209.077825
209.0994
209.1335
209.150625
209.182375
209.227875
209.25555
209.3028
209.360775
209.395025
209.4244
209.448175
209.4984
209.56575
209.614675
209.651375
209.721225
209.7562
209.821325
209.8774
209.922575
209.96185
209.991
210.014
210.085125
210.1301
210.17145
210.2272
210.2529
210.29365
210.31885
210.337175
210.35615
210.36935
210.393425
210.4344
210.44885
210.46605
210.475975
210.48675
210.495125
210.50645
210.5274
210.539025
210.555475
210.5728
210.592475
210.6183
210.6252
210.652175
210.6747
210.701175
210.723875
210.754575
210.793125
210.8314
210.8649
210.91135
210.940225
211.017225
211.0842
211.112075
211.128675
211.1815
211.227425
211.261575
211.285775
211.3168
211.34935
211.362525
211.399075
211.451625
211.5002
211.543975
211.597175
211.6303
211.655375
211.672475
211.67965
211.7168
211.730525
211.752275
211.778875
211.793125
211.819975
211.830225
211.848675
211.86995
211.88565
211.90145
211.9272
211.970625
211.990225
212.022375
212.0611
212.137575
212.174125
212.199525
212.215425
212.24895
212.28975
212.314
212.36105
212.402975
212.438775
212.4756
212.5154
212.5741
212.605425
212.666825
212.71145
212.784575
212.817275
212.8892
212.911675
212.9334
212.95005
212.9599
212.990225
213.01535
213.0542
213.086975
213.14455
213.16895
213.204025
213.276425
213.314925
213.379025
213.452925
213.519475
213.587775
213.63165
213.649675
213.66775
213.68695
213.703725
213.718
213.742925
213.753475
213.780025
213.80155
213.829675
213.854325
213.8784
213.896025
213.9175
213.946625
213.96655
213.984825
214.024375
214.061675
214.083825
214.124175
214.1563
214.196425
214.232875
214.271
214.321175
214.361325
214.414925
214.46465
214.52125
214.575675
214.626575
214.67445
214.7033
214.751825
214.804575
214.896375
214.923325
214.960625
214.971
215.01245
215.05645
215.114775
215.1732
215.206575
215.2759
215.33565
215.3733
215.45485
215.535925
215.586125
215.630325
215.666425
215.687025
215.698375
215.717375
215.737225
215.7497
215.76275
215.782325
215.839025
215.877925
215.9175
215.962075
216.0303
216.0734
216.11195
216.1306
216.1659
216.190575
216.2006
216.2292
216.23685
216.250375
216.268775
216.282775
216.319625
216.344325
216.392575
216.413575
216.43205
216.45495
216.516075
216.535325
216.56645
216.595775
216.62845
216.652925
216.7188
216.755
216.784225
216.840875
216.8839
216.9431
216.976025
217.012775
217.037425
217.104075
217.147775
217.205725
217.246125
217.305625
217.3729
217.412525
217.4488
217.485925
217.54235
217.588475
217.63515
217.6826
217.722275
217.775025
217.80495
217.8659
217.9068
217.96405
218.0662
218.13035
218.196825
218.28985
218.3371
218.4011
218.5719
218.6151
218.6391
218.7176
218.81145
218.878075
218.9108
218.9761
219.000975
219.050125
219.080375
219.129575
219.157175
219.2
219.249375
219.27615
219.312725
219.350225
219.37705
219.40985
219.43825
219.4862
219.510825
219.5548
219.609625
219.6992
219.734425
219.77045
219.815325
219.873275
219.921175
220.00205
220.037225
220.09205
220.174975
220.191775
220.21515
220.234275
220.26365
220.292925
220.326475
220.3585
220.3985
220.49105
220.560075
220.56645
220.6449
220.684675
220.749
220.76825
220.858675
220.923625
220.964525
221.007825
221.077275
221.139625
221.19465
221.25975
221.326
221.3856
221.45395
221.5067
221.558475
221.616125
221.6414
221.65945
221.6791
221.706125
221.753025
221.777475
221.79705
221.82205
221.84675
221.8812
221.90725
221.911475
221.933675
221.96205
221.9856
222.00065
222.020175
222.041525
222.055775
222.088125
222.10745
222.134575
222.15295
222.185775
222.203225
222.240675
222.24765
222.2697
222.305375
222.3404
222.373125
222.4118
222.436275
222.473875
222.5169
222.56895
222.6152
222.6581
222.70935
222.7648
222.838675
222.876975
222.9446
223.034025
223.074425
223.107575
223.158675
223.1813
223.196975
223.205625
223.231575
223.2529
223.27445
223.318075
223.344775
223.395625
223.429225
223.4619
223.487425
223.5088
223.550475
223.593475
223.6297
223.67885
223.7238
223.764725
223.7957
223.875875
223.90885
223.98145
224.042225
224.137875
224.1974
224.242825
224.257825
224.2656
224.277175
224.285975
224.29395
224.305175
224.316225
224.3239
224.335625
224.348975
224.369525
224.384575
224.401225
224.432475
224.45295
224.477175
224.50305
224.51765
224.541725
224.5657
224.595
224.626225
224.671575
224.692075
224.70735
224.7221
224.73725
224.752025
224.768525
224.785525
224.80165
224.8283
224.854075
224.890175
224.9229
224.94525
224.971875
224.99705
225.0963
225.1346
225.1733
225.228775
225.258575
225.31095
225.357825
225.445375
225.472225
225.535425
225.567375
225.580775
225.59465
225.615475
225.629975
225.644025
225.6606
225.6857
225.699425
225.717275
225.7364
225.76635
225.7854
225.80365
225.821475
225.83725
225.852625
225.8706
225.90805
225.93645
225.96595
226.00415
226.048925
226.07395
226.0956
226.105925
226.131425
226.14925
226.17115
226.191
226.207975
226.2218
226.245925
226.264825
226.2935
226.31955
226.347775
226.3649
226.385275
226.408025
226.4311
226.4596
226.48405
226.5189
226.556575
226.599275
226.6345
226.6802
226.7104
226.747075
226.811625
226.842225
226.86695
226.89895
226.926475
227.00835
227.061575
227.125025
227.18875
227.2476
227.279675
227.308325
227.329675
227.343375
227.360825
227.37355
227.4025
227.416725
227.436925
227.45905
227.557725
227.587475
227.617525
227.6485
227.69245
227.735925
227.77225
227.8185
227.860425
227.891325
227.9433
228.000575
228.049325
228.06465
228.092
228.10965
228.128275
228.139075
228.149825
228.1593
228.1902
228.211025
228.243
228.266925
228.294775
228.322725
228.34975
228.3891
228.411475
228.43525
228.47545
228.500525
228.555675
228.596675
228.6416
228.68425
228.7308
228.7817
228.82545
228.88975
228.9281
228.977625
229.015125
229.0722
229.11755
229.1682
229.23465
229.256125
229.3
229.326175
229.343275
229.34435
229.358575
229.370925
229.3964
229.43755
229.5168
229.5462
229.569675
229.58625
229.610875
229.640475
229.6737
229.6942
229.796675
229.82175
229.846875
229.868325
229.904425
229.928575
229.9696
230.009625
230.04595
230.0897
230.14855
230.196675
230.24295
230.302875
230.33045
230.43665
230.466425
230.528225
230.591275
230.6222
230.63965
230.65345
230.68435
230.7206
230.759425
230.798625
230.8539
230.893025
230.951
231.003825
231.072725
231.12715
231.203575
231.268925
231.327975
231.3887
231.418525
231.487075
231.535075
231.5959
231.656975
231.73715
231.788625
231.799575
231.853325
231.890575
231.99495
232.070775
232.13265
232.17455
232.20485
232.243175
232.28455
232.3336
232.3533
232.3687
232.391825
232.400975
232.434025
232.450975
232.489625
232.5433
232.57955
232.614475
232.6688
232.6987
232.7596
232.817075
232.86485
232.94395
232.9984
233.07255
233.125725
233.165775
233.18535
233.200675
233.223325
233.2359
233.25115
233.260575
233.27255
233.287175
233.30635
233.322725
233.375875
233.401
233.42095
233.45855
233.48065
233.52045
233.57165
233.6294
233.695425
233.7532
233.820425
233.873825
233.94365
233.98445
234.0332
234.1239
234.1572
234.232625
234.29415
234.356425
234.418625
234.451875
234.51215
234.57775
234.652875
234.68225
234.724025
234.752175
234.7999
234.832625
234.892225
234.92765
234.970575
234.996975
235.013675
235.050975
235.09245
235.1299
235.1582
235.19385
235.2179
235.2445
235.267175
235.283975
235.313725
235.341425
235.383925
235.408525
235.4649
235.492875
235.52545
235.579625
235.6214
235.647625
235.6918
235.7449
235.801075
235.845475
235.896875
235.92825
235.995925
236.063725
236.1152
236.157375
236.196275
236.242475
236.29285
236.3271
236.34735
236.366375
236.389475
236.433775
236.461675
236.5206
236.5957
236.6573
236.718125
236.80015
236.826625
236.877025
236.923875
236.981425
237.071175
237.156525
237.211625
237.251575
237.311675
237.3321
237.3816
237.395625
237.4132
237.4315
237.448925
237.4674
237.48465
237.508625
237.5592
237.60265
237.6277
237.6443
237.658025
237.674675
237.71275
237.740175
237.776175
237.797425
237.840525
237.866225
237.899975
237.908
237.9384
237.97485
238.000425
238.027975
238.048125
238.0703
238.0865
238.100325
238.11095
238.11835
238.129625
238.1427
238.15655
238.167725
238.207025
238.2225
238.244975
238.264925
238.265425
238.2921
238.32845
238.36425
238.42395
238.455725
238.4974
238.54165
238.59115
238.65195
238.699675
238.7687
238.7873
238.8034
238.8186
238.836675
238.870925
238.891675
238.9105
238.924475
238.947625
238.968525
238.990375
239.011425
239.039725
239.057125
239.079225
239.10645
239.148775
239.196775
239.242975
239.322425
239.3846
239.45055
239.4989
239.5535
239.607075
239.673625
239.714275
239.73875
239.76245
239.837325
239.88745
239.940975
240.032425
240.053825
240.096775
240.12395
240.13015
240.1373
240.139975
240.15255
240.1651
240.206575
240.232425
240.266975
240.3038
240.329275
240.3569
240.396025
240.43605
240.477
240.512075
240.5469
240.589275
240.628875
240.67535
240.720325
240.76685
240.83775
240.885
240.951425
241.00755
241.08305
241.151925
241.204
241.246225
241.313
241.36865
241.42675
241.46465
241.4842
241.49995
241.5154
241.531075
241.545725
241.5707
241.58995
241.60655
241.630075
241.64985
241.67025
241.6983
241.7242
241.748825
241.76935
241.800425
241.8434
241.873075
241.905425
241.940275
241.964275
241.99755
242.0361
242.0518
242.095075
242.150575
242.1929
242.247375
242.3096
242.351625
242.39505
242.43355
242.460375
242.47525
242.4837
242.508875
242.52345
242.547875
242.5646
242.59855
242.622025
242.6537
242.6822
242.726575
242.78575
242.87335
242.9131
242.9613
242.98715
243.0582
243.083325
243.1342
243.173
243.215225
243.28625
243.31215
243.35705
243.4217
243.462525
243.52535
243.597875
243.662675
243.705875
243.7813
243.87235
243.91155
243.951925
243.995075
244.02885
244.07025
244.130075
244.1893
244.241625
244.299075
244.3401
244.386
244.448325
244.475025
244.4943
244.5066
244.5234
244.5337
244.544575
244.5553
244.56765
244.577175
244.585025
244.594125
244.6055
244.61805
244.625775
244.637575
244.653825
244.681475
244.69185
244.7108
244.722125
244.736075
244.752225
244.760775
244.7746
244.79315
244.807275
244.822
244.834875
244.851875
244.885575
244.905825
244.92785
244.94435
244.96835
244.986525
245.00705
245.039225
245.0554
245.077
245.126825
245.154075
245.190125
245.252875
245.282625
245.34545
245.37755
245.453575
245.481475
245.51135
245.544925
245.5777
245.65
245.700475
245.7446
245.78205
245.82125
245.86985
245.894075
245.945575
245.999675
246.04485
246.1065
246.15545
246.18695
246.210725
246.246325
246.2669
246.27075
246.275875
246.2935
246.2971
246.301475
246.3107
246.3155
246.3219
246.351425
246.387975
246.45125
246.46985
246.48055
246.48645
246.505525
246.552625
246.571275
246.588975
246.605525
246.622925
246.636825
246.6545
246.669525
246.68555
246.70265
246.73975
246.754525
246.76705
246.78805
246.806075
246.820975
246.8587
246.8902
246.907825
246.93265
246.95475
246.96685
246.991725
247.0301
247.047675
247.064925
247.0827
247.1053
247.126325
247.1429
247.17545
247.194975
247.218025
247.253425
247.272075
247.2966
247.323475
247.346575
247.375725
247.404725
247.432
247.467075
247.51565
247.5429
247.591575
247.627025
247.65775
247.6814
247.681975
247.6978
247.71275
247.72955
247.768025
247.80255
247.844375
247.864725
247.89995
247.938875
247.97065
248.008175
248.045375
248.083975
248.1243
248.162775
248.21725
248.2621
248.309
248.3484
248.3761
248.428225
248.4925
248.54805
248.5892
248.633225
248.6827
248.747025
248.810975
248.846775
248.91405
248.964525
249.022925
249.060425
249.1101
249.1713
249.23635
249.293
249.34865
249.376725
249.4676
249.50845
249.545875
249.5887
249.628675
249.67235
249.738675
249.77715
249.82475
249.907175
249.95125
250.030675
250.086325
250.119975
250.174925
250.24935
250.329825
250.3964
250.484325
250.508425
250.53565
250.575475
