0.087925
0.2896
0.313
0.72455
0.86365
0.879275
0.8975
0.9134
0.920975
0.93515
0.945925
0.955775
0.970625
0.9787
1.01065
1.035375
1.0535
1.630525
1.726125
1.7861
1.792625
1.821025
1.8891
1.8998
1.912675
1.924325
1.931375
1.9365
1.94985
1.95685
1.96535
1.97475
1.99245
1.99895
2.005975
2.027925
2.040025
2.0555
2.0635
2.0894
2.12335
2.1464
2.1775
2.181675
2.1959
2.207825
2.23005
2.253425
2.3747
2.910275
2.933175
2.981825
3.018675
3.027625
3.04605
3.058875
3.078025
3.093075
3.109225
3.116975
3.124175
3.132675
3.139225
3.1472
3.161675
3.175925
3.185075
3.2005
3.208625
3.249025
3.30195
3.36805
3.394025
3.425175
3.531025
3.615875
4.199825
4.88675
5.05765
5.10445
5.2938
5.312875
5.614
5.856625
6.4023
6.764175
6.8745
7.2276
7.27545
7.30995
7.36795
7.376925
7.4056
7.444275
7.475775
7.511425
7.549725
8.273575
8.304
8.32785
8.354
8.37345
8.3944
8.4021
8.418925
8.43985
8.46465
8.490525
8.520025
8.543725
8.611525
8.691075
8.787625
8.7897
8.852225
8.87085
8.941
8.97755
9.026025
9.6927
9.69395
9.757925
9.794375
9.863475
9.9581
10.045125
10.175575
10.2161
10.2785
10.296625
10.739375
10.778375
10.8798
10.9819
11.0062
11.0673
11.1479
11.185975
11.241825
11.2659
11.2801
11.297875
11.3083
11.31935
11.334525
11.36225
11.388225
11.4283
11.468025
11.5089
11.93165
12.03015
12.05865
12.2102
12.2643
12.333125
12.40745
12.45855
12.6117
13.1511
13.201725
13.269
13.439575
13.5121
13.621375
13.7022
13.791875
13.81765
14.264975
14.316575
14.3669
14.554125
15.26915
15.36425
15.42045
15.448425
15.47235
15.499775
15.508775
15.511875
15.52005
15.5306
15.539925
15.5447
15.547475
15.576975
15.639775
15.67155
15.712275
15.74675
16.24925
16.264025
16.279675
16.31445
16.37025
16.4033
16.42525
16.499225
16.535925
16.576275
16.70595
16.8232
16.92015
17.026425
17.42185
17.46605
17.4674
17.493275
17.499575
17.512
17.5216
17.53085
17.6275
17.73835
17.81
17.9253
17.94875
17.962525
18.433675
19.70985
19.7466
19.91195
20.106325
20.171425
20.79755
20.89065
20.91825
20.95735
21.03955
21.1318
21.171875
21.238
21.361225
21.916125
22.129175
22.154225
22.182
22.19185
22.19435
22.222275
22.23805
22.318775
22.396
22.41465
22.42815
22.436
23.197
23.291625
23.384825
23.571425
24.07885
24.194775
24.649075
24.675675
25.2815
25.303525
25.34145
25.3847
25.6614
25.682575
25.71115
25.724225
25.761575
25.79815
25.83945
25.85465
25.8722
26.181125
26.2566
26.28235
26.31545
26.36405
26.64285
26.704225
26.7486
26.852325
26.898025
26.957575
27.00645
27.046325
27.056925
27.117675
27.1694
27.39165
27.418975
27.424675
27.427475
27.430825
27.73605
27.73815
27.817825
27.8987
27.94575
27.987075
28.128825
28.246725
29.22355
29.4881
29.961275
30.091425
30.1347
30.1599
30.18575
30.24185
30.922975
30.940275
31.078425
31.151
31.18465
31.218825
31.2301
31.267775
31.411525
31.6426
31.8532
31.902975
32.705575
32.732975
32.7436
32.751375
32.7601
32.767775
32.79675
32.8097
32.8241
32.8371
32.854075
32.869025
32.881475
32.90855
32.92595
32.9358
32.954625
32.965475
32.97255
32.987125
33.019625
33.05445
33.13105
33.1624
33.240425
33.286325
33.671475
34.08
34.2819
34.335875
34.3618
34.487325
35.001075
35.0519
35.18915
35.3374
35.3956
35.42025
35.438325
35.46265
35.474425
35.793425
35.89585
36.0768
36.184875
36.237425
36.295875
36.298175
36.359625
36.37985
36.465175
36.4799
36.534625
36.561525
36.57655
36.59515
36.628225
36.63755
36.670525
36.7484
36.860125
36.94135
37.049125
37.073375
37.285625
37.88115
38.2332
38.272775
38.58685
38.628275
38.66565
38.7049
38.750925
38.79795
38.8842
38.90735
38.93285
38.9466
38.975525
39.02515
39.543875
39.561675
39.58495
39.6108
39.6993
39.73645
39.82285
39.8855
39.941025
40.0059
40.17485
40.656825
40.663125
40.700275
40.750875
40.77445
40.78485
40.801775
40.82345
40.825925
40.870625
40.993075
42.135475
42.3257
42.386875
42.4881
42.7177
42.723575
42.77825
42.955775
42.963975
43.1436
43.7093
44.047825
44.06975
44.094425
44.123525
44.1638
44.1953
44.208275
44.2225
44.255975
44.261175
44.3016
44.334225
44.362675
44.604975
44.758175
44.830625
45.056075
45.439475
45.454925
45.466475
45.4747
45.503525
45.526425
45.5687
45.59315
45.627125
45.671825
45.6929
45.7113
45.7361
45.752375
45.7596
45.7786
45.7814
45.788925
45.80125
45.814175
45.827875
45.84715
45.88955
45.9781
46.0137
46.550725
46.58615
46.6399
46.68915
46.712925
46.72075
46.75975
46.78635
46.832475
46.866125
46.878825
46.925675
46.96325
46.979225
47.03575
47.043925
47.4446
47.463325
47.485725
47.96755
48.0326
48.099525
48.139125
48.1741
48.2109
48.220475
48.237425
48.251475
48.275775
48.286025
48.291575
48.316125
48.393575
48.450625
48.529275
48.600375
49.0622
49.09265
49.164625
49.2365
49.27955
49.29885
49.32305
49.373075
49.412675
49.43395
49.5165
49.552775
49.5774
49.627775
50.11555
50.139
50.144975
50.207725
50.29995
50.323175
50.3305
50.37495
50.4005
50.47355
50.502375
50.5469
50.5744
50.658575
50.6997
50.75705
50.804225
50.85865
50.9773
51.37025
51.4144
51.45315
51.46735
51.563825
51.60145
51.611525
51.62705
51.6385
51.6507
51.673825
51.691625
51.71265
51.735325
51.76075
51.7767
51.7779
51.859575
51.9074
52.3532
52.374775
52.400525
52.41395
52.43
52.46445
52.466275
53.894775
53.987975
54.017225
54.059275
54.073475
54.09125
54.1114
54.1226
54.1511
54.204325
54.633875
54.786975
54.8462
54.860925
54.876775
54.88635
54.895375
54.9525
54.956775
54.981025
54.9989
55.005875
55.05405
55.1129
55.68085
55.704
55.725925
55.78
55.799375
55.8049
55.87895
55.8896
55.8986
55.91595
55.928375
55.943725
55.960775
55.9969
56.02095
56.104925
56.179525
56.222675
56.64075
56.811875
56.875
56.902325
56.98565
57.03125
57.06455
57.658
57.8909
57.919225
57.93265
57.974725
58.00915
58.01395
58.023825
58.057775
58.0597
58.083125
58.102875
58.1098
58.1323
58.16065
58.1724
58.888475
59.1856
59.326875
59.345475
59.355525
59.3661
59.37715
59.38045
59.38455
59.412425
59.425575
59.4473
59.486
59.5226
59.576
60.23705
60.486175
60.62135
60.64465
60.682925
60.69635
60.70735
60.7113
60.852
60.951325
61.001225
61.339475
61.7085
62.0332
62.0422
62.24825
62.370575
62.40835
62.49075
62.5314
62.571575
62.88045
63.078325
63.234125
63.292725
63.310875
63.350475
63.387375
63.390875
63.446025
63.498425
63.59915
64.33555
64.352675
64.46795
64.56355
64.56475
64.987575
65.171575
65.1847
65.203625
65.219625
65.23055
65.231525
65.241825
65.260475
65.290025
65.324325
65.35025
65.39645
65.672625
65.798075
66.189975
66.62485
66.8465
66.86315
66.8735
66.890075
67.1085
67.203625
67.3762
67.459525
67.73865
67.8052
67.860475
67.9223
68.176075
68.648575
68.690225
68.7428
68.786325
68.8054
68.83425
68.850975
68.861175
68.889475
68.95805
68.993775
69.023425
69.0673
69.760225
69.771725
69.802075
69.88305
69.9132
69.949075
69.96515
70.00125
70.031175
70.045225
70.070475
70.137
70.2171
70.463175
70.726275
71.013425
71.343475
71.4084
71.808875
72.17875
72.413125
72.434325
72.448825
72.477925
72.5541
72.705975
72.859925
73.91665
74.272
74.31025
74.651
74.96725
74.995375
75.054125
75.333625
75.33575
75.423125
75.4313
75.484375
75.52085
75.56775
75.646575
76.2663
76.3951
76.452675
76.577775
76.63585
76.706525
76.879725
77.247225
77.2881
77.70445
77.7891
77.892575
78.061725
78.1232
78.217775
78.361025
78.43625
78.7352
78.777775
78.816325
78.879825
79.7255
79.888875
80.1132
80.293975
80.391175
80.466625
80.5056
80.5489
80.585125
80.6177
80.640025
80.660725
80.70625
80.7939
81.04765
81.156325
81.567925
81.5719
81.70785
81.803775
81.8104
81.8641
82.427475
82.488725
82.4988
82.512
82.5309
82.5426
82.556375
82.580525
82.614525
82.625725
82.6401
82.659425
82.678775
82.708525
82.757775
83.034775
83.086325
83.104725
83.4128
83.9733
83.985425
84.023325
84.032925
84.050575
84.068475
84.0909
84.1068
84.1116
84.129075
84.16925
84.1827
84.1931
84.20965
84.213775
84.219225
84.23055
84.2465
84.26485
84.30065
84.3142
84.3293
84.354875
84.388425
84.46555
84.520225
85.28525
85.4376
85.463625
85.50085
85.60005
85.643225
85.67515
85.6918
85.70375
85.7655
85.77905
85.993225
86.032475
86.056025
86.592725
86.620775
86.665575
86.696325
86.6974
86.70805
86.7332
86.756325
86.773425
86.78665
86.794225
86.8146
86.83945
86.855625
86.87185
86.9022
86.9093
86.928225
86.952875
86.9658
86.976
86.988675
87.03485
87.187675
87.504
87.515075
87.54025
87.54785
88.22
88.3332
88.3741
88.449525
88.518025
88.535875
88.55465
88.583625
88.601825
88.686975
89.1306
89.2936
89.4463
89.487775
89.50495
90.022175
90.264075
90.30245
90.35115
90.378675
90.42855
90.494125
90.589
90.62385
90.653775
90.7085
90.71325
91.423025
91.450675
91.452175
91.467525
91.529475
91.557375
91.580725
91.59285
91.610075
91.665525
91.8076
91.861075
91.906325
91.947775
92.45405
92.57895
92.636525
92.700975
92.71845
92.743575
92.769175
92.807125
92.85625
92.85855
92.914525
93.26645
93.680725
93.7059
93.7329
93.7432
93.792425
94.41665
94.443725
94.483525
94.552275
94.585825
94.761675
95.46865
95.470025
95.522525
95.5374
95.55135
95.56625
95.57745
95.5947
95.6269
95.685875
95.742475
95.848525
96.322625
96.50475
96.534275
96.540575
96.574925
96.581125
96.640125
96.72425
96.7643
97.2676
97.32685
97.34585
97.3888
97.526825
97.59635
97.644175
97.684225
97.709625
97.73355
97.750225
97.7721
97.79745
97.8564
98.150625
98.1559
98.245325
98.25855
98.71465
98.7588
98.83065
98.948625
98.966125
98.967425
99.079125
99.1364
99.546625
99.666575
99.722275
99.790425
99.8
99.824125
99.861075
99.8823
99.89775
99.912325
99.95745
99.968075
100.502025
100.700775
100.818875
100.873475
100.929025
100.9438
101.599975
101.774325
101.8795
101.891775
101.90635
101.916525
101.928825
101.937575
101.9459
102.2395
102.263975
102.2746
102.347425
102.556425
102.57915
102.748475
102.84915
102.97375
103.22135
103.59895
104.091725
104.116625
104.146725
104.19335
104.259825
104.280725
104.3452
104.360425
104.393575
104.54345
104.5979
104.840525
104.852925
105.599075
105.696125
105.7896
106.29135
106.36435
106.4284
106.44085
106.47875
106.48925
106.4991
106.526625
106.54665
106.57415
106.636875
106.67315
106.767425
106.779475
106.85185
107.068825
107.131275
107.455825
107.614375
107.7919
107.810825
107.841625
107.887925
107.906625
107.924
107.98055
108.000075
108.0187
108.102575
108.29885
108.3257
108.5355
108.59705
108.631125
108.745
108.9863
109.206225
109.488225
109.514925
109.600525
109.619
109.644525
109.66465
109.713625
109.741025
109.800425
109.858525
109.878225
109.899975
109.9226
109.96725
110.539025
110.6719
110.713975
110.760825
110.7641
110.776025
110.785575
110.8003
110.825375
110.851675
110.877075
110.87895
110.9023
110.9246
110.97035
110.9891
111.0236
111.0988
111.112425
111.134825
111.161925
111.1772
111.19085
111.1996
111.222275
111.237825
111.2491
111.76255
111.7923
111.82785
111.86045
111.86315
111.904
111.9164
111.95315
111.998
112.062475
112.08535
113.05375
113.386175
113.4295
113.6271
113.779025
113.785475
113.81345
113.8578
113.92825
113.9675
113.98585
113.99875
114.065025
114.4818
114.847475
114.8703
115.04705
115.37495
115.4868
115.50305
115.55465
115.57335
115.575075
115.58875
115.6103
115.63305
115.64415
115.66015
115.70005
115.75655
115.778175
115.853625
115.89975
115.941475
115.95965
116.065825
116.6273
116.6865
116.6872
116.7183
116.765575
116.7694
116.813375
116.84115
116.85685
116.86655
116.88475
116.890675
116.912275
116.935075
116.939
116.953225
116.979625
117.035225
117.045725
117.09545
117.120775
117.14055
117.160625
117.16375
117.2133
117.4729
117.535725
117.625825
117.636475
117.98275
118.05845
118.174125
118.25145
118.27355
118.285875
118.28745
118.30045
118.311825
118.319975
118.329125
118.33935
118.354875
118.36085
118.3626
118.378625
118.388375
118.397825
118.4065
118.41905
118.427275
118.454675
118.47115
118.48835
118.506275
118.600025
118.71215
118.7754
119.423275
119.451925
119.496225
119.511975
119.5519
119.57715
119.589525
119.609275
119.6238
119.639675
119.656975
119.677
119.698875
119.718025
119.726075
119.753175
119.784875
119.808125
119.8297
119.8409
119.8662
119.8977
119.9166
119.931225
119.942
120.072125
120.653725
121.1698
121.439325
121.518475
121.526125
121.534825
121.556575
121.55995
122.06655
122.121225
122.23025
122.64915
122.6798
122.708825
122.764325
122.841575
122.857625
122.873925
122.8926
122.894725
122.94625
122.950925
122.98085
123.0134
123.5207
123.9829
124.154375
124.377475
124.418675
124.44755
124.74315
124.84815
124.90195
124.924475
124.9521
124.986675
125.01785
125.0668
125.7273
125.7914
125.845525
125.992975
126.0172
126.027725
126.047325
126.061075
126.085475
126.10415
126.1207
126.1392
126.1927
126.2275
126.25955
126.309625
126.315875
126.3364
126.359075
126.3962
126.40795
126.47385
126.4966
126.548275
126.667725
126.73575
126.97805
127.044425
127.276425
127.297375
127.31635
127.346025
127.367475
127.382
127.396125
128.16025
128.19235
128.2139
128.2408
129.08995
129.336075
129.3655
129.39465
129.4317
129.46435
129.48335
129.493075
129.51675
129.53885
129.54805
129.565775
129.5936
129.609925
129.6415
129.661125
129.69865
129.7193
129.738125
129.754125
129.806175
130.30535
130.45655
130.564
130.681075
130.7278
130.821225
131.126225
131.170475
131.474575
131.58965
131.615125
131.62945
131.640725
131.6553
131.6654
131.6899
131.707275
131.741025
131.7613
131.781475
132.77415
132.84375
132.8533
132.883175
132.892625
133.047025
133.0735
133.1485
133.163875
133.18525
133.21015
133.2295
133.31745
133.34705
133.355825
133.38115
133.406475
133.41635
133.451275
133.5257
133.8809
133.883825
133.91745
133.950175
134.006525
134.030775
134.175975
134.195825
134.70035
134.727325
134.746775
134.771725
134.8612
134.90475
135.054075
135.082475
135.119775
135.157875
135.1922
135.22025
135.282625
135.30745
135.335225
135.352475
135.36615
135.3796
135.3888
135.42405
135.56315
135.878925
135.9874
136.057575
136.09635
136.37955
136.47795
136.59905
136.91785
136.968675
137.169225
137.2037
137.218875
137.2472
137.31505
137.333275
137.347675
137.3631
137.37345
137.3887
137.404575
137.422075
137.4292
137.445275
137.4534
137.4727
137.47825
137.48215
137.48935
137.4982
137.5053
137.512575
137.5151
137.525075
137.54555
137.5574
137.570425
137.59735
137.6088
137.620125
137.67255
137.6842
137.701575
137.704075
137.73145
137.749975
137.762525
137.93475
138.289375
138.842675
138.88035
138.8904
138.949825
139.317025
139.364075
139.550825
139.573175
139.59065
139.6688
139.708675
139.7791
139.804975
139.823
139.8469
139.874125
140.00875
140.4992
140.512675
140.532725
140.54085
140.555275
140.606525
140.626625
140.6702
140.728575
140.795525
140.88165
140.89735
140.909525
140.91785
140.932075
140.955825
141.07265
141.1153
141.733875
141.75865
141.794475
141.80795
141.864
141.869125
141.8894
141.908
141.935275
141.98515
142.039
142.220275
142.969
142.996925
143.11895
143.133875
143.317375
143.423275
143.59485
143.75885
143.9375
143.949325
144.25535
144.3545
144.6294
144.858325
144.886925
144.9163
145.00755
145.0314
145.074175
145.117425
145.157825
145.2834
145.2993
145.32155
145.3489
145.450675
145.656475
146.2069
146.3655
146.45325
146.552675
146.64335
146.691625
146.7109
146.73945
146.741875
146.752325
146.816475
146.9279
147.176975
147.531075
147.55045
147.728125
147.7472
147.942775
147.9634
147.971925
147.988725
148.038825
148.47975
148.506275
148.536775
148.564125
148.65645
148.70035
148.71865
148.74855
148.76825
148.772475
148.788575
148.842875
148.8739
149.1648
149.452
149.530775
149.5423
149.566025
149.575525
149.58095
149.59485
149.604625
149.63935
149.654975
149.762575
149.8204
149.8386
149.87925
149.97825
150.0262
150.0592
150.14935
150.69375
150.710125
150.7626
150.7781
150.7966
150.809975
150.82705
150.835975
150.86205
150.888125
150.907
151.143575
151.9045
151.9161
151.925425
151.944175
151.97835
152.0074
152.040475
152.05265
152.072275
152.093675
152.13195
152.13375
152.2853
152.7402
152.813525
152.85045
152.929075
152.97635
153.009875
153.036425
153.05685
153.06515
153.07205
153.082825
153.089675
153.09485
153.11005
153.122925
153.127525
153.1466
153.174025
153.73655
153.785775
153.888775
153.9008
153.911875
153.939575
153.956575
153.9656
153.976075
153.985725
154.016125
154.036775
154.050075
154.06215
154.079175
154.087425
154.09505
154.103625
154.11185
154.155075
154.162475
154.194275
154.20115
154.5667
154.5904
154.632675
154.695225
155.5741
155.599
155.60965
155.63455
155.652525
155.667825
155.695725
155.708725
155.73235
155.7412
155.78195
155.79875
155.8177
155.844625
155.8639
155.867775
155.89745
155.934025
155.95645
155.97055
155.97845
155.998875
156.013475
156.026575
156.067075
156.079875
156.08375
156.109525
156.1318
156.160525
156.203775
156.233675
156.253425
156.302575
156.323425
156.357075
156.86075
156.92515
156.978675
157.072675
157.20025
157.2435
157.3213
157.36015
157.379275
157.421725
157.436075
157.4636
157.49265
158.013925
158.050675
158.10905
158.133025
158.168775
158.31165
158.371775
158.9534
159.129925
159.180125
159.26345
159.3334
159.393475
159.40465
159.464125
160.03425
160.46
160.97635
161.07195
161.11655
161.137425
161.18255
161.19385
161.302175
162.140925
162.178225
162.22395
162.2781
162.326725
162.59155
163.207025
163.222825
163.333275
163.492475
163.5698
163.7146
163.719875
163.764075
164.0071
164.085475
164.10385
164.148525
164.193325
164.3846
164.40345
164.4075
164.42115
164.4631
164.499075
165.066425
165.163175
165.364
165.422425
165.457125
165.464075
165.4923
165.51265
165.517525
165.533725
165.55275
165.5659
165.576875
165.580725
165.58645
165.601725
165.61325
165.614475
165.64415
165.66695
165.67045
165.680775
165.7069
165.7273
165.744975
165.75335
165.7682
165.788375
165.819225
165.8581
165.8698
165.913325
165.94945
165.979425
166.00695
166.0543
166.4032
166.4913
166.669625
166.742775
166.79065
166.813825
167.3423
167.4249
167.48605
167.581
167.598925
167.72795
168.173025
168.24305
168.36085
168.381175
168.5293
168.55575
168.574975
168.593925
168.6043
168.617125
168.6394
168.68755
168.729675
168.7882
168.869725
169.4506
169.8819
169.9113
169.9444
170.044075
170.076875
170.091275
170.0932
170.100325
170.10865
170.4262
171.193175
171.1987
171.228575
171.234
171.283
171.438275
171.473125
171.5204
171.543325
171.6071
171.618375
171.72735
171.869775
172.01515
172.42935
172.6757
172.701775
172.723775
172.7332
172.78925
172.80395
172.808175
172.8281
172.884775
172.910325
172.929675
172.98295
173.0364
173.0635
173.06795
173.11155
173.113975
173.134275
173.1386
173.196925
173.2189
174.220025
174.233975
174.284325
174.316425
174.339025
174.362175
174.470125
174.5068
174.6094
174.618675
174.66725
174.6752
174.704575
174.74665
174.772875
174.79955
174.818925
174.82885
174.923025
174.9662
175.0008
175.396175
175.515925
175.621675
175.8419
175.85725
175.860325
175.88315
175.891025
175.910725
175.9281
175.942975
175.9755
175.9838
176.078675
176.221425
176.225575
176.305225
176.326425
176.3565
176.38535
176.969225
177.02445
177.06375
177.089775
177.213475
177.28895
177.330825
177.37985
177.41485
177.42825
177.443675
177.4649
177.482275
177.505475
177.51125
177.56635
177.667775
177.70175
177.757875
178.3633
178.40545
178.692825
178.70125
178.890725
178.9519
179.61205
179.9662
179.985925
179.997025
180.00585
180.00735
180.0275
180.074125
180.096475
180.17005
180.207625
180.244525
180.279475
180.290925
180.308175
180.4876
180.52795
180.579025
181.22995
181.3336
181.36555
181.455475
181.46425
181.501125
181.586475
181.61635
181.692475
181.779175
181.85635
181.8692
181.89305
181.938725
181.99275
182.5727
182.581775
182.61755
182.6544
182.659125
182.678725
182.6808
182.7035
182.72485
182.73775
182.746075
182.768275
182.7817
182.829425
182.8836
183.303125
183.74285
184.11435
184.3142
184.361275
184.381725
184.3904
184.3988
184.420425
184.43665
184.482275
184.504775
185.1914
185.323575
185.3884
185.681725
185.7351
185.980725
185.996575
186.087525
186.1589
186.235975
186.294625
186.347675
186.3688
186.37835
186.424875
186.4565
186.469325
186.522675
186.5509
186.581025
186.613725
186.687125
186.74365
186.77625
187.16605
187.33955
187.347775
187.605625
188.0878
188.13305
188.16765
188.1821
188.19815
188.23505
188.2654
188.31055
188.708525
188.97545
189.135975
189.170475
189.179375
189.242875
189.28175
189.703225
189.708275
189.728375
189.73655
189.743925
189.749825
189.763275
189.769325
189.8
189.810225
189.833
189.92675
189.95695
190.004075
190.044325
190.086725
190.0879
190.5773
190.6064
190.827725
190.856275
190.882175
190.941275
191.1106
191.12695
191.137075
191.16445
191.180875
191.1981
191.207975
191.244925
191.29025
191.513975
191.575975
191.623175
191.6673
191.93305
191.999575
192.033275
192.085225
192.219525
192.25165
192.83
192.9382
193.003
193.08725
193.353675
193.3889
193.525125
193.585825
193.607825
193.63125
193.6569
193.68455
193.70755
193.738975
193.76615
193.80785
193.822725
193.894875
193.939325
193.997425
194.02615
194.07655
194.617075
194.761675
194.902975
194.927175
194.984225
195.009025
195.042
195.082125
195.107775
195.176325
195.223625
195.24085
195.716175
195.7487
195.806375
195.838
195.8982
195.922375
195.94885
195.9873
196.0294
196.051075
196.09135
196.102425
196.136175
196.1983
196.22785
196.33295
196.4363
196.482775
196.6785
196.733925
196.9485
197.47375
197.746325
197.795575
197.937475
198.343975
198.492225
198.52145
198.567425
198.6228
198.6615
198.74125
198.7681
198.7993
198.807975
198.83295
198.8664
198.89545
198.924
199.01815
199.1091
199.128925
199.172325
199.2434
199.340975
199.3851
199.409275
199.496075
199.61425
199.96035
200.109825
200.421775
200.44515
200.471375
200.5059
200.5215
200.5251
200.5622
200.588725
200.5991
200.6211
200.65865
200.7186
200.93085
201.1355
201.14375
201.1521
201.164175
201.16885
201.3916
201.432825
201.435625
201.6629
201.8658
201.902975
202.127125
202.62265
202.90425
203.57475
203.7893
204.0667
204.420425
204.7334
204.905725
204.9106
205.059975
205.085
205.095625
205.131075
205.25935
205.817425
205.81985
205.99205
206.14445
206.22825
206.255975
206.35465
206.436475
206.45635
206.490625
206.5276
206.729525
207.277475
207.346275
207.369025
207.582925
207.62345
207.626125
207.7104
207.7395
207.764575
207.8266
207.94015
207.994
208.575775
208.690225
208.85525
208.869475
208.9124
208.943775
208.94485
208.976425
209.010075
209.04675
209.0743
209.1157
209.24915
209.35505
209.382175
209.44425
209.52215
209.62885
209.679575
209.723675
209.791425
209.879025
210.2962
210.330825
210.3496
210.468
210.516075
210.543225
210.567225
210.57585
210.5949
210.6211
210.6586
210.6839
210.72165
210.740225
211.0824
211.13525
211.152575
211.1625
211.17705
211.21415
211.240625
211.29535
211.6641
211.680975
211.7203
211.740875
211.7679
211.7986
211.826825
211.840325
211.90535
211.918375
211.93295
211.9535
212.19155
212.2904
212.82235
212.930475
212.96685
212.982925
213.010075
213.024825
213.048
213.075
213.10905
213.1117
213.583625
213.6718
213.6963
213.717825
213.732675
213.738425
213.757075
213.773925
213.8136
214.192025
214.2148
214.248
214.3305
214.878725
215.613175
215.631125
215.653425
215.66735
215.674875
215.683075
215.6916
215.699875
215.716525
215.72115
215.73505
215.742
215.76255
216.1277
216.169375
216.187475
216.2858
216.292175
216.309975
216.317875
216.331175
216.340475
216.357925
216.407625
216.45235
216.5516
216.578775
216.638325
216.680975
217.0359
217.0776
218.697775
218.831375
218.86095
219.1576
219.299875
219.30085
219.34355
219.505225
219.68295
220.018375
220.0696
220.18565
220.19835
220.417175
220.5119
221.250925
221.3056
221.60335
221.642225
221.667
221.68025
221.69375
221.7079
221.723325
221.731875
221.7417
221.74925
221.757525
221.7636
221.7701
221.778975
221.790825
221.79925
221.816725
221.83805
221.847775
221.862625
221.873625
221.884575
221.8923
221.90255
221.920675
221.935275
221.9531
221.96425
221.999525
222.04
222.0518
222.061125
222.09125
222.1094
222.1586
222.173525
222.1843
222.206675
222.225325
222.4245
222.6936
222.806875
222.8524
222.897575
223.0272
223.05985
223.08965
223.105925
223.2534
223.38815
223.507375
223.545425
224.061325
224.203025
224.25785
224.3051
224.307525
224.3231
224.345425
224.353675
224.3706
224.3718
224.396
224.4171
224.559075
224.573025
224.613225
224.639375
224.66845
224.6828
224.696575
224.7327
224.742
224.748925
224.776825
224.816125
224.816925
225.54165
225.56185
225.5781
225.603075
225.61265
225.626175
225.6335
225.6404
225.643325
225.647525
225.65565
225.664575
225.6689
225.677
225.68445
225.693625
225.703725
225.714375
225.740375
225.748275
225.770375
225.78345
225.806475
225.813925
225.82625
225.85345
225.870375
225.87755
225.9122
225.939175
225.9541
225.970675
226.000275
226.017825
226.022075
226.0397
226.06285
226.0842
226.0925
226.0955
226.137325
226.1501
226.17235
226.182075
226.19715
226.199375
226.238475
226.2505
226.26145
226.2761
226.287275
226.313325
226.3348
226.352525
227.296225
227.3553
227.3956
227.41205
227.427575
227.4393
227.473475
227.49915
227.5148
227.944125
228.0285
228.118625
228.149675
228.167325
228.1963
228.2403
228.2536
228.276925
228.3219
228.41925
228.500425
228.947625
229.003575
229.226925
229.2617
229.273
229.317075
229.631475
229.791275
229.866025
229.9859
230.0855
230.192525
230.3776
230.665525
230.68595
231.53845
231.77195
231.90145
231.966975
232.1672
232.209675
232.368825
232.384975
232.390025
232.4035
232.4132
232.4405
232.459925
233.015575
233.084375
233.1397
233.19185
233.227725
233.23295
233.247225
233.2626
233.267675
233.294975
233.319375
233.341275
233.3745
233.38865
233.396225
233.410025
233.4229
233.436425
233.520425
233.595175
233.670275
233.697625
234.33415
234.436275
234.721375
234.825025
234.881075
234.947625
234.960425
235.136625
235.1844
235.219925
235.27215
235.297775
235.31695
235.34525
235.380525
235.59955
235.7183
235.957675
236.22645
236.2478
236.39925
236.425025
236.45125
236.475475
236.5143
236.569075
236.620825
236.81955
237.50615
237.515625
237.595275
237.60985
237.625675
237.6538
237.668675
237.67455
237.710425
237.73655
237.75165
237.753225
237.775075
237.7967
237.83445
237.869775
237.8851
237.906575
237.926
237.95415
238.12015
238.1946
238.19965
238.71175
238.74145
238.74415
238.783925
238.78765
238.80925
238.824025
238.84125
238.894375
238.905375
239.20505
239.2493
239.682825
239.696825
239.721125
239.730725
239.739225
239.75205
239.765125
239.773575
239.77485
239.81795
240.131375
240.179275
240.252925
240.38495
240.401025
240.46
240.48105
240.494525
240.523
240.6396
241.202825
241.280675
241.285625
241.4383
241.47315
241.489475
241.505375
241.517675
241.52755
241.53725
241.54055
241.553325
241.56535
241.5765
241.584725
241.592525
241.6372
241.644075
241.65985
241.680975
241.71065
241.71785
241.731125
241.76745
241.782025
241.8165
241.870825
241.935175
241.962425
242.05325
242.483875
242.493225
242.529825
242.75175
243.142225
243.463625
243.766175
243.8331
243.85655
243.87335
243.891025
243.914725
243.947
243.9702
243.982025
244.00685
244.031925
244.4954
244.52625
244.53115
244.587425
244.59495
244.60125
244.622025
244.63865
244.650975
244.6741
244.684225
244.6943
244.6967
244.703025
244.7287
244.73555
244.742775
244.752225
244.758325
244.791725
244.8061
244.84115
244.866175
244.876625
244.88485
244.91275
244.940525
244.9482
244.96895
245.062675
245.480075
245.48925
245.764125
246.02605
246.147325
246.29635
246.302925
246.447525
246.45795
246.460725
246.468
246.475175
246.476775
246.49155
246.538275
246.59125
246.59975
246.650675
246.838375
246.96185
247.008425
247.03455
247.110925
247.414175
247.724825
247.886125
248.360875
248.961125
249.20725
249.464325
249.550725
249.947175
250.428
250.525
250.579
