0.031675
0.139475
0.162025
0.18445
0.253
0.2606
0.334
0.446225
0.6634
0.7384
0.783
0.83165
0.8955
0.9624
0.975125
1.09265
1.1277
1.138625
1.307075
1.36445
1.370125
1.482175
1.54905
1.6085
1.6751
1.6806
1.725225
1.778075
1.7914
1.800675
1.821925
1.857775
1.878425
1.922375
1.9263
1.939725
1.991625
2.014025
2.03255
2.090475
2.109075
2.162325
2.189625
2.23955
2.25495
2.267275
2.3538
2.40885
2.44265
2.58225
2.6501
2.65345
2.820175
2.85855
2.987025
2.988425
2.991575
3.024
3.04465
3.078875
3.090225
3.1636
3.17925
3.199925
3.222725
3.279975
3.3125
3.376625
3.39425
3.417875
3.4563
3.46915
3.507675
3.53835
3.589725
3.66475
3.7021
3.703825
3.735125
3.790375
3.818575
3.9186
3.9485
3.950175
3.980025
4.034175
4.0585
4.104775
4.136775
4.162
4.210875
4.337675
4.40795
4.51055
4.560425
4.5774
4.6228
4.66845
4.720425
4.87005
4.909775
4.951675
4.9772
5.01115
5.0567
5.111975
5.120875
5.122225
5.167325
5.31195
5.315575
5.379225
5.402075
5.51905
5.5626
5.6885
5.771425
5.8281
5.84635
5.92615
5.9317
6.0103
6.0258
6.1583
6.210525
6.2339
6.2999
6.301125
6.361475
6.455875
6.50185
6.53965
6.622175
6.636125
6.72495
6.785725
6.8681
7.0712
7.24435
7.3389
7.3872
7.456325
7.5589
7.58145
7.5886
7.86405
8.07595
8.22195
8.282725
8.344025
8.389125
8.405075
8.431775
8.501525
8.538825
8.600375
8.63125
8.656975
8.747875
8.7499
8.8321
8.864125
9.037
9.229375
9.34
9.412325
9.513025
9.610825
9.633725
9.636475
9.68865
9.712
9.865325
9.89135
9.905075
9.942475
9.9457
9.979
10.04905
10.154175
10.262925
10.30155
10.323325
10.3581
10.44815
10.54935
10.558825
10.652425
10.811525
10.82315
10.897675
10.900175
11.006175
11.0676
11.0994
11.149175
11.240675
11.26775
11.303725
11.322825
11.534525
11.583575
11.70495
11.97325
11.9834
12.0295
12.0482
12.07955
12.1124
12.14255
12.26095
12.33445
12.4243
12.45695
12.535475
12.656175
12.8087
12.955325
13.078125
13.133075
13.137075
13.1956
13.25675
13.334625
13.431525
13.4335
13.469975
13.64015
13.76055
13.823825
13.9017
14.07245
14.16185
14.18045
14.2815
14.318
14.335825
14.46275
14.49085
14.504325
14.54445
14.573225
14.584775
14.594925
14.650475
14.689675
14.696425
14.77905
14.78315
14.824025
15.01175
15.168175
15.336475
15.409825
15.4704
15.49355
15.498225
15.518325
15.521375
15.527725
15.53095
15.58215
15.587725
15.64865
15.728225
15.763675
15.850125
15.88035
15.98065
16.034275
16.09255
16.157625
16.1952
16.2079
16.25105
16.27205
16.329
16.3375
16.364
16.3765
16.37805
16.383625
16.385225
16.412675
16.4225
16.453125
16.46225
16.463825
16.508075
16.530725
16.53375
16.56555
16.6679
16.71015
16.754375
16.7637
16.80375
16.868525
16.888725
16.929675
16.94875
16.98055
17.0025
17.020675
17.031425
17.129875
17.2164
17.299725
17.31505
17.397225
17.401475
17.434675
17.44245
17.4454
17.455025
17.467525
17.493125
17.512375
17.52075
17.541075
17.565025
17.5844
17.610525
17.62085
17.6317
17.647075
17.69895
17.71585
17.7264
17.737725
17.756825
17.76725
17.788925
17.813375
17.83155
17.880225
17.94525
17.9506
17.9657
17.9885
18.0035
18.03525
18.0946
18.15945
18.178075
18.250475
18.2885
18.30805
18.38705
18.392625
18.4788
18.51455
18.522875
18.57945
18.65555
18.669675
18.6745
18.71185
18.7418
18.8298
18.85875
18.956975
18.988
19.05005
19.113625
19.125
19.159725
19.166175
19.20155
19.2718
19.2954
19.4719
19.50425
19.645875
19.659025
19.6705
19.72995
19.749875
19.8128
19.89405
19.92235
19.956525
19.980475
20.01255
20.06575
20.077725
20.32445
20.4444
20.5233
20.52995
20.750725
20.7555
20.8309
20.857
20.8833
20.888375
20.89855
20.9435
20.97
21.00295
21.0293
21.0788
21.156025
21.164
21.1884
21.207725
21.2241
21.257975
21.268325
21.307225
21.314
21.33465
21.378475
21.48445
21.539675
21.5821
21.7088
21.8378
21.903825
21.9288
22.042825
22.0935
22.120675
22.159025
22.188275
22.242375
22.256625
22.272225
22.29535
22.3252
22.336475
22.346325
22.363475
22.38985
22.412525
22.439375
22.4507
22.464525
22.5002
22.53555
22.57695
22.615125
22.675375
22.725075
22.7992
22.90415
22.930525
22.972575
22.99695
23.0256
23.07255
23.109825
23.16495
23.173925
23.25215
23.26985
23.29925
23.33395
23.355425
23.368825
23.38625
23.450425
23.496725
23.5287
23.58555
23.6787
23.680325
23.763375
23.76505
23.82735
23.894375
23.980575
24.08735
24.15555
24.37775
24.5258
24.677175
24.7735
24.882825
24.947175
25.085775
25.182025
25.231275
25.2958
25.450975
25.56185
25.578825
25.634825
25.7992
25.916625
26.170575
26.236625
26.282875
26.31245
26.335075
26.465125
26.486275
26.509625
26.6268
26.657025
26.72045
26.789875
27.101875
27.188525
27.238675
27.279325
27.382075
27.417775
27.4844
27.502
27.53815
27.55435
27.5728
27.593725
27.61945
27.6346
27.640475
27.6497
27.67345
27.684
27.696375
27.71825
27.73365
27.772975
27.782725
27.813225
27.81845
27.8345
27.86135
27.874025
27.897775
27.901425
27.915025
27.94835
27.950275
27.9605
27.995525
28.02695
28.085425
28.096375
28.139375
28.1967
28.203225
28.2145
28.2609
28.286925
28.307325
28.353675
28.375575
28.398825
28.414875
28.4501
28.483025
28.5273
28.53985
28.582825
28.6126
28.670675
28.678875
28.727475
28.7748
28.836225
28.837325
28.9327
28.986575
29.1142
29.14035
29.213475
29.29065
29.3449
29.390575
29.515775
29.5794
29.6935
29.7629
29.7818
29.8677
29.903
29.957875
29.98975
29.991125
30.094575
30.133375
30.157975
30.239875
30.356025
30.45425
30.474375
30.4778
30.51895
30.6895
30.76025
30.885825
30.9258
30.97045
31.041025
31.0982
31.15165
31.2094
31.264825
31.2901
31.324825
31.43605
31.550275
31.5627
31.621275
31.716125
31.779875
31.9186
31.96485
32.025625
32.17575
32.266575
32.388275
32.550425
32.656925
32.7604
32.798775
32.89435
32.90015
32.935225
32.9449
33.009375
33.105175
33.107975
33.145625
33.1861
33.191975
33.206575
33.31975
33.395025
33.411475
33.45535
33.589525
33.651925
33.7543
33.829975
33.916075
34.03145
34.103225
34.29775
34.36155
34.37355
34.41055
34.448975
34.4543
34.53385
34.63485
34.775225
34.854875
35.049425
35.1189
35.1449
35.19395
35.211825
35.30945
35.37225
35.383025
35.448325
35.49355
35.53285
35.63245
35.65215
35.72175
35.8539
35.945125
36.040825
36.07155
36.084125
36.1183
36.183725
36.3176
36.338475
36.38215
36.41375
36.49115
36.5709
36.6078
36.638675
36.7867
36.832175
36.90935
36.987325
37.0128
37.0527
37.06165
37.094825
37.225525
37.3189
37.36295
37.507375
37.621025
37.6923
37.772675
37.817525
37.91255
38.0125
38.13305
38.233925
38.31225
38.35545
38.4044
38.4811
38.5026
38.55165
38.583025
38.6184
38.63795
38.66695
38.81625
38.863525
38.86705
38.896825
38.9077
38.94555
39.009375
39.05055
39.17005
39.178675
39.271525
39.3217
39.3847
39.5153
39.550225
39.562525
39.611175
39.625325
39.63845
39.6524
39.71515
39.742025
39.746925
39.7749
39.79885
39.834275
39.942275
40.0352
40.0372
40.111175
40.1349
40.219875
40.348125
40.58425
40.6562
40.667375
40.6885
40.6926
40.702025
40.721525
40.7363
40.748925
40.7645
40.78515
40.796125
40.81445
40.832575
40.872775
40.9949
41.096725
41.11835
41.1698
41.202975
41.2201
41.267675
41.303475
41.379975
41.5061
41.531
41.54225
41.570375
41.60625
41.718125
41.78325
41.8389
41.959975
42.1381
42.218475
42.28475
42.325775
42.3828
42.432425
42.60655
42.669475
42.72285
42.769375
42.8513
42.919475
42.954125
42.971475
42.993
43.0392
43.239475
43.29965
43.394375
43.4638
43.516
43.52035
43.5756
43.679225
43.75575
43.87845
44.02115
44.054475
44.0909
44.124525
44.14285
44.18585
44.200925
44.2024
44.2566
44.282525
44.3324
44.39215
44.45695
44.542725
44.54445
44.59705
44.676575
44.744075
44.762725
44.8175
44.87515
44.8904
44.932875
44.99625
45.251225
45.453775
45.707525
45.761125
45.784675
45.809375
46.027325
46.104075
46.4041
46.467075
46.4751
46.569875
46.6338
46.718325
46.8137
46.854175
46.863325
46.931875
46.96695
46.987825
46.99205
47.035475
47.043675
47.12925
47.220225
47.27455
47.30565
47.311175
47.347125
47.561125
47.6509
47.7566
47.802275
47.8247
47.87985
47.969025
48.007525
48.098725
48.188175
48.208675
48.263625
48.284025
48.347575
48.357675
48.47485
48.49645
48.553275
48.613625
48.6842
48.7127
48.84955
48.94145
48.994075
49.16535
49.2344
49.2456
49.2621
49.2746
49.315525
49.3933
49.40435
49.426425
49.4952
49.539825
49.57595
49.61655
49.625625
49.653775
49.78355
49.859975
49.8835
50.0277
50.06795
50.097275
50.13625
50.233875
50.315925
50.338075
50.3644
50.412225
50.4841
50.504225
50.613625
50.63085
50.6371
50.7001
50.75355
50.7914
50.813725
50.9551
50.9588
51.152425
51.307875
51.3515
51.40375
51.4364
51.486475
51.50465
51.5337
51.600975
51.60365
51.643125
51.661425
51.6848
51.813375
51.87285
51.93685
51.95385
51.979775
52.198425
52.31795
52.365275
52.385275
52.419775
52.4531
52.462875
52.470575
52.478
52.508975
52.544925
52.632325
52.633675
52.721425
52.79255
52.88325
52.923125
52.924125
53.00905
53.03875
53.0826
53.109375
53.111525
53.1661
53.19935
53.264875
53.29025
53.342275
53.43015
53.4944
53.506425
53.571625
53.5799
53.5884
53.664375
53.724275
53.7253
53.810225
53.8283
53.9249
53.993225
54.0131
54.062175
54.097225
54.110125
54.236225
54.329425
54.35065
54.423075
54.4659
54.528625
54.54795
54.645625
54.7148
54.77565
54.780725
54.88235
54.88965
54.925175
54.940075
54.985875
54.9981
55.0324
55.046775
55.063
55.157325
55.29805
55.3955
55.4029
55.504575
55.6184
55.666725
55.72845
55.75815
55.86945
55.88265
55.905
55.925
55.965425
56.11135
56.114875
56.1804
56.245875
56.247925
56.332075
56.44145
56.51605
56.523275
56.629575
56.69575
56.7119
56.757725
56.78885
56.8729
56.906125
56.939175
56.97965
56.98415
57.1304
57.148225
57.176275
57.20125
57.3335
57.3526
57.430825
57.462075
57.5742
57.634675
57.684775
57.720175
57.7942
57.800325
57.868225
57.9561
58.02375
58.1006
58.136825
58.166675
58.193
58.22385
58.23985
58.260225
58.343825
58.411425
58.4412
58.63015
58.700725
58.749875
58.8421
58.935225
58.968925
59.07175
59.166325
59.21845
59.266775
59.383175
59.424275
59.4369
59.46805
59.484875
59.561
59.6147
59.6428
59.7322
59.80855
59.893325
59.913175
59.96985
60.0404
60.088075
60.22785
60.27795
60.357675
60.46725
60.497575
60.54405
60.549775
60.602625
60.63465
60.665275
60.6835
60.712225
60.7487
60.7608
60.7789
60.78125
60.7832
60.790175
60.99345
61.0115
61.0899
61.128425
61.1996
61.21455
61.371975
61.43405
61.4514
61.58935
61.61505
61.6727
61.7697
61.786425
61.800725
61.930625
62.045425
62.125975
62.24215
62.290625
62.332125
62.400675
62.4227
62.457525
62.4701
62.48315
62.5454
62.7166
62.7394
62.9069
62.95775
62.95885
63.239625
63.321575
63.32775
63.3467
63.35285
63.455125
63.460675
63.497575
63.51695
63.565075
63.583475
63.594025
63.667325
63.674775
63.7517
63.9392
63.9592
64.059825
64.136975
64.182625
64.216575
64.2937
64.365625
64.43295
64.45545
64.580675
64.61185
64.6299
64.678175
64.847075
64.956675
64.989125
65.027875
65.07265
65.15795
65.1799
65.464675
65.64905
65.717625
65.7452
65.792375
65.841325
66.01675
66.0944
66.173525
66.251025
66.442875
66.54555
66.6151
66.769675
66.82005
66.845825
66.859
66.8702
66.885825
66.906
66.942925
66.973625
67.096675
67.150675
67.21325
67.266825
67.314275
67.4059
67.425025
67.577925
67.644225
67.67775
67.7723
67.875425
67.885625
67.919125
67.937225
68.02265
68.135225
68.1637
68.20405
68.251675
68.2999
68.30775
68.451075
68.50855
68.62545
68.782925
68.813825
68.86905
68.882175
68.91105
68.92425
68.979425
69.0777
69.1014
69.186425
69.33455
69.34915
69.506825
69.59825
69.67695
69.731475
69.75785
69.7754
69.786125
69.999075
70.019975
70.032575
70.1469
70.2406
70.2701
70.277775
70.33785
70.3448
70.369625
70.399625
70.496825
70.558825
70.640575
70.75565
70.902025
71.100025
71.20535
71.2645
71.392625
71.447825
71.469825
71.5703
71.711625
71.84685
71.9996
72.154525
72.2673
72.3627
72.394675
72.45935
72.485475
72.58335
72.6899
72.749725
72.866775
72.9871
73.131725
73.227775
73.289775
73.320125
73.4424
73.52635
73.572325
73.634025
73.72425
73.7863
73.788275
73.967975
74.128525
74.17095
74.246875
74.267075
74.27675
74.429525
74.4691
74.6085
74.6227
74.714975
74.858825
74.891875
74.916625
75.03075
75.089275
75.18985
75.210725
75.221375
75.229525
75.256475
75.27725
75.29105
75.31025
75.3175
75.367825
75.4171
75.45785
75.477875
75.501825
75.520125
75.530225
75.5616
75.580025
75.601
75.626075
75.6737
75.72355
75.780575
75.80145
75.81895
75.95935
75.9884
76.07505
76.181525
76.193425
76.268875
76.35915
76.397075
76.411975
76.458225
76.511325
76.620275
76.64305
76.645075
76.779775
76.7946
76.975375
76.9894
77.055575
77.09595
77.187
77.214125
77.26025
77.3726
77.3738
77.42005
77.504925
77.555225
77.610275
77.662075
77.734
77.7753
77.844175
77.847525
77.911775
77.929975
77.963575
77.973175
77.989925
78.0546
78.07845
78.10345
78.1126
78.157675
78.177375
78.188825
78.204275
78.244
78.274925
78.3177
78.383475
78.447775
78.544775
78.651125
78.701125
78.71985
78.7976
78.93065
78.9369
79.031475
79.05695
79.182975
79.198825
79.271925
79.344425
79.4074
79.4433
79.524675
79.5502
79.612575
79.68595
79.7338
79.7572
79.775475
79.84815
79.873925
79.9828
80.0072
80.108025
80.14065
80.247275
80.356575
80.427875
80.43605
80.477525
80.498825
80.5309
80.549775
80.566675
80.6032
80.648975
80.65005
80.672675
80.74895
80.79995
80.829025
80.84095
80.86875
80.891525
80.962325
81.0541
81.058375
81.10705
81.1326
81.161125
81.224775
81.251375
81.32845
81.4625
81.527275
81.5745
81.585525
81.59605
81.63135
81.6606
81.717725
81.7995
81.9593
82.0789
82.116225
82.19305
82.3662
82.467
82.5381
82.5905
82.645875
82.75725
82.943225
83.032525
83.084425
83.144775
83.20945
83.2267
83.28075
83.28605
83.322675
83.410125
83.47155
83.58455
83.687225
83.767825
83.82045
83.834
83.883175
83.91655
83.93325
83.9423
83.97635
84.0399
84.05315
84.075875
84.09125
84.134775
84.1523
84.17155
84.2242
84.27245
84.28505
84.3481
84.3688
84.42115
84.44895
84.52325
84.63715
84.652425
84.65435
84.690475
84.711825
84.738175
84.814025
84.8272
84.85485
84.91255
84.952775
85.022
85.113775
85.1371
85.190475
85.2265
85.2554
85.307375
85.367225
85.4878
85.50295
85.5391
85.606
85.62955
85.710925
85.813075
85.89775
85.96675
85.96915
86.00095
86.030275
86.043175
86.061625
86.103225
86.1787
86.219975
86.39585
86.41965
86.428625
86.54745
86.554075
86.6016
86.65995
86.680225
86.763375
86.7754
86.807825
86.824425
86.8591
86.956725
87.00025
87.13795
87.217925
87.3838
87.4506
87.468175
87.492675
87.504925
87.560375
87.568175
87.631225
87.70255
87.7249
87.741025
87.7861
87.789075
87.880825
88.058975
88.141125
88.1589
88.1955
88.3104
88.3269
88.34995
88.40105
88.41645
88.4619
88.562
88.566575
88.715525
88.900675
88.9116
88.99065
88.9957
89.126575
89.16935
89.31025
89.418275
89.4994
89.627525
89.87495
89.9864
90.00285
90.0527
90.07295
90.09695
90.13455
90.143075
90.199025
90.271025
90.28765
90.384225
90.414925
90.446775
90.5607
90.6388
90.66355
90.66625
90.70375
90.720375
90.75415
90.804425
90.84075
90.845025
90.9351
90.9664
91.16335
91.176825
91.27315
91.428225
91.436025
91.46025
91.50735
91.51645
91.595475
91.648575
91.72685
91.760925
91.770825
91.830625
91.8752
91.93235
91.99385
92.080975
92.0976
92.328475
92.339725
92.5632
92.6389
92.7242
92.791225
92.840625
92.8448
92.86125
92.886075
92.892325
92.947725
92.9606
93.0075
93.024375
93.056275
93.122175
93.12815
93.24615
93.30345
93.336425
93.40185
93.459925
93.6166
93.621
93.666075
93.688575
93.73995
93.8449
93.8471
93.915475
93.935275
93.94525
94.0571
94.1646
94.250125
94.406225
94.5425
94.558525
94.6257
94.6944
94.813025
94.900825
94.9189
94.96055
95.208375
95.347925
95.394375
95.464875
95.488575
95.5748
95.6032
95.62355
95.6512
95.670925
95.672575
95.732575
95.784025
95.858625
96.001625
96.15275
96.306925
96.41455
96.50405
96.51415
96.5177
96.5621
96.572375
96.61365
96.617975
96.636
96.64785
96.7118
96.842575
96.934425
97.223025
97.246025
97.298825
97.38035
97.4554
97.505075
97.546375
97.5809
97.5945
97.616425
97.62615
97.6514
97.70945
97.7505
97.780575
97.833775
97.849
97.9466
97.9794
98.0138
98.03605
98.060525
98.12865
98.2354
98.253625
98.33735
98.42595
98.432
98.517975
98.641875
98.797325
98.8323
98.872875
98.891325
98.9339
98.997325
99.014875
99.093025
99.1819
99.23765
99.325
99.445825
99.57585
99.595125
99.621875
99.67965
99.7001
99.744125
99.757
99.812325
99.8338
99.853225
99.916125
99.924975
99.97175
99.9772
100.053525
100.08485
100.136275
100.19135
100.21005
100.2345
100.3038
100.391125
100.396925
100.4583
100.482475
100.510775
100.58065
100.5985
100.680025
100.703625
100.74635
100.84365
100.8535
100.931575
100.93605
101.028525
101.0341
101.102575
101.19605
101.2598
101.280725
101.35815
101.423625
101.4484
101.5172
101.60015
101.69575
101.75385
101.921525
101.938875
101.964225
102.072225
102.12795
102.1863
102.25765
102.325425
102.3612
102.36305
102.433175
102.51545
102.556725
102.5624
102.63155
102.679375
102.7552
102.8618
102.877275
102.95575
103.01125
103.145525
103.2379
103.334625
103.342675
103.451
103.5836
103.782775
103.793275
103.893775
103.990025
103.995075
104.06935
104.176725
104.2359
104.29735
104.37545
104.416975
104.433425
104.448625
104.45755
104.4826
104.5727
104.609725
104.634125
104.6593
104.7063
104.788775
104.821675
104.8302
104.87445
104.9107
104.97945
105.01605
105.054825
105.117025
105.16895
105.224375
105.2648
105.34615
105.457675
105.607925
105.647725
105.666525
105.723825
105.72925
105.750175
105.7966
105.84465
105.933025
106.0028
106.1495
106.2785
106.40515
106.529975
106.6199
106.6839
106.758025
106.782175
106.86295
106.95495
107.0834
107.21475
107.312975
107.400175
107.478425
107.522075
107.5423
107.7338
107.7533
107.8099
107.929225
107.9568
107.9633
107.98275
108.0033
108.0902
108.32875
108.4686
108.543025
108.549575
108.677175
108.702775
108.801575
108.8352
108.8755
108.982475
108.9913
109.0463
109.085
109.231175
109.344825
109.43685
109.4807
109.5369
109.548075
109.60025
109.606275
109.614625
109.6611
109.683175
109.6892
109.748775
109.79315
109.846725
109.88255
109.888825
110.03845
110.1292
110.1665
110.2686
110.3704
110.5176
110.622075
110.684425
110.6915
110.72545
110.731075
110.73955
110.757425
110.783725
110.7893
110.801675
110.876925
110.97285
110.992
111.01075
111.229025
111.40585
111.42775
111.5135
111.52925
111.59745
111.700875
111.807925
111.81815
111.8195
111.83685
111.850975
111.88665
111.93275
112.011325
112.029225
112.06325
112.189375
112.305125
112.35565
112.397
112.420525
112.48435
112.542425
112.62205
112.706675
112.7234
112.82345
112.839525
112.88715
112.908275
112.9094
112.993525
113.012375
113.069325
113.161425
113.287525
113.42655
113.478725
113.524325
113.62925
113.760325
113.78435
113.788125
113.80175
113.814275
113.838725
113.87365
113.90145
114.01205
114.023675
114.07745
114.1229
114.153775
114.2044
114.237975
114.26245
114.3027
114.369675
114.42305
114.463975
114.552425
114.5576
114.661775
114.696425
114.738375
114.79155
114.847925
114.90745
114.965625
115.094875
115.200525
115.28655
115.3502
115.41155
115.425375
115.5098
115.597625
115.61325
115.656575
115.701975
115.749775
115.81065
115.909125
116.242975
116.2666
116.465375
116.55775
116.601225
116.8819
116.895325
117.04425
117.158475
117.212675
117.285825
117.350725
117.486525
117.500075
117.5396
117.62025
117.79325
117.798475
117.84705
117.927
117.960175
118.04775
118.054925
118.1315
118.192475
118.2369
118.251125
118.288175
118.35335
118.47825
118.494175
118.638925
118.64775
118.7155
118.739225
118.744075
118.79275
118.859875
118.985625
119.01745
119.043775
119.1506
119.166125
119.240475
119.3082
119.327325
119.4498
119.623325
119.709725
119.727375
119.78705
119.79955
119.932525
119.973025
120.045625
120.078575
120.142425
120.14465
120.3628
120.372875
120.41325
120.529025
120.65975
120.7163
120.728975
120.8611
120.958675
121.03385
121.074725
121.116875
121.17935
121.266475
121.40105
121.45245
121.46015
121.496525
121.5092
121.512625
121.61425
121.666325
121.70995
121.76115
121.90395
121.97175
122.046575
122.25115
122.281125
122.2892
122.3772
122.6859
122.8046
122.833525
122.90785
122.91345
122.9715
122.999275
123.0153
123.09355
123.20715
123.2782
123.320875
123.325325
123.3549
123.4093
123.4959
123.50275
123.63595
123.6583
123.6961
123.794525
124.02975
124.166525
124.226775
124.2398
124.351075
124.361225
124.3919
124.400675
124.414825
124.4249
124.46775
124.4774
124.5804
124.618775
124.717525
124.72715
124.759075
124.87125
124.8955
124.9434
124.996425
125.095375
125.173175
125.210225
125.218725
125.287675
125.4816
125.51725
125.63765
125.740825
125.766475
125.906575
125.997075
126.048825
126.090225
126.104
126.147875
126.241875
126.28435
126.350925
126.4147
126.538
126.691425
126.843275
126.93365
127.017225
127.0952
127.1532
127.223725
127.31735
127.378775
127.383075
127.3916
127.415625
127.556025
127.5583
127.6769
127.72055
127.7434
127.818025
127.827025
127.926175
127.976725
128.024175
128.0896
128.31875
128.372025
128.3779
128.451025
128.594025
128.6701
128.683125
128.760475
128.8802
128.922375
129.008725
129.34995
129.3754
129.388725
129.406325
129.483775
129.518525
129.60175
129.605625
129.66075
129.689
129.7782
129.81085
129.8168
129.97365
130.0427
130.0692
130.1364
130.151025
130.22495
130.226225
130.259475
130.399575
130.422675
130.429425
130.541725
130.60045
130.756775
130.7711
130.790825
130.8642
130.986875
131.073325
131.141175
131.317525
131.446625
131.55165
131.572125
131.594625
131.613875
131.629125
131.7003
131.75055
131.781325
131.8086
131.86145
131.865275
131.9281
132.0394
132.070175
132.131475
132.224375
132.417025
132.6869
132.80205
132.895775
132.94705
132.984875
133.05125
133.13225
133.193025
133.2108
133.26315
133.2841
133.39135
133.533625
133.588925
133.706275
133.747325
133.90175
133.988725
134.018975
134.021025
134.045275
134.069375
134.143725
134.146725
134.172875
134.208075
134.21955
134.332175
134.5081
134.633
134.65765
134.74865
134.86485
134.922675
134.926525
134.955375
135.036375
135.12705
135.18195
135.201
135.392475
135.41985
135.45235
135.523825
135.7615
135.9567
136.040525
136.10825
136.143825
136.251575
136.342
136.389325
136.47245
136.495875
136.521675
136.630025
136.675525
136.71555
136.8448
136.96275
137.035325
137.061575
137.1788
137.23595
137.301875
137.388825
137.447125
137.534325
137.54285
137.579625
137.588175
137.65935
137.73235
137.759525
137.841475
137.89215
137.9337
137.960725
138.032325
138.073125
138.087675
138.143925
138.1843
138.20385
138.2884
138.341225
138.58585
138.702625
138.909875
138.93
139.06295
139.0847
139.099075
139.19835
139.27185
139.36815
139.4426
139.62085
139.64635
139.6921
139.7281
139.778025
139.85605
139.9479
140.126675
140.17395
140.212475
140.380275
140.486575
140.50755
140.5726
140.60195
140.615925
140.63645
140.6518
140.653875
140.6896
140.708725
140.725075
140.7814
140.79655
140.905025
140.948375
141.00275
141.013275
141.064875
141.070425
141.134875
141.147075
141.212275
141.23135
141.329375
141.337725
141.5118
141.559575
141.724025
141.751275
141.794125
141.809875
141.8987
141.933525
142.05715
142.092775
142.136225
142.339875
142.419925
142.47665
142.483225
142.508575
142.55715
142.611625
142.717725
142.763525
142.8791
142.91465
142.91975
143.01035
143.131275
143.20375
143.219575
143.389575
143.470325
143.533
143.567125
143.6622
143.7277
143.802625
143.88535
144.0041
144.0143
144.075575
144.148175
144.1628
144.249225
144.281325
144.365425
144.43235
144.57585
144.676875
144.711975
144.78645
144.830575
144.873575
144.898
144.9591
144.9898
145.028775
145.043475
145.1168
145.196825
145.221075
145.23505
145.2464
145.25825
145.276125
145.27775
145.296525
145.312475
145.389575
145.460475
145.512125
145.5859
145.6669
145.6712
145.749
145.783325
145.88525
145.890375
145.963825
145.982575
146.030375
146.048625
146.13475
146.181
146.280525
146.3053
146.383925
146.410725
146.41755
146.5741
146.64135
146.68475
146.69845
146.731225
146.745
146.77065
146.7849
146.823475
146.853125
146.916975
147.013175
147.0478
147.057925
147.118
147.3584
147.466975
147.5206
147.57575
147.725925
147.7968
147.866175
148.032025
148.242525
148.245825
148.34635
148.39225
148.397075
148.428675
148.4368
148.504675
148.558475
148.568525
148.57345
148.65725
148.661
148.700075
148.77525
148.869875
148.95615
149.033225
149.10265
149.367375
149.401125
149.459825
149.5051
149.5072
149.57935
149.647625
149.65605
149.739625
149.7969
149.807
149.878675
150.041875
150.06015
150.165575
150.178
150.1859
150.2957
150.4353
150.532
150.5773
150.586825
150.681125
150.69775
150.726175
150.74355
150.751525
150.776925
150.827325
150.84935
150.8903
150.972325
151.114975
151.154225
151.195875
151.213425
151.2191
151.2688
151.31925
151.537725
151.541425
151.61995
151.798475
151.83175
151.876525
151.91065
151.954675
151.966675
152.04525
152.064775
152.1249
152.2006
152.26565
152.32035
152.342125
152.389775
152.444175
152.466625
152.6167
152.816525
152.81935
152.838875
152.9706
152.98235
153.047825
153.06955
153.202225
153.366875
153.645525
153.6852
153.68945
153.7284
153.7417
153.75725
153.8324
153.91035
153.9348
153.9739
153.97575
154.021625
154.07795
154.137275
154.148175
154.207275
154.525575
154.6451
154.6546
154.764175
154.85005
155.007875
155.09825
155.256775
155.38685
155.423225
155.472775
155.589275
155.629225
155.672
155.783125
155.7935
155.909075
155.966775
156.010925
156.059775
156.116675
156.152475
156.241975
156.2904
156.322875
156.34275
156.426
156.488575
156.491175
156.59975
156.613925
156.78435
156.84405
156.883675
156.960925
156.96205
157.062125
157.099475
157.102425
157.1346
157.139075
157.176175
157.237275
157.27115
157.39365
157.4764
157.5655
157.691525
157.6959
157.8371
157.864775
157.9803
158.014
158.08235
158.157625
158.17565
158.254775
158.2615
158.33505
158.43755
158.482225
158.627225
158.721175
158.749875
158.8498
158.85185
158.89885
158.9916
159.028875
159.082925
159.107625
159.1555
159.157625
159.16905
159.2288
159.3432
159.42135
159.547425
159.6503
159.681
159.730125
159.768875
159.7853
159.8019
159.83905
159.8885
159.905
159.96595
159.97325
160.042075
160.0643
160.10925
160.345425
160.353775
160.3948
160.4823
160.7995
160.870475
160.8783
160.947325
161.003275
161.048825
161.085975
161.20065
161.217125
161.221925
161.272775
161.316975
161.37695
161.419925
161.563275
161.64525
161.75275
161.769875
161.88645
161.9933
162.05755
162.107225
162.1398
162.243175
162.31135
162.31625
162.41875
162.459825
162.5439
162.595725
162.608225
162.782
162.7844
162.843675
162.853625
162.95705
163.0476
163.101375
163.120875
163.18385
163.198525
163.211375
163.321575
163.329675
163.42305
163.4863
163.517525
163.559625
163.6551
163.76595
163.8717
163.9787
164.01465
164.1159
164.175625
164.232275
164.296225
164.299075
164.308725
164.3508
164.38495
164.4179
164.42165
164.535975
164.659425
164.672675
164.77145
164.79705
164.870075
164.947325
165.0642
165.2476
165.3221
165.38155
165.41365
165.494875
165.517275
165.528175
165.63865
165.715225
165.7854
165.8388
165.888225
165.9119
165.970025
166.049775
166.10715
166.226825
166.298725
166.354275
166.35845
166.445875
166.564275
166.685475
166.71835
166.766225
166.78655
166.871075
166.9198
166.952575
166.959075
167.0035
167.042075
167.130025
167.15555
167.199525
167.22425
167.2866
167.377925
167.452275
167.6109
167.727275
167.7831
167.830725
167.91835
168.06305
168.146875
168.2611
168.2909
168.35035
168.401
168.4413
168.462875
168.4678
168.47665
168.5522
168.592925
168.619075
168.66515
168.7333
168.781
168.799775
168.95905
169.07105
169.080025
169.126425
169.199075
169.284075
169.416775
169.47665
169.509425
169.537075
169.690675
169.71105
169.815925
169.88945
169.915775
169.99895
170.08845
170.113025
170.113925
170.27305
170.3201
170.37095
170.451325
170.48505
170.500025
170.519675
170.6682
170.685825
170.740875
170.775375
170.82485
170.9165
170.95545
171.001925
171.05695
171.058275
171.146
171.1858
171.20965
171.2818
171.308025
171.32655
171.351425
171.3686
171.3878
171.479475
171.5098
171.5111
171.5556
171.7072
171.724025
171.76475
171.773975
171.816325
171.902075
171.951325
171.953025
172.016375
172.12375
172.190725
172.2442
172.332275
172.36645
172.451875
172.536225
172.7065
172.7137
172.73085
172.80415
172.836575
172.8631
172.889725
172.92175
173.00445
173.09735
173.132175
173.152125
173.159075
173.18285
173.235175
173.321225
173.378425
173.39415
173.69175
173.786175
173.78965
173.955575
174.103
174.104825
174.174175
174.25535
174.2837
174.288525
174.3052
174.394775
174.4321
174.503625
174.528225
174.577375
174.668575
174.70095
174.76585
174.875925
175.035875
175.036975
175.209575
175.294675
175.3949
175.501775
175.529675
175.695775
175.69665
175.773425
175.8604
175.89315
175.932675
175.9337
175.969
176.141025
176.15295
176.24045
176.264625
176.303775
176.4954
176.52445
176.540375
176.6612
176.7643
176.839775
176.894675
176.903225
176.988025
177.08625
177.23565
177.306775
177.3352
177.36175
177.376125
177.41525
177.48915
177.524
177.560225
177.605425
177.672725
177.674475
177.76155
177.7797
177.915675
177.9421
178.026375
178.0917
178.13
178.17555
178.253525
178.34695
178.460625
178.615475
178.8053
178.8463
178.963125
179.013775
179.08315
179.1104
179.168575
179.1974
179.23735
179.27475
179.34115
179.371275
179.443975
179.626625
179.72255
179.804625
179.887475
179.911975
179.94405
180.0209
180.078225
180.115675
180.2437
180.3479
180.442275
180.4994
180.6578
180.67075
180.753675
180.84585
180.898325
180.944325
181.035675
181.189225
181.30485
181.436575
181.449675
181.465975
181.482925
181.526025
181.570775
181.618875
181.654425
181.72035
181.7663
181.81415
181.828125
181.865325
181.9326
182.06205
182.14255
182.242925
182.26265
182.41355
182.504075
182.6014
182.6801
182.700525
182.76785
182.8329
182.854425
182.9305
182.94155
183.03345
183.0764
183.281975
183.41085
183.521725
183.548975
183.624525
183.67645
183.7023
183.756975
183.7959
183.801725
184.02025
184.149275
184.220125
184.236625
184.25765
184.29565
184.3169
184.32325
184.3665
184.419325
184.46105
184.4619
184.4975
184.53305
184.55395
184.582275
184.6054
184.673675
184.822175
184.973225
185.075825
185.16775
185.211825
185.260625
185.281725
185.285075
185.4021
185.494025
185.510775
185.6484
185.67585
185.7382
185.814025
185.927675
185.98175
186.028675
186.042525
186.157
186.254275
186.329325
186.33925
186.431925
186.50365
186.513275
186.629875
186.70585
186.740325
186.8202
186.850425
186.9847
187.033825
187.066275
187.1278
187.224525
187.286725
187.425075
187.553
187.657475
187.67515
187.7505
187.7938
187.8105
187.877925
187.9139
188.007875
188.0725
188.07735
188.154975
188.1967
188.208225
188.362225
188.515725
188.567275
188.59885
188.64645
188.708375
188.8687
188.9334
188.957975
188.961225
188.969
188.970075
188.986
188.9959
189.010525
189.0428
189.096875
189.106225
189.133975
189.161
189.212825
189.4654
189.473225
189.672075
189.6998
189.70305
189.721275
189.75565
189.780525
189.8287
189.8981
189.9585
189.993675
190.011675
190.114875
190.210775
190.276825
190.3113
190.347175
190.493275
190.596525
190.718025
190.821075
190.829575
190.865275
190.874775
190.920325
191.0234
191.09185
191.138975
191.1715
191.290525
191.38955
191.401825
191.463475
191.530475
191.5598
191.591325
191.6034
191.648675
191.671325
191.89135
191.9744
191.98085
192.0409
192.055175
192.156225
192.16385
192.1996
192.319775
192.38455
192.4377
192.46965
192.501175
192.5791
192.582125
192.713325
192.81025
192.843275
192.92445
192.926225
192.9345
193.00055
193.04085
193.175125
193.191325
193.451375
193.504475
193.505725
193.5263
193.621075
193.6456
193.72785
193.734125
193.84015
193.894725
193.9033
193.9308
193.968475
194.0996
194.20475
194.323375
194.5102
194.624925
194.82305
194.908825
194.97065
195.04285
195.12305
195.12925
195.198775
195.2606
195.44655
195.46615
195.5577
195.615625
195.724875
195.7592
195.8138
195.8536
195.916
196.053475
196.07085
196.115
196.155075
196.2037
196.315825
196.338825
196.41295
196.460675
196.47635
196.5105
196.57005
196.5811
196.638425
196.655925
196.71845
196.79015
196.905425
196.97165
197.138675
197.253825
197.340625
197.408275
197.48915
197.704475
197.834425
197.89035
197.946925
198.013975
198.101425
198.28325
198.3484
198.4399
198.53315
198.63945
198.662575
198.67695
198.6907
198.79335
198.83705
198.902025
198.955675
199.3341
199.3691
199.3775
199.449375
199.53135
199.620675
199.78655
199.81945
199.8458
199.96575
200.023325
200.14535
200.3247
200.43335
200.458525
200.461
200.507475
200.54635
200.602225
200.649425
200.6983
200.745725
200.81345
200.85075
200.914275
200.962725
201.060375
201.1264
201.127175
201.134275
201.1424
201.15795
201.161375
201.27105
201.28715
201.315725
201.32345
201.34435
201.368875
201.41135
201.430725
201.46785
201.480525
201.489575
201.500625
201.522025
201.542275
201.56645
201.600825
201.616275
201.665675
201.6672
201.699525
201.71495
201.72585
201.738575
201.783725
201.792925
201.845825
201.926775
202.062075
202.1403
202.156075
202.1705
202.206525
202.2114
202.291775
202.316925
202.3825
202.38685
202.4228
202.449425
202.5274
202.56685
202.587275
202.648375
202.65545
202.6747
202.701975
202.769725
202.796325
202.812875
202.851975
202.8936
202.90545
202.95535
202.994
203.1109
203.2233
203.225225
203.424225
203.47615
203.5025
203.65105
203.67265
203.979
204.001925
204.0986
204.13645
204.20435
204.23325
204.34015
204.348725
204.4595
204.556625
204.6385
204.704575
204.7535
204.788125
204.8613
205.054775
205.081375
205.128375
205.191825
205.327725
205.348725
205.408925
205.433325
205.5477
205.572775
205.700825
205.885625
205.98915
206.083275
206.19125
206.25045
206.3219
206.380775
206.401975
206.45375
206.566125
206.6404
206.65035
206.672575
206.6783
206.750775
206.9127
206.9929
207.1833
207.316475
207.4831
207.5668
207.7601
207.8486
207.852475
207.96595
208.023675
208.06245
208.068675
208.119325
208.194075
208.362075
208.459225
208.6987
208.77845
208.870675
208.931175
209.03955
209.21635
209.24445
209.369825
209.437625
209.557775
209.568575
209.5928
209.947625
209.989125
210.07175
210.080025
210.181275
210.27675
210.302575
210.325675
210.356825
210.4653
210.5144
210.563475
210.60335
210.70555
210.775975
210.7886
210.84875
210.91315
211.02065
211.04345
211.06115
211.24225
211.31475
211.381825
211.4638
211.466225
211.646025
211.746375
211.7989
211.872025
211.955125
212.036125
212.039125
212.092475
212.11635
212.15625
212.239475
212.2839
212.390025
212.47865
212.532025
212.606325
212.6646
212.783475
212.9273
212.991625
213.0325
213.0747
213.125525
213.13245
213.172025
213.328925
213.4043
213.473625
213.5458
213.6131
213.651375
213.82605
213.88515
214.006125
214.15865
214.205125
214.2277
214.270125
214.28235
214.560975
214.64995
214.696025
214.735275
214.8368
214.8859
214.942725
214.951725
214.987375
215.2107
215.378075
215.497675
215.550325
215.643425
215.720575
215.7638
215.82815
215.92355
216.090825
216.112725
216.1615
216.198825
216.227525
216.2567
216.3077
216.315325
216.342275
216.404425
216.4303
216.435875
216.450625
216.509475
216.526225
216.546225
216.632625
216.672075
216.81465
216.825075
216.8972
216.96615
217.004925
217.01715
217.049425
217.07395
217.173975
217.2704
217.355375
217.36885
217.388675
217.458225
217.5354
217.577125
217.607475
217.623025
217.7157
217.747825
217.88365
217.9688
218.0894
218.120575
218.1531
218.1979
218.32045
218.39185
218.56885
218.57885
218.6584
218.685675
218.757
218.90335
218.948225
219.15805
219.1957
219.37235
219.472975
219.53765
219.633875
219.6838
219.688875
219.8005
219.806275
219.9242
219.9577
220.092975
220.13915
220.15135
220.18305
220.21295
220.27095
220.294725
220.331425
220.34555
220.44065
220.57415
220.6885
220.758075
220.76695
220.937325
220.9953
221.1639
221.203475
221.204675
221.268875
221.36735
221.44595
221.489275
221.583675
221.631425
221.71775
221.807225
221.897275
221.980175
221.9951
222.065025
222.1191
222.321975
222.37735
222.454775
222.53885
222.649775
222.6749
222.68535
222.725275
222.751275
222.870475
222.97725
223.148775
223.155875
223.283
223.33675
223.4106
223.4883
223.529
223.61945
223.727625
223.775475
223.873825
224.006775
224.05705
224.126375
224.226575
224.240625
224.322225
224.330275
224.39725
224.3991
224.480525
224.49685
224.5708
224.712325
224.80095
224.832975
224.90965
224.96015
225.0441
225.136675
225.32395
225.393525
225.4352
225.5037
225.51945
225.55935
225.59365
225.641825
225.704675
225.750575
225.759575
225.962975
225.97375
226.0228
226.066925
226.08985
226.10975
226.14825
226.192725
226.296425
226.339825
226.37285
226.55335
226.5725
226.60645
226.77465
226.778675
226.9955
227.10275
227.163125
227.23085
227.275525
227.335925
227.387475
227.3933
227.4487
227.534175
227.54685
227.7655
227.96565
228.0418
228.11355
228.20405
228.2071
228.26805
228.296475
228.3342
228.35945
228.395175
228.4619
228.520225
228.53435
228.599225
228.632625
228.7581
228.8946
228.9349
228.939675
228.95665
228.963125
229.20935
229.22715
229.235825
229.29885
229.375575
229.391
229.513475
229.521075
229.553375
229.5671
229.58695
229.613125
229.68075
229.785575
229.804875
229.8499
229.926775
229.95665
230.060625
230.1086
230.177175
230.21515
230.383
230.397875
230.50395
230.55715
230.664425
230.770825
230.792225
231.022575
231.099125
231.1387
231.145975
231.32495
231.483525
231.512375
231.645025
231.867925
232.013325
232.088725
232.155875
232.2223
232.279575
232.3025
232.341975
232.36705
232.40545
232.426325
232.43505
232.53915
232.606025
232.636625
232.7917
232.82705
232.9557
233.070375
233.121925
233.217675
233.24175
233.245925
233.2742
233.284975
233.3427
233.34955
233.3886
233.41445
233.5287
233.533225
233.574525
233.6785
234.159125
234.196525
234.298525
234.318425
234.364275
234.46405
234.621275
234.68755
234.703975
234.758225
234.8341
234.9391
234.981725
235.027425
235.117775
235.162075
235.268875
235.29885
235.338675
235.447275
235.45725
235.51225
235.537575
235.597575
235.624425
235.6755
235.67665
235.6931
235.75265
235.767
235.8214
236.03275
236.03635
236.171425
236.232125
236.261625
236.266375
236.32845
236.373475
236.505825
236.61625
236.761
236.9342
236.937125
236.98485
237.0215
237.049775
237.1095
237.122725
237.1883
237.256775
237.27625
237.380025
237.402675
237.426975
237.4442
237.448325
237.505425
237.597775
237.68925
237.779875
237.9145
237.975475
237.99825
238.017225
238.146375
238.176325
238.304525
238.3908
238.440225
238.536075
238.600875
238.733325
238.8052
238.820175
238.826575
238.841875
238.9238
238.93115
238.9508
239.01365
239.1089
239.17315
239.2336
239.25245
239.292725
239.3302
239.3549
239.394675
239.516075
239.566625
239.622125
239.70565
239.7267
239.77515
239.95005
240.0179
240.0781
240.176325
240.21925
240.24505
240.342425
240.34395
240.414925
240.495125
240.518925
240.569225
240.687975
240.807525
240.92585
241.005675
241.11125
241.2131
241.217125
241.341325
241.450075
241.494225
241.538925
241.6036
241.680875
241.7667
241.900475
241.935575
242.123425
242.2165
242.280725
242.28835
242.339675
242.38765
242.442725
242.4538
242.55405
242.71355
242.715325
242.868125
242.940875
243.01255
243.0373
243.138825
243.1753
243.2875
243.391525
243.397575
243.5168
243.6417
243.737925
243.74405
243.8933
244.00605
244.0628
244.185025
244.287075
244.34135
244.402375
244.43795
244.48615
244.4888
244.52475
244.54575
244.55935
244.6141
244.6158
244.6583
244.739975
244.7725
244.776975
244.87275
244.990825
245.04465
245.071525
245.09555
245.160125
245.296625
245.3917
245.39625
245.4453
245.46815
245.53535
245.6037
245.6665
245.729275
245.757925
245.91415
245.967475
246.0823
246.097625
246.1287
246.1516
246.229925
246.277675
246.294275
246.3281
246.368025
246.37465
246.404225
246.4213
246.4435
246.44565
246.4635
246.4766
246.479
246.4904
246.501725
246.53665
246.545875
246.5554
246.5823
246.59595
246.611675
246.622075
246.659125
246.706775
246.708925
246.726625
246.744975
246.7633
246.7836
246.804475
246.84045
246.862175
246.909725
246.933675
246.952425
246.981575
247.006725
247.033425
247.0601
247.083675
247.109125
247.120325
247.134625
247.15695
247.1723
247.233025
247.249575
247.2595
247.2712
247.31825
247.332975
247.3875
247.399225
247.4035
247.4165
247.42915
247.4803
247.524025
247.576425
247.579125
247.60875
247.648025
247.67635
247.6993
247.728375
247.759125
247.80025
247.80175
247.828875
247.8743
247.891725
247.911075
247.948775
247.96145
247.997125
248.040275
248.20025
248.208825
248.2588
248.294225
248.366
248.39685
248.48365
248.495675
248.529575
248.57405
248.597025
248.636375
248.6705
248.715975
248.74865
248.755225
248.78185
248.78805
248.82445
248.8548
248.901625
248.952
248.987875
249.04745
249.10515
249.123575
249.20875
249.231775
249.389975
249.390775
249.4847
249.532775
249.57285
249.607725
249.6421
249.73535
249.745
249.7849
249.806725
249.8284
249.8768
249.888875
249.901575
249.936375
249.9884
250.0881
250.12525
250.303025
250.43185
250.43345
250.463275
250.504275
250.52725
250.550525
250.557375
