0.035475
0.5078
0.767275
0.816325
0.855725
0.861175
0.871525
0.8771
0.881775
0.8978
0.906075
0.911975
0.950275
1.011425
1.2376
1.254925
1.3299
1.364425
1.866225
1.91455
2.45305
2.478525
2.48325
2.4904
2.497725
2.510425
2.552025
2.565075
2.6737
3.141025
3.19335
3.244875
3.276225
3.299325
3.3254
3.344975
3.43195
3.6546
3.72335
3.80115
4.811975
4.88405
4.94265
4.9508
5.00165
5.0603
5.303075
5.35155
5.754075
5.812225
5.832975
6.240725
6.302275
6.3599
6.6546
6.719875
6.8709
6.912925
6.964025
7.001825
7.397875
7.40615
7.40765
7.412125
7.4172
7.43275
7.43835
7.485275
7.53485
8.3321
8.671525
8.70595
8.76375
8.818425
8.838725
9.059175
9.308675
9.474825
9.652275
9.780875
10.04995
10.089575
10.3208
10.3568
10.463375
10.526875
10.58875
10.739625
10.83725
10.888725
10.92145
10.93835
10.94165
10.973775
12.09215
12.458
12.4716
12.485275
12.506375
12.555525
12.624225
12.74125
12.9949
13.0122
13.10765
13.5013
13.546625
13.92165
14.01335
14.039025
14.04155
14.050175
14.053825
14.0821
14.0936
14.1132
14.1538
14.173975
14.19265
14.207825
14.5398
14.6104
14.612975
14.773525
14.816475
14.844425
14.93725
15.362375
15.55625
15.648025
16.082525
16.128
16.149025
16.438225
16.443925
16.490775
16.545175
16.572325
16.619025
16.8431
16.9333
17.014675
17.05935
17.133225
17.395525
17.41005
17.654425
17.833525
17.96095
18.057175
18.5218
18.588625
18.6174
18.66215
18.7294
18.74025
18.751775
18.75435
18.84575
18.8958
19.10125
19.5753
19.596675
19.636875
19.94075
20.010425
20.034425
20.037775
20.073125
20.12855
20.1561
20.1816
20.22785
20.296675
20.7262
21.103175
21.14305
21.15075
21.16495
21.242675
21.26865
21.745975
21.753275
22.214725
22.23645
22.253225
22.265525
22.318775
22.63245
22.7019
22.763075
22.851925
23.048425
23.326325
23.33665
23.37845
23.58795
23.87235
23.889175
23.903875
23.9571
24.197025
24.57875
24.61325
24.6159
24.6539
24.9046
24.994025
25.2904
25.298875
25.4694
25.621775
25.652575
25.96705
26.29185
26.441625
26.548025
26.6372
26.902675
26.95495
27.05155
27.118525
27.1468
27.200875
27.437325
27.584375
27.63325
27.65225
28.1523
28.277
28.449125
28.721
28.892175
28.893475
28.924075
28.951625
28.9873
29.125875
29.129675
29.508725
29.54315
29.6187
29.6482
29.67955
29.6971
29.71185
29.7358
29.7714
29.913025
29.917225
29.9565
30.665275
30.68225
30.72085
30.731925
30.7593
30.7624
30.79425
30.8099
30.83695
31.342225
31.452225
31.5577
31.66215
31.86715
31.93265
32.14585
32.2397
32.2868
32.75645
33.161425
33.214175
33.21595
33.41755
33.4303
33.494025
33.5008
33.511575
33.544425
33.58345
33.619
33.62165
33.628075
33.6301
33.69425
33.6987
33.7726
34.729575
34.846675
34.880475
34.902125
35.1065
35.538625
35.564375
35.59075
35.600475
35.6018
35.617225
35.62335
35.656675
35.671375
35.681475
35.6932
35.7085
36.17305
36.34945
36.367025
36.45035
36.933075
36.98125
37.05355
37.1957
37.700925
37.7078
37.772025
37.82225
37.889725
38.23095
38.243625
38.354425
38.57405
38.794425
38.8047
38.82575
38.884825
38.99135
38.994775
39.2459
39.3602
39.4027
39.624125
39.66795
39.72135
39.8309
39.8361
39.91565
39.960725
39.976775
40.000275
40.1401
40.14595
40.177375
40.399825
40.7147
40.85705
40.90495
41.10435
41.21635
41.36815
41.62095
41.6489
41.71265
42.177525
42.24985
42.27005
42.3156
42.31975
42.336825
42.391575
42.93005
42.96465
43.106125
43.3933
43.460475
43.5008
43.50615
43.527275
43.56345
43.60925
43.63455
43.69235
44.0793
44.08635
44.14675
44.202725
44.2484
44.658425
44.672725
44.6901
44.7143
44.733575
45.178725
45.1885
45.34
45.5587
45.597975
45.9777
46.165225
46.474625
46.519725
46.718475
46.950775
46.981375
47.0231
47.2562
47.5157
47.53915
47.5869
48.034125
48.18755
48.1924
48.249325
48.5818
48.87395
48.978275
49.097125
49.244725
49.356775
49.389775
49.412775
49.41445
49.843375
49.949525
49.979575
49.98755
50.0292
50.052775
50.3586
50.37095
50.41095
50.46685
50.591475
50.598275
51.004275
51.0296
51.032975
51.036775
51.120625
51.588325
51.66095
51.748325
52.2064
52.28725
52.39465
52.399375
52.4426
52.528775
52.557625
52.57985
52.619475
52.62975
52.658825
52.6954
52.742575
52.77905
53.41555
53.454525
53.471175
53.501575
53.9092
54.19
54.30635
54.35585
54.363925
54.409075
54.456725
54.524975
54.576575
54.7645
54.8438
54.8771
54.880375
54.9088
54.919425
54.950925
54.965375
54.97985
55.02165
55.0667
55.071925
55.1853
55.282425
55.310675
55.316925
55.3325
55.382125
55.405375
55.4425
55.504675
55.517925
55.5358
55.751425
55.760275
55.800275
55.8359
56.331675
56.671325
56.714075
56.754925
56.7819
57.152625
57.158525
57.185925
57.2112
57.218975
57.22635
57.235775
57.249375
57.279325
57.316825
57.4941
57.705925
57.7336
57.760225
57.95585
58.20155
58.663
58.703
58.740075
58.7667
58.76995
58.832775
59.186075
59.2448
59.362
59.78645
59.947425
60.080925
60.106625
60.26265
60.349275
60.5232
60.725525
60.756475
60.7999
60.82885
60.83405
60.83945
60.846675
60.852625
60.892
60.908375
60.916025
60.945375
60.949725
61.234225
61.648675
61.656375
61.773025
62.097025
62.13695
62.154575
62.197325
62.234425
62.241525
62.24575
62.267825
62.68895
62.713575
63.31495
63.33285
63.402325
63.434075
63.54955
63.65535
63.72495
63.796825
63.885025
63.958325
64.0276
64.0509
64.085075
64.12325
64.1679
64.20855
64.62075
64.624175
64.7272
64.74685
64.7616
64.842575
64.936975
65.370375
65.4622
65.48065
65.4908
65.51235
65.529475
65.578475
65.602075
65.64755
65.82995
66.073575
66.185975
66.21175
66.275825
66.28415
66.308375
66.336475
66.3415
66.3469
66.354275
66.408625
66.434275
66.44895
66.885325
66.9718
67.01745
67.028775
67.325975
67.332375
67.39735
67.441775
67.635975
67.7837
67.8478
67.8492
68.3601
68.38625
68.48365
68.7069
68.806
68.84795
68.866125
68.9439
69.005925
69.30245
69.33165
69.396875
69.5622
69.58375
69.87705
69.959575
70.060475
70.132425
70.177
70.2294
70.3784
70.451575
70.46435
70.525875
70.546575
70.58765
70.65265
70.8287
70.958025
71.035
71.20865
71.394125
71.47165
71.475925
71.494425
71.5152
71.5573
71.7587
71.786675
71.805
71.8467
71.93505
71.952025
71.960525
71.96535
72.244175
72.271375
72.2744
72.292825
72.33085
72.362625
72.66305
72.665475
72.712125
72.77335
72.80835
72.98745
73.089375
73.214275
73.419125
73.540925
73.661275
73.9016
73.9608
74.188
74.22335
74.267075
74.445275
74.691525
74.735525
74.761125
74.80815
75.023425
75.3292
75.39405
75.426575
75.43475
75.437975
75.4615
75.4647
75.475725
75.490075
75.528175
75.69645
75.762125
75.7679
75.95895
76.21405
76.27915
76.600525
76.654825
76.68225
76.9785
76.9814
77.056875
77.104525
77.15875
77.271675
77.54385
77.734075
77.8652
77.92695
77.948125
77.9527
77.95885
77.97205
77.974125
78.00615
78.023075
78.087375
78.09505
78.34015
78.410525
78.43155
78.4643
78.483375
78.5292
79.153725
79.2237
79.26135
79.317825
79.36985
79.3809
79.416375
79.42225
79.47325
79.8686
79.91425
79.95485
79.993375
80.022225
80.115625
80.160075
80.17985
80.206425
80.5809
80.58875
80.6216
80.673025
80.715375
81.1285
81.222975
81.2417
81.278175
81.301325
81.3058
81.3197
81.323025
81.33825
81.3572
81.365075
81.369825
81.38075
81.66915
81.702225
81.759375
82.094325
82.14525
82.222275
82.361525
82.383525
82.4346
82.47945
82.49135
82.514825
82.54685
82.59865
82.698975
82.7243
82.73855
82.770725
82.783375
82.78735
82.7924
82.80525
82.82005
82.855125
82.88885
82.9074
82.9601
83.343625
83.366575
83.444125
83.45855
83.47175
83.545475
83.747175
83.776625
83.873575
84.067125
84.13485
84.168125
84.209675
84.2291
84.23655
84.33385
84.42345
84.43905
84.479375
84.58295
84.608475
84.64165
84.67355
84.705
84.71135
84.732
84.7628
84.91125
85.025125
85.028575
85.0415
85.058825
85.115825
85.158625
85.18355
85.226125
85.314175
85.3753
85.701575
85.719825
86.02735
86.1214
86.151225
86.15935
86.18745
86.1959
86.20615
86.227225
86.245425
86.252775
86.2882
86.341425
86.572725
86.75115
86.799825
86.815475
86.8401
86.87475
86.885825
86.9096
86.9365
86.939775
86.941025
86.97575
86.9994
87.0067
87.0126
87.020525
87.034475
87.10745
87.13145
87.14865
87.285625
87.342175
87.409375
87.532025
87.65445
87.74395
87.7863
87.881975
88.067225
88.102525
88.105425
88.114275
88.142875
88.183475
88.1869
88.24415
88.266175
88.31145
88.361175
88.406525
88.41095
88.429875
88.46875
88.5534
88.616125
88.90365
89.0279
89.05455
89.1086
89.12925
89.24445
89.270725
89.303475
89.308675
89.3255
89.329475
89.350575
89.354475
89.356075
89.36965
89.3767
89.403625
89.407575
89.424325
89.4379
89.4542
89.4972
89.536
89.5642
89.5763
89.59145
89.615425
89.629125
89.657925
89.6928
89.730175
89.81075
89.81445
89.853575
90.103825
90.119375
90.121275
90.144925
90.210525
90.251625
90.272475
90.47265
90.49995
90.509575
90.5173
90.534
90.56835
90.803075
90.87595
90.88515
90.900725
90.906
90.948225
91.056425
91.2916
91.29885
91.3196
91.34605
91.347375
91.353925
91.3607
91.4177
91.695975
91.92215
92.0374
92.046225
92.066825
92.08505
92.14145
92.411175
92.414275
92.43795
92.49315
92.78235
92.8361
92.8841
92.9888
93.01095
93.028025
93.077575
93.1454
93.1679
93.259825
93.318125
93.385
93.773575
93.79535
93.8049
93.80635
93.807375
93.824375
93.84655
93.865525
93.894225
93.9992
94.1563
94.2158
94.23405
94.26645
94.3036
94.3592
94.390075
94.4685
94.596825
94.6332
94.6884
94.711225
94.73235
94.78815
94.91605
95.284925
95.30645
95.326925
95.339725
95.381825
95.45915
95.552425
95.5886
95.593025
95.63405
95.694875
95.73865
95.776725
95.80905
95.83665
95.84055
96.154625
96.647275
96.804225
96.83315
96.848875
96.87145
96.9294
97.036575
97.255925
97.272825
97.274525
97.311525
97.320775
97.34655
97.41225
97.5427
97.64785
97.67835
97.6905
97.6996
97.7048
97.7089
97.710825
97.73065
97.7419
97.7514
97.795325
97.79945
97.98615
98.0107
98.0135
98.0594
98.12095
98.469925
98.4801
98.55415
98.779775
98.927025
98.9631
99.00465
99.379
99.3829
99.464275
99.5279
99.533325
99.732175
99.758
99.7818
99.821125
99.881125
100.00155
100.2383
100.27825
100.401125
100.437625
100.448725
100.4725
100.5828
100.671125
100.717775
100.743675
100.77035
100.950375
101.05675
101.067825
101.09145
101.12425
101.147025
101.1605
101.166725
101.198525
101.2056
101.2121
101.232175
101.253925
101.2694
101.2727
101.3121
101.360525
101.36345
101.5739
101.64935
101.666975
101.67505
101.773175
101.81615
101.984275
102.016275
102.03595
102.106125
102.203825
102.267975
102.346125
102.38055
102.55615
102.751375
102.7663
102.7894
102.81545
102.8415
102.931275
102.9361
102.9425
103.171225
103.222875
103.2529
103.307625
103.33975
103.38325
103.426525
103.4901
103.894775
103.912925
103.94545
103.954475
103.964375
104.000325
104.0729
104.166275
104.257925
104.413925
104.4459
104.467125
104.480025
104.4857
104.5228
104.5446
104.6025
104.7831
104.8354
105.033
105.1039
105.15505
105.2295
105.256675
105.26725
105.2737
105.28625
105.318125
105.377075
105.705325
105.715825
105.720225
105.740575
105.764375
105.769275
105.772675
105.7735
105.7798
105.781275
105.79055
105.79945
105.80485
106.278375
106.322175
106.34575
106.4784
106.752425
106.7894
106.8408
106.84895
106.90135
107.01955
107.028575
107.0846
107.357
107.422025
107.46895
107.475
107.50295
107.53385
107.577675
107.8138
107.872725
107.895075
107.899725
107.915375
108.0611
108.2582
108.288575
108.3085
108.31775
108.34915
108.394575
108.4472
108.566325
108.80675
108.82965
108.8726
109.06575
109.084325
109.086225
109.08855
109.094775
109.09635
109.105275
109.11045
109.114925
109.119825
109.166625
109.179675
109.219325
109.304275
109.405775
109.464675
109.598025
109.70835
109.74575
109.775325
109.853675
109.9304
110.009525
110.3074
110.40515
110.4274
110.478025
110.6462
110.655325
110.76605
110.8048
110.82435
110.833725
110.8454
110.85235
110.875925
110.888025
110.927875
110.934925
110.970075
111.395225
111.406525
111.438175
111.471975
111.515725
111.573275
111.79095
111.866325
111.914475
111.950325
111.96165
111.9945
112.3843
112.43095
112.5207
112.52725
112.724325
112.79365
112.826425
112.878725
112.8884
112.898175
112.906475
112.910475
112.9293
112.941075
112.9464
113.0052
113.0487
113.05785
113.204375
113.330575
113.5197
113.559075
113.748275
113.98065
114.03445
114.078
114.158
114.27185
114.35935
114.486
114.528825
114.65895
114.788575
114.861075
114.8653
114.911425
114.93855
114.945275
114.95565
114.95985
114.97055
114.99215
114.995375
115.0195
115.037
115.052375
115.05855
115.14395
115.196375
115.459425
115.54715
115.5712
115.630275
115.662125
115.6762
115.6889
115.76015
115.879175
116.080275
116.15415
116.155925
116.196875
116.338625
116.52755
116.589875
116.663275
116.68625
116.715125
116.7268
116.75725
116.828475
116.8315
116.870875
116.87775
116.920475
116.9986
117.096725
117.179375
117.321525
117.44905
117.522775
117.5282
117.55925
117.563475
117.5773
117.60025
117.63515
117.66025
117.693175
117.72805
117.7806
117.797025
117.8795
117.915675
117.936425
117.99945
118.3096
118.346825
118.3769
118.44515
118.52405
118.586625
118.661575
118.7285
118.7504
118.793575
118.822625
118.83425
118.8513
118.852675
118.8713
118.875275
118.887325
118.905575
118.90705
118.911
118.9161
118.931675
119.0094
119.44085
119.517375
119.571025
119.580125
119.61775
119.6326
119.641725
119.68555
119.7157
119.7674
119.7805
119.818875
119.833075
119.85975
120.183225
120.1997
120.217725
120.2191
120.23805
120.2922
120.390325
120.477975
120.544275
120.593925
120.639825
120.68675
120.710175
120.74465
120.805
120.954425
121.1045
121.1639
121.186125
121.228525
121.318175
121.53805
121.553925
121.5719
121.591175
121.6479
121.671
121.68415
121.68905
121.696975
121.71495
121.72795
121.750875
121.80175
121.8959
122.007725
122.259175
122.285375
122.31375
122.33515
122.35885
122.4153
122.465075
122.58935
122.65215
122.93055
122.941125
122.978975
123.002825
123.01725
123.03415
123.03615
123.089
123.208125
123.322775
123.389825
123.408725
123.448575
123.50945
123.5523
123.633825
123.72495
123.7553
123.7785
123.7854
123.833475
123.93425
123.992
124.049175
124.125275
124.350375
124.39595
124.47195
124.49635
124.558075
124.653425
124.694625
124.774225
124.803975
124.8601
124.90465
124.9131
124.965425
124.990725
125.138275
125.19675
125.239975
125.266375
125.28865
125.31955
125.355925
125.476025
125.7143
125.726
125.764225
125.817675
125.844175
125.940425
126.01065
126.2381
126.280525
126.296625
126.30075
126.31045
126.347725
126.40465
126.44875
126.49105
126.5509
126.6388
126.7459
126.84235
126.877925
126.889675
126.902475
126.905775
126.947025
126.983075
127.237325
127.268625
127.400525
127.41955
127.424075
127.46075
127.49955
127.510825
127.552975
127.688075
127.898175
127.921775
127.9338
127.958925
128.00395
128.031575
128.0536
128.06255
128.0851
128.105725
128.1131
128.1271
128.1306
128.147275
128.1812
128.213675
128.253075
128.304525
128.34325
128.427225
128.4606
128.482375
128.491
128.514875
128.69735
128.7983
128.8457
128.853875
128.9086
128.918725
128.9295
128.962625
128.976075
128.9794
128.988925
129.00985
129.042375
129.075
129.13895
129.193825
129.530025
129.601425
129.642725
129.665575
129.696425
129.744875
130.2564
130.2721
130.29415
130.32355
130.3537
130.390125
130.463975
130.5083
130.633325
130.66245
130.709425
130.750875
130.787875
130.809375
130.824025
130.830825
130.8342
130.87495
130.93085
131.065625
131.20425
131.209
131.212575
131.238525
131.2726
131.3338
131.4431
131.59805
131.665425
131.74285
131.7581
131.776425
131.789675
131.860575
132.032625
132.107075
132.2075
132.277625
132.2925
132.305175
132.3427
132.386
132.4586
132.56
132.718325
132.84315
132.874625
132.966125
132.970525
132.98475
133.104025
133.259525
133.3865
133.4569
133.47195
133.5309
133.629
133.665575
133.70805
133.841275
133.882825
133.9277
133.96685
134.030425
134.049625
134.0591
134.07145
134.0932
134.1779
134.187025
134.221775
134.2314
134.234
134.250425
134.296
134.315175
134.377575
134.432
134.5622
134.65925
134.82785
134.86705
134.9211
134.95075
134.996075
135.0396
135.061875
135.06865
135.07215
135.077025
135.1067
135.162975
135.2135
135.43975
135.51745
135.526975
135.547875
135.60515
135.852675
135.874
135.912625
136.00335
136.3804
136.42175
136.4678
136.504875
136.54595
136.617075
136.76815
136.8028
136.818875
136.8458
136.881625
136.910925
136.9413
136.988
137.03645
137.099125
137.493275
137.513975
137.522125
137.5257
137.539325
137.596925
137.6145
137.7402
137.8868
137.95005
137.951725
138.0099
138.138475
138.30305
138.30635
138.36445
138.3866
138.443625
138.484975
138.499175
138.7883
138.80505
138.832275
138.896775
138.9008
138.903375
138.909725
138.957775
138.990925
138.998825
139.00725
139.041625
139.1137
139.1316
139.167
139.250625
139.391425
139.3987
139.404075
139.505425
139.537875
139.63215
139.703775
139.842075
139.84605
139.8632
139.87115
139.8957
139.907125
139.90995
139.967325
140.01465
140.21695
140.278325
140.3455
140.38195
140.460875
140.51515
140.70325
140.787975
140.809425
140.8595
140.88865
140.925175
141.013225
141.22585
141.229975
141.260275
141.263625
141.27145
141.292325
141.295125
141.296425
141.372875
141.538425
141.73545
141.7495
141.7714
141.802525
141.823275
141.82835
141.8568
141.86025
141.9452
141.99435
142.238025
142.28265
142.3075
142.310775
142.361375
142.377375
142.381525
142.42385
142.483975
142.67215
142.837425
142.8921
142.9157
142.936625
142.9548
142.97855
143.049675
143.28225
143.4377
143.465775
143.50075
143.5444
143.571025
143.759575
143.883225
143.969425
144.252975
144.292975
144.300375
144.33715
144.37575
144.39965
144.40885
144.412425
144.415925
144.4964
144.75995
144.8105
144.8572
144.881175
144.908575
144.9144
144.964025
145.00745
145.118
145.229275
145.237425
145.2598
145.283125
145.313275
145.382775
145.486625
145.499525
145.547425
145.559775
145.590475
145.61165
145.892075
145.91585
145.98035
146.064475
146.091425
146.11435
146.1226
146.146675
146.14995
146.19035
146.222175
146.23255
146.275375
146.2874
146.30155
146.37645
146.383875
146.4148
146.428275
146.4909
146.517275
146.5474
146.58165
146.6292
146.6864
146.906425
146.966975
147.04155
147.063175
147.0666
147.0885
147.093825
147.1021
147.1063
147.120125
147.149725
147.163875
147.212975
147.23665
147.255475
147.37245
147.603175
147.64815
147.690775
147.7639
147.989325
148.04235
148.07565
148.086575
148.096325
148.1001
148.11885
148.132275
148.135175
148.1518
148.18825
148.21525
148.247825
148.272625
148.2821
148.436475
148.5321
148.589925
148.642125
148.6796
148.711875
148.732125
148.766875
148.79
148.81265
148.8568
148.897925
149.00355
149.0527
149.095075
149.166475
149.185975
149.24125
149.32045
149.4357
149.5185
149.56955
149.578975
149.59655
149.6301
149.68095
149.696725
149.70845
149.712525
149.72335
149.74065
149.7633
149.7673
149.780675
149.784
149.789525
149.8115
149.835375
149.84475
149.891375
149.897
149.900625
149.94365
149.985
150.017225
150.0365
150.0588
150.062575
150.08025
150.08455
150.101425
150.135675
150.173675
150.23525
150.28465
150.30265
150.37575
150.529775
150.63075
150.68415
150.7301
150.748325
150.7944
150.82015
150.847225
151.183275
151.22965
151.241125
151.273275
151.3102
151.4204
151.46575
151.5128
151.518725
151.562075
151.571125
151.580825
151.59195
151.616825
151.652475
151.6785
151.706775
151.7637
151.80545
152.03995
152.0494
152.0694
152.086825
152.099775
152.166
152.237725
152.466025
152.4865
152.4948
152.506625
152.508425
152.527825
152.53585
152.548525
152.577575
152.627875
152.650375
152.728375
152.7497
152.9079
152.93745
152.96705
153.14295
153.258675
153.29365
153.325925
153.331875
153.341725
153.34975
153.3789
153.388125
153.4095
153.59775
153.75075
153.77495
153.7786
153.83005
153.8721
153.918625
154.017625
154.18245
154.249975
154.27425
154.29195
154.3649
154.4479
154.492325
154.59895
154.6213
154.642375
154.66615
154.6981
154.74025
154.823975
154.843575
154.8455
154.865025
154.958275
155.00805
155.0827
155.104775
155.107375
155.115225
155.132875
155.158275
155.18725
155.318075
155.60775
155.645925
155.654275
155.66335
155.686125
155.73425
155.779075
155.890675
156.0417
156.04925
156.083675
156.1306
156.183625
156.323125
156.433375
156.471325
156.57335
156.59785
156.6331
156.650525
156.658625
156.687575
156.8681
157.1802
157.4185
157.42185
157.447975
157.470425
157.480425
157.490825
157.505475
157.55395
157.5933
157.7627
157.890575
157.920075
157.923725
157.958525
157.965075
157.982675
158.02285
158.0517
158.057675
158.06375
158.073525
158.10895
158.160775
158.221325
158.3656
158.409175
158.4485
158.475275
158.496025
158.559025
158.59865
158.670775
158.75315
158.7567
158.973925
159.056225
159.059775
159.0884
159.126925
159.177275
159.183075
159.188225
159.2057
159.212625
159.226625
159.23985
159.246775
159.269825
159.278025
159.301475
159.305175
159.310875
159.366875
159.504025
159.534375
159.5501
159.58305
159.633725
159.656025
159.702275
159.76965
159.860475
160.1768
160.311325
160.324525
160.356475
160.36655
160.403625
160.432225
160.4461
160.459025
160.8192
160.828
160.8463
160.88835
160.9148
160.9634
161.0335
161.0573
161.065975
161.21915
161.29825
161.30285
161.322
161.33305
161.3693
161.485475
161.58205
161.6842
161.7158
161.7279
161.73365
161.779525
161.795575
161.84015
161.97125
162.129575
162.269775
162.284475
162.3032
162.34095
162.3648
162.4117
162.434175
162.468925
162.5019
162.573775
162.5925
162.742075
162.84025
162.8834
162.898725
162.9015
162.9051
162.919075
162.922975
162.955975
162.970625
162.992625
163.0227
163.14795
163.2017
163.247225
163.26955
163.300225
163.3334
163.3704
163.48105
163.5368
163.6399
163.751175
163.7551
163.800075
163.83425
163.84925
163.8529
163.8797
163.913275
163.95295
163.996875
164.097125
164.167525
164.265025
164.3486
164.39665
164.423925
164.45805
164.4987
164.5282
164.555975
164.58565
164.62645
164.655125
164.85845
164.886725
164.899125
164.901725
164.914525
164.920075
164.94565
164.96815
165.000275
165.13155
165.144525
165.3113
165.3551
165.68385
165.73075
165.781225
165.7829
165.818125
165.8193
165.91025
166.093125
166.134275
166.164825
166.2049
166.234525
166.274125
166.282825
166.321425
166.353375
166.436825
166.490275
166.616825
166.622425
166.7144
166.76055
166.77665
166.793
166.818525
166.865525
166.868425
166.896675
166.90815
166.947325
166.958875
166.971875
167.0528
167.08015
167.210775
167.21645
167.3417
167.427225
167.4653
167.50695
167.52665
167.595875
167.88595
167.9562
168.020275
168.061675
168.064975
168.111825
168.116175
168.1593
168.511175
168.5534
168.600725
168.60495
168.6452
168.668125
168.671975
168.6749
168.699825
168.736575
168.81015
168.97835
169.004775
169.074
169.113875
169.1298
169.1463
169.156175
169.1643
169.165175
169.20085
169.2232
169.232125
169.2456
169.249275
169.301325
169.32395
169.345325
169.3664
169.44025
169.599725
169.69015
169.74165
169.787975
169.8676
170.066975
170.15565
170.18265
170.269475
170.2931
170.333
170.3636
170.388575
170.392175
170.4241
170.478275
170.535175
170.59075
170.898525
170.934825
170.99455
171.0183
171.026
171.04035
171.14965
171.232275
171.2372
171.26665
171.274575
171.287625
171.327675
171.366875
171.42685
171.52055
171.627525
171.689775
171.6919
171.714475
171.721
171.7578
171.768325
171.7941
171.84895
171.934
172.04565
172.1968
172.207925
172.2555
172.296525
172.34245
172.37035
172.44
172.461125
172.504125
172.5866
172.64135
172.652625
172.6851
172.736025
172.812675
172.857575
172.88935
172.9117
172.944875
172.97995
172.983775
173.069775
173.07655
173.130275
173.2067
173.3478
173.421775
173.51995
173.594
173.689175
173.813475
173.876175
173.919025
173.947875
174.017225
174.04185
174.05535
174.0585
174.083825
174.092725
174.162525
174.1681
174.17355
174.2154
174.292525
174.311425
174.37055
174.374025
174.6486
174.692275
174.726975
174.742825
174.76935
174.84295
174.911075
175.138025
175.181575
175.20675
175.241125
175.26125
175.2711
175.3045
175.33475
175.367725
175.47865
175.5205
175.56035
175.5908
175.662675
175.742125
175.891075
175.89375
175.89705
175.91075
175.95725
175.98425
176.0143
176.041825
176.119775
176.14845
176.1521
176.243525
176.32415
176.402525
176.4288
176.452575
176.487475
176.5399
176.628475
176.735675
176.86565
176.902075
176.9445
176.9715
176.9982
177.009525
177.061425
177.122275
177.198275
177.253325
177.27065
177.5052
177.5084
177.5108
177.519675
177.529925
177.555375
177.574875
177.596
177.601475
177.626775
177.6806
177.689375
177.6932
177.7398
178.067675
178.139675
178.178825
178.187675
178.29045
178.3477
178.479325
178.511775
178.516375
178.543725
178.595325
178.638725
178.649575
179.0487
179.0553
179.125875
179.12965
179.133175
179.144125
179.27825
179.30325
179.4035
179.54975
179.6111
179.623825
179.628
179.657325
179.8718
179.971975
180.0563
180.07205
180.0953
180.14105
180.35505
180.39335
180.432625
180.43495
180.451825
180.455575
180.466175
180.491325
180.513025
180.523825
180.57475
180.611
180.655375
180.69925
180.7545
180.75915
180.768125
180.78365
180.8358
180.882875
180.925025
180.962875
180.99305
181.05215
181.094575
181.16815
181.362775
181.41345
181.508475
181.54535
181.594925
181.6421
181.7678
181.93855
181.959225
181.998975
182.050325
182.05995
182.0629
182.09735
182.103475
182.2044
182.316625
182.36365
182.386
182.389075
182.430175
182.453275
182.6224
182.79395
182.893675
182.936425
182.94205
182.967075
182.989975
182.999175
183.02985
183.062475
183.503525
183.522725
183.53355
183.54385
183.575875
183.598675
183.6268
183.6314
183.6515
183.6765
183.710175
183.8063
183.858925
183.8627
183.950425
183.9805
183.984875
183.98825
183.99165
184.022775
184.120825
184.1855
184.263675
184.3422
184.361425
184.389625
184.427675
184.43155
184.476775
184.5162
184.570925
184.67995
184.68685
184.776375
184.8195
184.868025
184.917225
184.952975
184.955525
184.96465
184.980675
185.098
185.11665
185.1371
185.144275
185.148025
185.166475
185.1881
185.202525
185.2047
185.235675
185.269225
185.346025
185.4603
185.665775
185.746825
185.7687
185.794425
185.835125
185.89325
186.18055
186.23775
186.27535
186.3343
186.362525
186.5041
186.5592
186.6183
186.769525
186.84105
186.8715
186.9804
187.0355
187.139775
187.174475
187.18055
187.238425
187.267675
187.277675
187.295825
187.32
187.41365
187.48335
187.7698
187.775275
187.791275
187.80065
187.815825
187.81715
187.823125
187.82995
188.1122
188.146375
188.213725
188.218075
188.3071
188.5073
188.538025
188.579225
188.617125
188.673825
188.8269
188.850475
189.023
189.0664
189.093825
189.09665
189.126025
189.132825
189.154875
189.2028
189.270475
189.524175
189.527
189.544225
189.567575
189.58455
189.676525
189.719675
189.79335
189.88925
189.9382
189.943575
189.947925
190.06705
190.15905
190.201575
