0.908125
2.567875
3.389325
3.42305
4.720375
5.711325
5.71615
5.71825
5.723325
6.804825
6.8913
7.411125
7.415575
7.420025
8.19825
8.846075
10.923075
14.91495
14.994925
15.072325
17.43065
17.434
18.347625
30.0584
30.147075
30.964
33.608375
33.7594
34.627675
34.63105
36.043225
36.0467
36.050125
36.6999
36.7039
36.7563
37.03375
37.06855
37.093725
37.10265
37.129575
37.1377
37.150425
38.170825
38.173475
38.176475
40.964675
41.052575
41.73965
42.2924
51.788975
52.65265
54.32235
54.325675
54.91885
55.100025
55.128725
55.711975
55.715575
60.885625
60.908275
60.965275
62.3406
64.107275
64.870175
65.581775
66.381425
67.69105
67.694625
68.42695
68.532275
71.080325
71.0843
75.360725
76.96865
76.972375
77.090475
77.137025
77.71185
78.312075
79.4114
79.4199
79.793325
79.9488
81.5633
82.314925
82.394975
82.404675
83.44965
83.45295
83.718325
83.783825
83.930325
83.95335
84.0809
84.211075
84.374025
84.567575
84.574575
84.59145
84.619175
84.717125
84.9264
84.9659
85.0723
85.086175
85.098375
85.1038
85.116175
85.199925
85.223825
85.34765
85.3813
85.395325
85.4102
85.5964
85.59955
85.603525
85.716275
85.72235
85.737375
85.745975
85.7563
85.773025
85.807775
85.9549
85.996575
86.216075
86.219125
86.223375
86.2261
86.241975
86.29365
86.30195
86.3139
86.32875
86.3438
86.395975
86.414375
86.427575
86.437075
86.449825
86.4817
86.515
86.536925
86.738925
86.74425
86.76115
87.533725
87.536175
87.5388
87.542375
88.173775
88.176825
88.1809
88.249075
88.2697
94.681275
96.1259
96.927125
97.37665
97.380025
105.9315
105.935175
115.07025
115.622475
117.761625
117.79995
119.25735
119.261925
120.3727
121.9912
128.1868
128.2341
134.2692
135.877675
145.147
148.739625
148.742525
148.74595
148.74995
149.76305
149.836775
149.965175
150.14505
150.27115
150.4531
150.46395
150.596
150.61015
150.6253
150.69715
150.806775
150.858525
150.96505
151.128175
151.1948
151.197475
151.31685
151.3449
151.37255
152.084675
152.96385
153.149775
153.15245
153.155475
153.292175
153.5565
153.5597
153.8493
154.047975
154.267825
154.32535
154.40995
154.5514
154.8388
154.94255
155.05555
155.2249
155.56455
155.5847
156.0898
156.472675
156.48945
156.492275
156.495475
156.999575
157.002025
157.004575
157.007725
157.01105
157.2048
157.2364
157.25735
157.35525
157.3646
157.38665
157.39055
157.4038
157.4171
157.4361
157.486375
157.505475
157.512675
157.53645
157.545075
157.55425
157.562225
157.57325
157.5881
157.6124
157.62705
157.634975
157.64595
157.654175
157.666125
157.707775
157.7125
157.7227
157.732025
157.7403
157.775225
157.79385
157.799975
157.809875
157.814625
157.83585
157.839675
157.845925
157.850075
158.52625
158.52855
158.531
158.533975
158.81495
158.817675
158.8209
159.146425
159.14895
159.151725
160.87
160.871875
160.87465
161.682225
161.685425
162.217925
163.969325
164.2866
164.839925
165.0885
165.116725
165.470925
165.475025
165.5596
165.782425
166.26485
166.272225
166.41715
166.9024
166.905625
166.931475
166.9575
166.960225
167.376225
167.779175
168.10665
168.157475
168.378225
168.3823
168.598725
168.605925
168.613725
168.661775
168.67355
168.684575
168.694525
168.7063
168.7268
168.756275
168.7648
168.7985
168.8178
168.857725
168.8755
168.88875
168.89405
168.90635
168.938975
168.99855
169.009225
169.017575
169.0216
169.057
169.0607
169.070475
169.086775
169.09215
169.099925
169.104475
169.111625
169.615975
169.618575
169.62165
170.06605
170.351125
170.353675
170.356275
170.5607
170.574125
171.22725
172.417125
172.543125
172.54615
174.140725
174.299475
174.3281
174.850275
174.958475
175.1382
175.2072
175.297525
175.5245
175.62595
175.931425
175.946975
175.975125
176.130525
176.20575
176.356775
176.47385
176.636
176.6532
176.921375
176.92585
176.9333
177.302825
177.5287
177.532475
177.562375
177.64125
177.9154
178.119625
178.14625
178.169875
178.2021
178.250575
178.36495
178.3949
178.4248
178.452775
178.4668
178.50155
178.8211
178.83515
178.844025
178.868675
178.9046
178.9436
178.96845
179.184
179.1938
179.198275
179.2062
179.227125
179.23605
179.2794
179.284675
179.3119
179.3487
179.3568
179.370675
179.38395
179.398525
179.42075
179.4699
179.49765
179.545425
179.552925
179.56545
179.57745
179.587725
179.592275
179.598575
179.606125
179.65735
179.66555
179.677275
179.681125
179.707975
179.7277
179.7358
179.744775
179.74845
179.751775
179.758675
179.816725
180.019525
180.02725
180.035175
180.03995
180.0486
180.062
180.066775
180.082175
180.087125
180.10055
180.2928
180.299375
180.35675
180.739725
180.74205
180.74445
181.119
181.121325
181.123725
181.126575
181.68635
181.688975
181.691675
181.69525
182.458625
182.624825
183.412925
183.478175
184.426725
184.4296
184.4327
184.44715
185.110675
185.114
185.131075
185.3385
185.52815
185.5983
185.75595
185.958525
185.993325
186.250025
186.286175
186.29595
186.32555
186.62535
186.68155
186.76525
186.816625
187.1128
187.266175
187.392625
187.879925
188.618
189.073125
189.085375
189.1226
189.24755
189.263125
189.27005
189.286925
189.30795
189.31715
189.343175
189.360925
189.37245
189.3998
189.4042
189.42885
189.444075
189.462125
189.487375
189.509625
189.533025
189.541325
189.579825
189.59595
189.616275
189.6207
189.638375
189.643925
189.64775
189.660675
189.694575
189.730925
189.7578
189.761425
189.793625
189.80055
189.8096
189.8195
189.8312
189.846525
