0.023675
0.029875
0.740375
1.967325
1.9705
1.975725
1.979075
2.458325
2.462
2.46495
2.468125
2.472825
2.475725
2.4792
2.48775
2.831075
2.833825
2.8408
3.64965
3.652275
3.6629
3.667925
4.0538
4.46655
4.47015
5.23535
5.23845
5.24365
5.251825
5.255625
5.7791
5.8628
6.436725
6.43975
6.7364
7.08635
9.152675
9.15555
9.16
9.1628
9.16725
10.627875
10.63155
11.92955
11.932025
11.93465
11.938325
11.942925
12.32405
12.32695
12.331675
12.348225
14.796975
14.801675
15.13535
15.745375
15.7484
15.751575
15.756725
15.76
15.97445
15.9787
15.9851
16.727425
16.760525
16.774325
17.272875
17.2755
17.2782
17.285725
17.290325
17.554825
17.559675
17.599425
17.651475
18.005725
18.00915
18.011725
18.01805
18.7913
18.795425
18.800925
19.102725
19.1132
19.87295
19.87575
19.878925
19.88175
19.892675
20.0109
20.013825
20.01785
20.02405
20.36485
20.37325
21.18725
21.191575
21.196275
21.362825
21.369225
22.1218
22.125375
22.132425
22.83595
22.8393
23.19905
23.2014
23.206925
23.23495
23.943075
24.13705
24.659225
24.66485
24.66745
24.670125
24.676325
25.067825
25.071475
25.078675
25.8571
25.85985
25.86195
25.865475
25.870775
26.07345
26.6332
26.6361
26.639525
26.64435
26.650725
26.977975
26.98145
26.985825
26.998375
27.433075
28.313875
28.316825
28.3191
28.3237
28.331775
28.608375
28.99085
29.39885
30.148875
32.384925
33.157325
33.16055
33.1663
33.171575
33.689225
33.69985
33.7046
33.71275
33.79705
34.804425
34.806725
34.809075
34.81155
34.814075
34.817475
34.8209
34.828075
34.947075
34.950575
34.954675
34.993825
35.553675
35.555925
35.558825
35.563675
35.5803
35.618775
36.155675
36.159125
36.433625
36.436
36.43965
36.453325
37.0027
37.005825
37.612725
37.64425
37.648575
37.65335
37.812725
37.8237
38.08455
38.0882
38.099725
38.837475
38.841925
39.525525
39.76715
39.770425
39.7729
39.77825
41.51355
41.856425
41.86085
41.863725
41.86915
41.921325
41.93275
42.537325
42.540625
42.544125
42.551125
42.99265
42.99555
42.9996
43.001925
43.005475
44.327525
44.5075
44.51135
44.514175
44.520225
44.52485
45.0971
45.100075
45.102975
45.105625
45.1128
46.229525
46.2325
46.23545
46.2406
46.24805
47.0797
47.434825
48.396375
49.108275
52.08255
52.08635
52.0893
52.0969
53.404825
53.40845
53.41275
53.415075
53.421475
53.42515
53.433275
53.7504
53.9212
53.93055
53.93345
53.937275
53.9675
54.946725
55.0096
55.01825
55.344925
55.35615
55.36085
55.37265
56.209825
56.221325
56.224825
56.2343
56.41735
56.421075
56.423575
56.4819
56.4861
56.490925
56.821025
56.823625
56.829925
57.0185
57.029
57.0364
57.4883
57.491075
57.498125
57.507375
57.5169
57.569525
57.576625
57.5811
58.353975
58.357075
58.36055
58.3628
58.5581
58.7704
58.775025
58.7796
59.235325
59.38635
59.38995
59.4002
59.903275
59.90615
59.9121
59.917125
60.429575
60.43235
60.4349
60.446025
60.494
60.501225
60.5123
60.80645
60.8101
61.131075
61.136025
61.14065
61.148825
62.0539
62.05785
62.673375
63.249525
63.254225
63.37455
65.81745
66.95975
66.964475
66.968075
66.9752
68.9826
69.0003
69.16885
70.728225
70.731725
72.017725
72.027075
72.9428
72.9475
72.956
72.9607
74.352175
75.311875
75.8924
76.285125
77.4792
79.120925
80.222775
80.22645
80.2343
80.23785
80.33605
80.340975
80.3583
81.045375
81.8803
81.884425
82.2433
82.24605
82.250475
82.255125
82.262425
82.275225
82.279625
82.45305
82.463825
82.469575
82.473325
82.674675
82.678325
82.6817
82.691575
82.6952
82.70225
82.7766
82.7956
82.8022
83.410575
83.413775
83.4179
83.4247
83.43145
83.72235
83.822225
83.8251
83.8288
83.831675
83.835025
83.84365
84.024825
84.031475
84.184175
84.1965
84.952275
84.9554
85.550875
85.553875
85.556875
85.559775
85.564725
86.099325
86.1027
86.548325
86.947375
87.1459
87.150025
87.488325
87.4913
87.49605
87.50395
89.27675
89.384225
89.419975
89.428125
89.434625
89.438725
89.4486
90.19475
90.198025
90.202425
90.2123
90.213975
90.30255
90.369475
90.9246
91.644375
91.6504
92.378425
92.3851
92.39415
92.877525
92.88125
92.88495
93.836575
94.575925
94.579975
94.586525
94.59475
95.1589
95.1625
95.317975
95.812325
96.14845
96.532825
97.32385
98.197875
98.201875
98.208525
98.2179
99.410525
99.41795
99.63525
99.6389
99.650975
101.097525
101.674075
101.8697
102.179275
102.4686
102.47535
102.48225
103.30565
103.77695
103.780275
103.784525
104.34025
105.128125
105.25785
105.26655
105.770075
105.788475
105.797125
105.801175
105.8114
106.2196
107.07565
107.080175
107.182525
108.6223
108.6254
108.62775
109.034375
109.037625
109.041575
109.05755
109.89735
109.90205
109.9125
109.91775
109.921225
109.93135
110.07405
110.0791
110.10905
110.74765
110.750325
110.75325
111.468775
111.471825
111.47435
111.476825
111.480525
111.48585
111.5049
112.401875
112.949575
112.9666
112.9711
112.983475
112.98505
112.989175
113.946125
114.44405
114.4481
114.451925
114.459475
115.0189
115.0323
115.0384
115.50875
115.5116
115.515
115.522325
115.831675
115.834925
115.8373
115.8402
115.845325
116.397375
116.401125
116.407725
116.928625
116.932275
116.93695
116.9438
117.245325
117.263025
117.502675
117.63925
117.64825
117.93405
118.121575
118.125375
118.2114
118.289475
118.8417
118.845075
118.881075
118.89165
118.89485
119.28085
119.288425
119.294025
119.6734
119.6771
119.696625
120.718275
120.721825
120.7247
120.735275
121.50625
121.5094
121.515825
121.76475
121.769075
121.78285
122.3719
123.003725
127.202175
127.41985
129.554225
129.692675
129.740675
129.74725
129.756675
129.827375
130.338775
130.34255
131.602525
131.6061
132.1579
132.41155
132.415475
132.421275
132.4244
132.4292
133.995625
135.111625
135.418775
137.7012
137.70665
137.7141
137.717425
137.720975
137.729
137.902725
138.131575
139.291325
139.293625
139.298275
139.3032
139.315875
139.68555
139.693125
140.605525
140.60835
140.610475
140.614475
140.618025
140.6213
140.6281
140.979025
140.98235
140.9861
140.993925
142.22975
142.234425
142.68995
142.8841
142.891675
142.903475
143.4077
143.41175
145.4766
145.8769
146.0575
146.06035
146.063825
146.069325
146.0742
146.44545
146.448
146.450975
146.456725
146.461175
147.718775
148.752225
149.95535
149.95985
150.0333
150.0384
150.0971
150.333075
150.3368
150.352275
150.3741
150.711
151.211325
151.248575
151.26245
151.27065
151.283775
151.292125
151.297475
151.30545
151.5102
151.526725
151.59165
151.616825
151.664725
152.1454
152.148575
152.1526
152.15525
152.7286
153.0194
153.02235
153.028775
153.03845
153.2558
153.259525
153.268
153.276575
153.83375
153.837525
153.8432
153.9617
153.9656
153.980275
154.11065
154.117075
154.1283
154.44555
154.4488
154.45415
154.46575
155.138075
155.140975
155.152775
155.443575
155.649275
155.6535
155.656175
155.7729
155.78595
155.94885
156.537325
156.54145
156.57015
156.5819
156.58855
158.163925
158.167475
158.17345
158.180225
158.1879
158.87515
158.87755
158.880875
158.88825
158.890775
158.894725
158.900275
159.1367
159.13995
159.148075
160.023
160.026975
160.348275
160.900725
160.904525
161.3499
161.3528
161.3562
161.371725
161.63515
161.638975
161.644175
161.648075
161.65205
162.097475
162.792575
162.80565
163.551275
163.8609
166.204025
166.2078
166.212325
166.226
166.80155
166.81315
167.320325
167.323825
167.329275
167.332
167.5598
167.567675
167.957825
167.964075
169.24645
169.2569
169.66875
169.697175
170.216025
170.228
171.155225
171.24395
171.251675
171.9104
171.914275
171.91905
171.9284
172.55975
172.56265
172.56685
172.573175
172.578175
172.64475
173.059975
173.07285
173.07695
173.08995
173.09745
173.11515
173.13105
173.41515
174.038975
174.04215
174.377125
175.319875
175.5143
175.51765
175.5228
175.5321
175.538025
175.993875
176.002775
176.0071
176.158975
176.16235
176.1782
176.186925
176.19685
176.2112
176.215875
176.619825
176.623275
176.9619
176.98195
176.987575
176.995075
177.346125
177.513625
177.828875
177.85655
177.860275
177.863275
177.86905
177.8761
177.8829
178.381525
178.384375
178.387275
178.393425
178.4061
178.735875
178.7422
178.751325
178.755925
179.2731
179.275475
179.2786
179.2808
179.286525
179.71905
179.7278
179.73215
180.38335
181.38775
181.5876
181.5912
181.593525
181.599875
181.60895
182.0016
182.00605
182.0133
182.182275
182.18745
182.194275
182.364675
182.9112
183.463425
183.475825
183.48335
183.722725
183.72595
183.8225
183.8271
183.831025
183.839425
184.0495
184.053725
184.77865
184.7837
184.79325
184.894
184.903925
184.909925
185.1785
185.1843
185.1898
185.19825
185.208175
185.222225
185.517925
185.520875
185.524625
185.539025
185.61785
185.626475
185.738125
186.3158
186.6323
186.635525
186.638375
186.646525
187.33025
187.3335
189.49295
189.505775
189.597225
189.7713
189.7831
190.0824
