0.25695
0.259375
0.2618
0.264725
0.26825
0.309825
0.518875
0.521375
0.7225
0.7259
1.4462
1.44895
1.4518
1.923675
1.927125
2.38885
2.41855
2.421625
2.42695
2.843275
2.846825
3.013625
3.3538
3.62005
3.62375
3.627675
4.06465
4.08205
4.08745
4.3775
4.381025
4.3871
4.7889
4.998675
5.001325
5.00415
5.007325
5.01925
5.52945
5.5324
5.5353
5.5392
5.68385
5.698075
6.275575
6.27825
6.280475
6.283975
6.6291
6.632
6.634875
6.6393
6.6517
7.00105
7.26605
7.28275
7.907775
7.91015
7.912525
7.9149
7.91775
7.921875
7.93315
8.74195
8.744625
8.74725
9.05495
9.70005
9.70295
9.910725
10.4811
10.544
10.7742
11.74505
11.7482
13.4655
13.4693
13.541575
13.9435
13.9472
13.9592
13.962125
13.9634
13.9654
13.968075
13.972275
14.18485
14.699875
14.833525
14.959775
14.966525
15.1312
15.1426
15.4883
15.824975
15.82795
15.830925
15.83495
15.9818
16.289675
16.29225
16.29485
16.298375
16.30445
16.5897
17.234225
17.965475
17.968225
17.970575
17.973575
17.976225
17.985625
18.1402
18.145975
18.7008
18.797925
18.805475
18.819425
18.855675
18.8619
19.705475
19.708375
19.7116
20.169
20.42465
20.428425
20.431425
20.683275
20.686525
20.6914
21.33345
21.753825
21.757
21.7605
21.766175
21.789125
21.794075
21.8004
22.288825
22.291875
22.833125
23.006875
23.01675
23.033825
23.0502
23.147675
23.15225
23.157225
23.1619
23.51465
23.517625
23.5211
23.524575
23.9139
23.916725
23.91965
24.107625
24.119125
24.12665
24.13025
24.502525
24.9656
24.968975
26.064725
26.06815
26.193525
26.19785
26.204875
26.5878
26.59115
26.594575
26.8843
26.88755
26.890975
26.90055
27.55945
27.562575
27.566775
28.32825
28.654425
28.70755
28.93825
28.941725
28.945325
29.36785
29.371125
29.37525
29.95605
30.15325
30.161125
30.6639
31.790425
32.378125
32.391075
33.27165
33.28865
33.407525
33.801325
33.807925
34.049675
34.0524
34.05495
34.05815
34.0615
34.5828
34.58595
34.89255
34.8956
34.90025
35.610325
35.61355
35.6259
35.654275
35.658425
36.01835
36.021075
36.02395
36.040125
36.42685
36.430325
36.4656
37.01435
38.0169
38.503475
38.506675
38.511
38.84525
38.8512
39.401925
39.775725
40.1649
40.681925
40.8504
41.1651
41.172175
41.18825
41.378425
41.3837
41.39045
41.595225
41.8593
42.1095
42.1122
42.115125
42.121775
42.98835
43.082925
43.584825
44.33025
44.332575
44.335625
44.339575
44.3451
44.605525
44.74765
44.75265
44.756575
44.759375
45.640225
45.8086
46.7668
47.311475
47.317575
48.152975
48.1856
48.2949
48.880775
48.8834
48.88565
48.8885
48.89245
49.0969
49.101925
49.4559
49.45985
49.470125
49.804575
49.807775
49.811975
50.34275
50.345825
50.3488
50.35125
50.8767
50.879425
50.88265
50.8906
51.8132
51.81635
51.81925
51.839625
52.2215
54.273025
54.2761
54.27845
54.291025
54.741825
54.74585
55.348675
55.391025
55.411475
55.69225
56.19905
56.20215
57.207075
57.210275
57.214175
57.493725
57.5385
57.7133
58.3735
58.7131
58.71735
59.29055
59.294775
60.03065
60.987
60.990375
61.003125
61.17785
61.18135
61.50125
61.518875
61.604375
62.254925
62.67725
62.679925
62.6826
62.685875
63.062625
63.067125
63.0827
63.38865
63.7601
63.764325
63.77075
63.8853
65.422425
65.426075
65.601375
65.609025
65.62405
65.65565
65.8273
66.27095
66.2735
66.276175
66.280475
66.423975
66.427575
66.4302
66.4402
66.744825
66.7474
66.750025
66.75375
66.798175
66.804575
66.812175
66.892925
66.93465
66.940975
67.249525
67.2522
67.2551
67.698425
67.7011
67.7042
68.15065
68.153975
68.57735
68.58145
68.58485
68.588325
68.594625
68.964425
68.968575
69.00865
69.159625
69.162725
69.1794
69.770275
69.773125
69.776625
70.314125
70.392925
70.401575
70.407175
70.663275
70.680625
70.94775
70.950575
70.953775
70.957775
70.971125
71.084975
71.089475
71.0991
71.4591
71.4623
71.9111
71.91435
72.0215
72.160975
72.16455
72.169975
73.93995
73.945725
74.5099
74.514225
74.5187
74.941925
74.945175
74.947925
74.95045
74.95435
74.9603
75.026925
75.033075
75.260525
75.263375
75.2662
75.271875
75.887375
75.890525
76.003275
76.00685
76.0111
76.012275
76.0182
76.024375
76.030975
76.261375
76.264425
76.26785
76.277025
76.623975
76.627825
76.86425
76.866975
76.869875
76.8726
77.396275
77.5828
77.604125
77.608525
77.97445
77.977225
77.98055
78.24875
79.9011
79.9044
79.919725
79.923
79.92875
80.019175
80.4281
81.0484
81.051175
81.054875
81.064575
81.335175
81.339575
81.560125
81.565725
81.614125
81.617625
81.632925
81.720725
81.724425
81.7293
81.73655
82.10055
82.1033
82.1054
82.107725
82.112775
82.369225
82.373525
82.60995
82.613175
82.7709
82.80045
82.966475
82.9725
83.315175
83.331275
83.336475
83.340375
83.6801
83.682475
83.6849
83.6876
83.6924
83.71675
83.737375
83.866825
84.20085
84.20385
84.20725
84.2311
84.23985
84.252675
84.25725
84.263125
84.26785
84.530325
84.53285
84.5355
84.539125
84.5447
84.798925
84.801825
84.804925
85.47795
85.7211
85.724025
85.72775
85.732525
85.735875
86.000875
86.51505
86.5186
86.5411
86.856775
86.8597
86.8634
87.60625
88.0359
89.070425
89.07515
89.357075
89.377275
89.389625
89.4534
89.462575
90.216625
90.2194
90.314875
90.34315
90.347575
90.929475
90.93305
91.3472
91.350425
91.908775
92.033625
92.042175
92.05205
92.0587
92.0656
92.3554
92.887075
92.89
92.89225
92.895525
92.9008
93.818925
93.829175
93.8325
94.215225
95.354875
95.3582
96.13215
96.13885
96.521975
96.524825
96.527775
96.848825
96.85265
97.40525
97.469625
97.834275
98.21405
98.58465
99.082825
99.613525
99.61865
99.9065
99.910375
99.91415
99.919275
100.540775
101.14255
101.147425
101.1515
101.783525
101.786525
101.7902
101.794175
102.59715
103.186675
103.1892
103.19175
103.1946
103.197425
103.2035
103.417475
103.42175
103.42435
103.4284
103.43215
103.436575
103.445525
103.54485
103.588825
103.8
103.804175
103.80865
103.81515
104.410475
105.061275
105.06485
105.121975
105.479475
105.48245
105.485425
105.48905
105.494425
105.77395
105.8935
105.899825
106.01045
106.722125
107.40105
107.830125
107.832575
107.83795
107.8423
108.0731
108.07645
108.349425
108.353275
108.3568
108.632325
108.8685
108.8727
108.87885
108.89175
109.06415
109.08185
109.3049
109.67725
109.68035
109.683725
109.68785
109.92795
110.756525
111.760825
111.77875
112.3924
112.7824
112.7862
112.957975
113.76115
113.795475
114.1836
114.795625
114.79805
114.801325
114.80435
115.0409
115.045275
115.611775
117.508475
117.825825
117.829975
117.839325
117.910025
118.2725
118.760025
118.76345
118.770325
119.0857
119.28405
119.401
119.682675
120.24165
121.173275
121.17635
121.179175
121.52395
122.264375
122.2689
122.448025
122.457275
122.4627
122.472
122.968925
123.2147
123.2184
123.22165
123.224475
123.238375
123.4474
123.463675
123.91215
123.915425
124.091075
124.098375
124.44765
124.97695
125.121575
125.743325
125.7462
125.75415
125.76125
126.08275
126.0862
126.091575
126.662425
126.6701
126.920475
126.928725
127.2194
127.40655
127.6867
127.7878
127.79225
127.8011
128.101775
128.1128
128.160775
129.03145
129.6947
129.698225
129.705825
129.710925
129.7536
129.804025
129.911025
129.914475
130.7798
130.7836
131.065
131.067675
131.070625
131.46085
131.576
132.05935
132.06285
132.07855
132.61615
132.619175
132.6227
132.633325
132.875875
132.87965
132.886275
133.51205
133.53265
133.6096
134.086
134.914925
134.97695
135.1028
135.10925
135.11905
135.772175
135.886675
136.2931
136.710475
136.7152
137.660375
138.050225
138.558725
138.56265
138.56555
138.572575
138.720375
138.727775
139.065825
139.768025
139.77205
139.885725
140.245725
140.249325
140.252225
140.257825
140.647425
141.1425
141.14575
141.1487
141.152025
141.155675
141.5381
141.828175
141.83165
141.84735
142.320975
142.324425
142.33935
142.422725
143.14355
143.148125
143.15195
143.1617
143.871175
143.873925
143.87635
143.88025
144.242
144.2535
145.028575
145.735625
145.87985
145.883175
145.88705
145.89705
146.146925
146.1514
146.162
146.761775
146.9258
147.4315
147.435025
148.017475
148.02005
148.022675
148.324075
148.327725
148.330925
148.33915
148.507025
148.511125
149.182425
149.18545
149.215475
149.45605
149.4587
149.46305
149.469675
149.68175
149.685825
149.689425
149.693725
149.71955
150.0646
150.78105
150.783775
150.7866
150.790075
150.79935
151.214225
151.217625
151.252475
151.698975
151.7018
151.704825
151.719225
152.494375
152.8269
152.949575
152.954825
152.9658
153.431225
153.43485
153.62005
153.6245
153.6702
154.18215
154.184825
154.187575
154.1948
155.144325
155.282975
155.28595
155.28935
155.2933
155.4327
155.437075
156.262375
156.367225
156.372
156.37975
156.545125
156.9104
156.91425
157.06665
157.070025
157.8942
157.897075
157.900225
158.03155
158.57865
158.5821
158.584575
159.15805
159.162075
159.164975
159.1677
159.19195
159.20105
159.371925
159.4857
160.001575
160.080875
160.084725
160.35705
160.4011
160.936475
160.939875
161.359025
161.474775
161.483775
162.128875
162.132325
162.195375
162.456475
162.54775
162.557875
162.79945
162.81055
162.817125
162.975525
162.98515
163.417025
163.422375
163.59285
163.994275
164.088025
164.29705
164.300575
164.31045
165.003775
165.0072
165.36835
165.3713
165.3748
165.8183
165.8214
165.825225
165.831975
165.98935
165.9934
166.8651
166.880775
166.8838
167.2438
167.24675
167.249925
167.25275
167.82945
167.840175
167.84705
168.14045
168.144475
168.2186
168.261075
168.484175
168.48785
169.00315
169.5072
169.704925
170.21865
170.2214
170.22435
170.242975
170.89545
170.898425
170.90225
171.8057
171.8105
172.91695
172.9269
173.41875
173.42365
174.033875
174.10365
174.120425
174.916825
174.92025
175.086425
175.0896
175.0937
175.1025
175.84585
175.849875
176.83165
176.8352
177.338125
177.340675
177.343
177.349625
177.910175
178.082525
178.151325
178.39075
178.568825
178.572675
179.3274
179.72245
179.776975
179.780675
179.784575
179.853275
179.8602
180.048125
180.051125
180.2468
180.571625
180.8339
181.40145
181.40465
181.40755
181.41295
181.7816
181.785225
181.78915
182.176075
182.848275
182.851125
183.16305
183.16665
183.16915
183.181075
183.3983
183.401325
183.404775
183.468075
183.646125
183.8025
183.8069
183.812875
183.8746
183.895475
184.2802
184.283225
184.2871
184.294775
184.5992
184.601925
184.605025
184.61445
185.0079
185.011825
185.171775
185.182075
185.19325
185.2133
185.52925
185.62005
185.622925
185.769025
185.772375
185.7803
186.274175
186.27685
186.27935
186.28235
186.288
186.645375
186.65895
186.662075
186.6658
186.898825
187.07885
187.29445
187.297375
187.3007
187.303375
187.314675
187.811575
187.814825
188.390625
188.39385
189.5241
189.7969
190.0892
