0.830625
0.835175
0.85925
0.87635
0.886925
0.893825
0.912925
0.922475
0.9456
0.96485
0.97075
1.02695
1.05015
1.1358
1.18195
1.195375
1.259075
2.403325
2.406475
2.409275
2.4405
2.477825
2.53615
2.5471
2.554925
2.59135
2.604325
2.611475
2.623475
2.632325
2.6366
2.644675
3.0272
3.220475
3.235525
3.24105
3.271425
3.280275
3.291125
3.3026
3.308325
3.317425
3.32255
3.341175
3.3573
3.37745
3.42555
3.473975
3.506875
3.563725
4.086525
4.0905
4.4112
4.414325
4.418475
4.83715
4.930875
4.9498
4.962625
4.980375
4.99795
5.0089
5.2788
5.2818
5.28555
5.289725
5.725925
5.784675
5.803975
5.8249
5.840925
6.62815
6.8583
6.8922
6.914275
6.958625
7.415925
7.4441
7.5103
8.0211
8.1933
8.71075
8.713925
8.860575
8.90035
8.913475
8.944075
8.95515
8.962075
8.98
8.985525
9.192625
9.19645
9.20145
9.23965
9.650875
9.653875
9.6578
10.128175
10.712825
10.716025
10.9332
10.9418
10.95075
11.00835
11.022175
14.81305
14.82135
14.865
14.896425
14.9097
14.93205
14.9384
17.338525
17.36365
17.38065
17.391875
17.3967
17.402775
17.43655
17.4805
17.5003
17.5101
17.52845
17.5349
17.555625
17.731375
17.89675
17.90735
17.926825
18.716275
18.723625
18.735225
18.748625
18.76375
18.84685
18.8812
18.9111
18.954525
19.006225
19.021875
20.623625
20.6271
21.157825
21.161375
21.165
23.9473
24.564925
25.44915
26.383825
29.760475
29.79155
29.805425
29.943975
29.98285
30.03285
30.736875
30.747775
30.7921
30.81335
30.896925
31.64525
32.237475
32.240725
32.252375
33.115225
33.615275
33.669325
33.685675
33.691575
33.848325
34.744975
34.77595
34.8102
34.84155
34.91175
35.526625
35.611075
35.627025
35.68565
36.0997
37.762125
38.140375
38.1555
39.09815
39.742725
40.309525
40.315325
41.5277
42.0524
42.219075
42.2322
42.26225
42.280775
42.3062
42.362925
42.3708
42.411725
42.434175
42.45195
42.4978
42.5245
43.451725
43.4546
43.45815
43.694325
44.542875
44.546725
44.557225
45.9393
49.828
50.375625
52.56465
52.57635
52.581575
52.5909
52.609275
52.6208
52.656975
52.74515
52.783175
52.811975
53.31365
53.320175
54.71985
54.906675
54.934675
54.942925
54.980075
55.02185
55.042575
55.0509
55.059275
55.11235
55.140325
55.353325
56.15275
57.120925
57.12355
57.1267
57.306325
57.457475
57.476275
58.271875
58.27555
58.770125
58.796075
58.828175
59.5651
59.56855
60.171725
60.175
60.801675
60.813175
60.8388
60.843575
60.8909
60.904025
60.912925
61.5753
62.61285
63.66195
63.964325
63.990875
64.01755
64.074075
64.416
64.7666
64.7871
64.79985
64.80445
64.812175
64.8291
65.475475
65.48805
65.492275
65.506825
65.520325
65.5675
65.579675
65.609475
65.64355
65.79585
65.8044
66.102475
66.24525
66.287775
66.32515
66.3293
66.338525
66.34885
66.36095
66.3722
66.63215
66.634925
66.638025
66.64275
68.270475
68.273625
68.2772
68.35025
68.390975
68.4277
68.43435
68.4416
68.450925
68.459475
68.4697
68.48135
68.9339
68.93725
69.3183
69.3212
69.324475
69.7278
72.20325
72.206525
72.643975
72.7321
73.7563
75.6767
77.855375
78.093775
78.1038
78.125125
78.135625
78.160875
78.19045
78.273725
78.295075
78.3683
78.4104
78.949025
78.95765
79.324775
79.350825
79.402775
79.41645
79.4271
79.435475
79.445525
79.461625
79.918175
80.006775
80.0661
80.0797
80.0864
80.1108
80.307725
80.31115
80.31935
80.718875
81.251125
81.255375
81.26025
81.273475
81.31385
81.337025
81.346475
81.463175
81.47375
81.540975
81.565
82.013175
82.102675
82.21095
82.213475
82.220075
82.24175
82.307425
82.322525
82.3527
82.3982
82.446525
82.878325
83.2428
83.246975
83.969175
83.9722
84.9441
85.0834
85.420425
86.18215
86.1862
86.776475
87.201375
87.460425
87.465
87.470375
87.476
87.506
87.52515
87.7149
88.043225
88.046275
88.050225
88.054775
88.1953
88.2515
88.4205
88.4303
88.44265
88.4484
88.469725
88.64405
89.12545
89.1326
89.142725
89.15955
89.179675
89.218575
89.274025
90.40745
90.4271
90.482075
90.518
90.883225
90.88945
90.90195
91.257725
91.265275
91.493225
91.513
91.536725
91.742825
92.353725
92.3562
92.3615
92.95035
93.05535
93.0653
93.07575
93.759025
93.763775
93.7683
93.8171
94.25955
94.2632
94.538625
94.541925
94.546
94.596775
94.622575
94.683025
95.277825
95.280625
95.2834
95.2869
95.30485
95.644925
95.662725
95.70135
95.768325
96.121775
96.126425
96.58865
96.851275
96.922125
96.928675
96.952925
96.97205
97.380175
97.38365
97.387425
97.574975
97.586475
97.59765
97.612075
98.29605
98.2997
98.873575
99.215125
99.66285
100.4293
100.45155
100.502075
100.532925
100.556225
100.97985
100.9833
101.150725
101.1556
101.1603
101.195025
101.216825
101.223775
101.266025
102.1521
102.155725
102.159475
102.163375
102.17445
102.310725
102.322525
102.330175
102.7134
103.35075
103.39195
103.405075
103.4256
103.836025
103.84085
103.880475
103.893025
103.8981
103.906275
103.92055
104.457875
104.58275
105.211575
105.216025
105.22165
105.23335
105.2874
105.314875
105.3276
105.71545
105.719675
105.7819
105.879475
106.19935
106.20305
107.056075
109.07985
109.08495
109.28265
109.337225
109.37455
109.422325
109.54845
109.812475
109.833175
109.851175
109.857075
109.879775
110.281575
110.2845
110.287975
110.746625
110.7869
110.84455
111.111375
111.119775
111.42715
112.3246
112.331425
112.751475
112.928675
114.924475
114.96595
115.007625
115.0987
115.4706
115.474275
115.493825
115.972825
115.97705
117.6292
117.6387
117.6453
117.65355
117.716725
117.7537
117.7692
117.773575
117.783025
117.8198
117.827275
117.882675
117.8909
117.9428
118.27465
118.280325
118.299225
118.322625
118.336575
118.37145
118.769125
118.7725
118.7877
118.81635
118.8315
118.891
119.2533
119.25655
119.26185
119.591275
119.685
119.732175
119.77575
119.7923
119.809025
120.32075
120.32945
120.338125
120.352125
120.3653
120.377425
120.389675
120.41535
120.471275
120.4875
120.9488
121.5298
121.533475
121.686575
121.69585
121.7945
121.88405
122.3153
122.380475
122.38875
122.452775
122.508575
123.3682
123.3713
123.88165
128.084875
128.2005
128.223125
128.24765
128.254225
128.344475
128.4191
128.429475
128.483775
128.53255
128.9554
128.964675
128.970625
129.42175
130.249125
130.25955
130.60205
130.6062
131.054975
131.698275
132.228625
134.2871
134.377525
134.391625
134.407375
134.45825
134.467425
134.4842
134.51105
134.5246
135.03425
135.040275
135.04495
135.048725
135.114775
135.1511
135.594075
135.597725
135.7031
135.8464
135.85475
135.861475
135.877325
135.90305
135.922075
135.958625
135.981825
135.99305
135.9984
136.303125
136.306325
136.3104
136.4895
136.4971
136.786625
136.78955
136.792975
136.90035
136.98555
136.999375
137.0688
137.7883
137.790925
137.793825
137.797825
138.344775
138.819825
138.823075
138.9771
138.9817
139.027125
139.04715
139.057425
139.066875
139.189075
139.2071
139.215475
139.2658
139.320025
140.27255
140.2774
140.717925
143.35855
143.909225
145.375375
145.380825
145.431025
145.439625
145.618475
146.061375
146.078225
146.142375
146.1499
146.230625
146.394325
146.411075
146.4526
147.029825
147.039925
147.081825
147.089975
147.13835
147.160875
147.17795
147.18695
147.68375
147.6867
147.690125
148.018725
148.0411
148.069575
148.1269
148.155925
148.1696
148.199125
148.221575
148.5021
148.504575
148.50775
148.51185
149.0719
149.075475
149.506325
149.589475
149.775625
149.849175
150.130975
150.145075
150.153225
150.27455
150.284
150.295275
150.3556
151.01665
151.019325
151.0224
151.026425
152.005225
152.01065
152.67445
153.7368
153.7409
154.82845
155.152225
155.59755
155.60385
155.611475
156.054825
156.0599
157.577525
157.857625
157.880825
157.908075
158.214225
158.26165
158.311075
158.490425
158.5317
158.7905
158.808675
158.828225
159.096125
159.128725
159.133975
159.14875
159.18905
159.286925
159.301075
159.3059
159.31165
159.335525
159.3528
159.3632
159.59215
159.8743
159.87725
159.88045
160.208275
160.2119
160.22235
160.389525
160.4192
160.492775
160.51125
160.963525
160.99475
161.194575
161.19735
161.20025
161.20365
161.210025
161.384225
161.39365
161.402725
161.428175
161.434375
161.48635
161.6263
161.655575
161.668175
161.68435
161.68975
161.78795
162.20835
162.74275
163.066025
163.610125
164.0121
164.014925
164.01805
164.3779
164.3816
164.88215
164.8988
165.270175
166.581725
166.5866
168.089325
168.6394
168.912575
169.124025
169.1309
169.153875
169.2207
169.590975
169.60895
169.835175
169.98715
169.991325
169.995575
170.058625
170.459375
170.58975
170.649125
171.0807
171.0837
171.087675
171.232825
172.200325
172.203475
172.207125
172.429125
172.626475
172.91965
174.0071
174.011325
174.129325
174.16595
174.291275
174.2996
174.65735
175.092825
175.666125
175.6708
176.4307
176.435775
178.26675
178.271625
178.2866
178.361975
179.047975
179.051775
179.079925
179.535
180.3905
180.40925
180.44695
180.493825
180.752775
180.91455
180.927125
180.942275
181.14305
181.54745
181.55145
181.96715
181.969725
181.972625
182.332825
182.3362
182.759025
182.788675
182.797525
182.803
182.8304
182.837675
182.851725
183.20835
183.4251
184.3037
184.4308
184.452025
184.5619
184.786825
185.01495
185.1361
185.1519
185.439525
186.035575
186.0395
187.338275
187.712225
188.46435
189.09805
189.58395
189.588425
189.6745
