0.83305
2.438075
3.32805
3.4233
3.489725
3.535975
3.568725
3.6229
4.72255
4.988975
5.785025
6.828075
7.434925
8.82045
8.825225
8.854525
8.867975
8.960925
10.927
11.45335
12.9711
14.737475
14.768175
14.8892
14.93405
14.962325
17.30955
17.4998
18.81045
18.850675
18.860775
19.22035
19.223625
19.228225
26.393625
27.6218
30.859075
33.4855
34.929425
35.0386
35.523675
35.52865
35.53235
35.616425
35.688225
35.74885
37.129675
38.2437
42.275425
42.318175
42.339875
42.3781
43.050975
43.508725
48.238625
49.372575
52.5576
52.639825
52.72765
52.767075
52.809425
55.27
55.30345
57.2051
57.215875
58.83525
59.238475
60.885575
63.32885
64.005275
64.911775
65.644625
66.248425
66.346875
68.261375
68.373025
68.409125
69.77275
70.537475
73.393525
77.11175
77.98625
78.157375
78.177925
78.30435
78.3437
79.3423
79.4625
79.945925
80.021325
80.08865
81.207075
81.340025
81.3788
81.92295
81.927425
82.056875
82.53315
82.541225
83.2818
84.931125
86.889775
86.89635
86.9058
86.932825
86.94485
86.947875
87.022575
87.46935
88.075475
88.2703
89.0568
89.21225
89.541075
89.600525
89.7401
89.74705
89.903725
90.85095
91.497125
92.85015
93.0818
93.092325
94.267575
94.622775
95.3944
95.6115
95.72065
96.1606
96.174625
96.615375
96.634725
97.05435
97.475725
97.4986
97.55025
97.6356
97.671975
97.968525
97.971075
97.973625
98.467525
98.470425
98.47335
99.672025
99.6812
100.22795
101.04425
101.14465
101.163075
101.2053
101.8954
102.2694
103.248075
103.328075
103.34525
103.414775
103.888325
103.9387
104.461175
105.23105
105.29785
105.3513
105.80485
106.2642
106.7027
109.25065
110.3379
110.84815
111.4444
111.906925
112.279875
112.75075
112.929275
113.03135
113.064075
113.094625
113.152125
113.546575
113.890275
114.9475
115.59495
117.553175
117.639475
117.753625
117.858725
118.3286
119.765175
120.285225
121.532475
121.547775
122.3052
122.33675
122.93615
126.341525
128.0388
128.092175
128.18405
128.24185
128.29755
128.3018
129.05025
132.772975
134.204825
134.221775
134.409125
134.463625
135.080275
135.650375
137.485775
138.237725
138.995425
139.066575
139.242875
139.258575
139.32035
140.26915
140.27265
141.282075
141.285925
142.0209
145.062075
145.3794
146.4713
147.196375
147.614375
148.001825
148.005375
148.011825
148.129575
148.146375
148.160375
148.5044
148.507925
148.6647
148.766325
149.196575
149.5725
149.5959
149.65365
149.731925
150.032775
150.7506
150.761225
151.107125
151.424425
151.6442
152.0001
152.3203
153.7867
153.864075
155.61375
156.0195
156.553975
157.871025
157.8749
157.896525
158.027475
158.080425
158.510575
159.17825
159.294125
159.623425
160.03385
160.038425
160.2923
160.29575
160.355925
160.3726
160.4277
160.84715
160.850275
161.353325
161.715075
161.82945
162.45195
162.50625
162.813
163.1642
163.1678
163.683375
164.073875
164.382975
164.8381
165.333775
165.66475
165.66815
166.120175
166.123025
166.1258
166.669475
167.431675
167.445975
168.012125
168.49825
169.15055
169.260075
169.280175
169.36235
169.374325
170.06575
170.068725
170.0717
170.33465
170.33835
170.351325
170.3769
170.41325
170.458575
170.9114
170.914325
171.285775
171.292125
171.297975
171.600675
171.603875
171.607075
171.6796
171.78295
172.22805
172.230525
172.233075
172.23685
172.656775
172.7032
172.9642
173.399475
173.40215
173.404725
173.860025
174.182275
174.305875
175.180775
175.1837
175.525475
175.528475
175.53135
176.451025
177.2804
179.08545
179.0882
179.091125
179.5827
180.334975
180.380825
180.39315
180.407625
180.410875
180.64075
180.71595
180.756325
181.180175
181.630675
181.633975
181.640575
182.03955
182.04335
182.0465
182.4289
182.43465
182.78435
182.78955
182.811825
183.243875
183.5041
184.315025
184.317775
184.3206
184.602675
185.0842
185.096125
186.1916
186.593125
186.60125
187.043575
187.048425
187.771875
188.168225
188.207775
188.570825
188.5785
188.601675
189.027925
189.170725
190.2022
