0.02245
0.046125
0.0983
0.1389
0.242625
0.3293
0.370525
0.58165
0.684175
0.802775
0.9492
0.982125
1.0375
1.065
1.1
1.12445
1.1594
1.179625
1.196825
1.21375
1.2507
1.3069
1.3458
1.372475
1.388
1.46415
1.489425
1.653925
1.7214
1.73875
1.756525
1.780625
1.807175
1.845625
1.876125
1.881825
2.1264
2.14715
2.199825
2.26465
2.48585
2.583275
2.776525
2.784
2.81185
2.82255
2.88355
2.907825
2.9705
2.996025
3.00615
3.140775
3.24215
3.267325
3.31715
3.4895
3.7359
3.745125
3.80205
3.837675
3.841925
3.85245
3.8631
3.868
3.883975
3.889425
3.921175
3.940175
3.957075
3.968225
3.99145
3.996875
4.0065
4.01885
4.0714
4.113025
4.215775
4.236475
4.35235
4.464275
4.483675
4.5189
4.56075
4.5954
4.629275
4.640075
4.645975
4.6729
4.700025
4.7268
4.739375
4.772275
4.78915
4.8375
4.857225
4.886175
4.943025
4.949025
5.017775
5.054475
5.206925
5.270775
5.27465
5.282075
5.32855
5.46625
5.495525
5.5114
5.533525
5.55905
5.574275
5.6062
5.6319
5.643375
5.6547
5.6711
5.726825
5.7969
5.844675
5.9071
5.958175
5.980725
6.007775
6.0815
6.130525
6.273825
6.2858
6.29355
6.341975
6.36035
6.37145
6.400425
6.421325
6.46435
6.4783
6.51915
6.605875
6.620875
6.665675
6.7192
6.7431
6.811125
6.916575
6.96275
7.050875
7.058875
7.0828
7.1461
7.1701
7.293175
7.32075
7.351125
7.3997
7.4049
7.431825
7.481875
7.50645
7.592825
7.704975
7.7966
8.050575
8.111825
8.207175
8.32335
8.390225
8.4541
8.4799
8.534875
8.56795
8.593175
8.623625
8.65505
8.68215
8.800525
8.81445
8.823125
9.227575
9.33835
9.43515
9.493975
9.523725
9.5962
9.631625
9.6659
9.736625
9.848125
9.8611
9.9025
9.92695
10.001225
10.04285
10.06525
10.126825
10.135725
10.1636
10.179875
10.2032
10.22605
10.246725
10.260175
10.334175
10.391275
10.478975
10.502775
10.511225
10.5163
10.544925
10.56095
10.5692
10.59555
10.6393
10.67225
10.67785
10.7021
10.75285
10.787875
10.79235
10.810225
10.82965
10.8512
10.856475
10.88795
10.903275
10.9291
10.9382
10.9432
11.00365
11.023075
11.03285
11.105325
11.1238
11.15055
11.169075
11.1983
11.219925
11.2547
11.2812
11.334175
11.35105
11.372025
11.455075
11.5294
11.598175
11.631025
11.64025
11.714375
11.7274
11.739
11.77595
11.797625
11.80385
11.810725
11.896125
11.94975
11.9782
11.987075
11.99425
12.01205
12.03685
12.064925
12.104025
12.1407
12.170975
12.22435
12.233025
12.288975
12.3356
12.4035
12.437925
12.50245
12.5204
12.556975
12.595175
12.640775
12.662
12.720375
12.773475
12.779625
12.7834
12.810625
12.8265
12.9337
12.941425
13.037075
13.091275
13.111725
13.1214
13.137725
13.2175
13.394275
13.434125
13.44455
13.45555
13.512075
13.5191
13.526425
13.57135
13.61465
13.64925
13.709575
13.752675
13.760825
13.773675
13.79375
13.84335
13.9013
13.916025
13.9251
13.947475
13.975775
13.997425
14.01625
14.02895
14.067625
14.088575
14.23725
14.254
14.267425
14.3525
14.401
14.5351
14.581525
14.62075
14.633275
14.709575
14.739725
14.757075
14.79435
14.818525
14.931025
14.957575
14.972525
14.99075
14.996625
15.013325
15.0812
15.134775
15.152675
15.191725
15.199275
15.205725
15.380775
15.43425
15.574425
15.62145
15.78175
15.953875
15.992325
16.05305
16.084325
16.089675
16.149075
16.226625
16.318025
16.3417
16.377675
16.460275
16.4834
16.51435
16.565125
16.575475
16.603825
16.635025
16.80245
16.854675
16.87555
16.92495
16.93205
17.3081
17.42065
17.4259
17.4923
17.507
17.554325
17.600875
17.66315
17.753075
17.788875
17.86425
17.9189
17.961
18.003875
18.06435
18.3041
18.3348
18.393525
18.4498
18.45825
18.56915
18.58105
18.62805
18.635925
18.64295
18.657175
18.667675
18.75725
18.924625
19.071375
19.138675
19.339325
19.8848
19.917275
19.9875
20.03875
20.066775
20.0723
20.0901
20.147125
20.1737
20.196525
20.2704
20.29935
20.314275
20.472175
20.699775
20.854225
20.9112
20.956875
21.001325
21.076
21.087725
21.22595
21.267125
21.293025
21.30935
21.36845
21.4509
21.692125
21.97685
22.067375
22.135925
22.25495
22.2974
22.34685
22.958425
22.979675
22.98495
22.99075
23.010275
23.015
23.037075
23.041325
23.047225
23.067225
23.08685
23.4046
23.613275
24.1711
24.19685
24.4274
24.44705
24.463475
24.49475
24.60685
25.0915
25.254925
25.3817
25.5929
25.6461
25.671975
25.698975
25.7082
25.71605
25.72055
25.7314
25.7551
25.85955
25.88645
25.973575
26.044275
26.108
26.198725
26.542325
26.5612
26.6806
26.735425
26.751475
26.794925
26.8482
26.912425
26.938625
26.956225
27.102025
27.1276
27.1903
27.6259
27.766575
27.819575
27.841125
27.858175
27.862125
27.873925
27.892
27.89695
27.906825
27.919525
27.926075
27.9425
27.947575
27.9619
27.9943
28.020775
28.041025
28.08305
28.1451
28.1561
28.182125
28.237175
28.244525
28.315575
28.454675
28.482775
28.5108
28.535
28.564575
28.608125
28.675425
28.689575
28.72125
28.7383
28.748
28.80235
28.82565
28.834875
28.85285
28.8738
28.97655
28.98145
29.042775
29.131825
29.203875
29.2693
29.39875
29.4415
29.455125
29.493075
29.51265
29.5392
29.570225
29.582375
29.598
29.628475
29.641075
29.6533
29.685775
29.73195
29.7553
29.786675
29.79815
29.83195
29.863725
29.9172
29.925725
29.988025
30.013775
30.03695
30.061925
30.06995
30.097875
30.14655
30.1913
30.245
30.259975
30.2795
30.303475
30.372075
30.394125
30.438
30.5346
30.56935
30.628375
30.707325
30.790475
30.8613
30.869275
30.914075
30.918375
30.925725
30.95885
30.964725
30.99805
31.009025
31.139125
31.172725
31.237775
31.247225
31.2877
31.32675
31.384325
31.3949
31.41075
31.57885
31.7187
31.77675
31.8376
31.921725
32.01295
32.053775
32.06685
32.095875
32.1432
32.211875
32.23875
32.24645
32.256025
32.2613
32.353675
32.431575
32.4963
32.515725
32.5352
32.541975
32.61885
32.68785
32.69955
32.724575
32.78875
32.8279
32.9677
32.977075
33.0409
33.10045
33.16035
33.197375
33.219175
33.26015
33.33345
33.410925
33.5272
33.568175
33.581275
33.659475
33.669325
33.7507
33.805525
33.83325
33.84145
33.85095
33.860525
33.8789
33.8906
33.90005
33.94945
33.9895
34.089625
34.419175
34.435575
34.48615
34.60595
34.649725
34.709925
34.7448
34.86055
34.886575
34.899475
34.92085
34.93965
34.95215
34.97495
34.983875
35.003475
35.040975
35.062875
35.0749
35.126775
35.1973
35.29405
35.33195
35.3512
35.479325
35.67725
35.7593
35.78335
35.848475
35.8641
35.886075
35.992875
36.003975
36.017075
36.026025
36.0478
36.056025
36.1028
36.127925
36.1396
36.144125
36.177
36.230125
36.287575
36.29785
36.35595
36.384425
36.465775
36.6778
36.745525
36.791825
36.8342
36.85775
36.872625
36.90995
36.915075
36.92105
36.927475
36.93705
36.973775
36.98035
36.98505
37.020425
37.03715
37.069325
37.11395
37.131925
37.145925
37.151875
37.1975
37.20665
37.250375
37.30415
37.323575
37.3341
37.386775
37.40205
37.454125
37.46575
37.5023
37.5144
37.535325
37.5565
37.57045
37.584625
37.5945
37.6257
37.631225
37.6605
37.709
37.73345
37.751625
37.770975
37.78145
37.796775
37.805125
37.83505
37.85615
37.8805
37.93065
37.979825
38.109775
38.126625
38.1361
38.17785
38.1849
38.227225
38.274
38.287675
38.324825
38.35
38.368
38.3971
38.439675
38.551275
38.595325
38.62675
38.748125
38.9265
39.00205
39.046325
39.09835
39.140375
39.2254
39.26625
39.3608
39.483275
39.56565
39.707975
39.744
39.79605
39.90085
39.93105
39.949725
39.9815
40.017225
40.0671
40.1482
40.2816
40.37865
40.43
40.464025
40.511275
40.666775
40.741
40.824575
40.850475
40.87305
40.888025
40.915975
40.934575
40.944425
40.9687
41.02245
41.0597
41.168225
41.30425
41.38525
41.5773
41.69145
41.80965
41.871575
41.939225
41.9513
41.989825
42.02765
42.034625
42.07135
42.082425
42.116875
42.1572
42.2302
42.249875
42.2722
42.27785
42.296425
42.31865
42.4011
42.457625
42.69205
42.833175
42.883125
42.892925
42.970275
43.02845
43.078175
43.0837
43.09365
43.0974
43.11235
43.120575
43.1586
43.179525
43.18415
43.227175
43.2694
43.292175
43.299625
43.3242
43.373
43.44805
43.4877
43.6289
43.663075
43.6805
43.72755
43.7908
43.82445
43.915425
43.949625
44.006325
44.01275
44.0551
44.060225
44.109225
44.124125
44.145375
44.150875
44.174425
44.213425
44.303575
44.311475
44.326
44.3306
44.4087
44.4197
44.434125
44.4716
44.498675
44.537125
44.543525
44.58245
44.617225
44.657175
44.740125
44.754525
44.773375
44.78895
44.8467
44.975975
45.105025
45.193525
45.22235
45.230075
45.2424
45.25615
45.266275
45.28935
45.30635
45.32105
45.337775
45.3486
45.385075
45.397325
45.43005
45.441175
45.487075
45.542225
45.595725
45.605275
45.641225
45.6787
45.70675
45.7424
45.758125
45.771925
45.81345
45.8368
45.87415
45.892925
45.905125
45.926525
45.932825
45.941775
45.978075
46.00015
46.016375
46.026275
46.03185
46.062575
46.067275
46.08845
46.09615
46.107175
46.154425
46.176875
46.231725
46.270375
46.3613
46.387475
46.4672
46.472375
46.489475
46.4979
46.5769
46.625575
46.672475
46.692
46.709625
46.7227
46.751275
46.785475
46.790725
46.83085
46.92365
46.9599
46.990925
47.0139
47.06865
47.100275
47.11885
47.1292
47.1598
47.222075
47.399925
47.548925
47.560425
47.582925
47.587425
47.623825
47.629075
47.6336
47.66445
47.6708
47.67685
47.7237
47.752
47.784375
47.81795
47.8273
47.840675
47.868075
47.87795
47.892325
47.9159
48.0683
48.102525
48.170525
48.189675
48.220925
48.243
48.27875
48.34225
48.4554
48.528825
48.548625
48.556625
48.68985
48.755675
48.7694
48.80015
48.82595
48.8522
49.0476
49.128175
49.25175
49.3953
49.415575
49.432325
49.4483
49.45675
49.461675
49.474075
49.481825
49.4955
49.56175
49.6405
49.665875
49.6849
49.6946
49.7065
49.71065
49.7214
49.738175
49.761475
49.7806
49.91155
50.009125
50.11405
50.1648
50.1975
50.222025
50.246775
50.347
50.40545
50.55555
50.598175
50.610275
50.718075
50.76755
50.7755
50.791675
50.8012
50.80685
50.819175
50.840975
50.846425
50.889825
50.899875
50.9389
50.9607
51.0166
51.0599
51.10515
51.12995
51.14625
51.178475
51.202475
51.220425
51.241175
51.29975
51.343425
51.362375
51.388
51.40765
51.417725
51.495975
51.584775
51.60585
51.61485
51.6555
51.668475
51.68815
51.70395
51.725825
51.7776
51.798325
51.830975
51.841525
51.8575
51.883625
51.903975
51.911225
51.926575
51.942475
51.9888
52.008625
52.044025
52.078225
52.10215
52.587675
52.652175
52.666225
52.81975
52.939
53.023025
53.051675
53.081175
53.1143
53.12475
53.12895
53.175375
53.279475
53.2946
53.412225
53.47515
53.535425
53.58525
53.60815
53.665225
53.71935
53.883025
54.1261
54.148625
54.16655
54.173975
54.205875
54.213225
54.2183
54.236775
54.2582
54.3186
54.339425
54.41865
54.428125
54.543225
54.581375
54.592925
54.603075
54.67535
54.747575
54.76675
54.77835
54.99655
55.116675
55.136575
55.198075
55.2429
55.31135
55.379475
55.417975
55.446775
55.4692
55.4972
55.54685
55.6108
55.635875
55.6429
55.684225
55.7699
56.06035
56.105675
56.147075
56.16605
56.185675
56.1896
56.21765
56.22635
56.235925
56.2599
56.263975
56.2873
56.293925
56.2996
56.355525
56.46985
56.4873
56.6424
56.95615
57.470425
57.6127
57.70045
57.746275
57.754475
57.78715
57.821575
57.832775
57.934825
57.98955
58.070775
58.27355
58.315925
58.3439
58.367
58.373725
58.546475
58.57945
58.6836
58.75445
58.825025
59.035925
59.059625
59.09545
59.1029
59.1893
59.501825
59.723025
59.7935
59.81065
59.840175
59.9226
60.2616
60.65615
60.684025
60.73245
60.881125
60.9472
61.0115
61.0264
61.060925
61.183725
61.2085
61.233275
61.293675
61.33635
61.448
61.59215
61.7242
61.83115
62.181975
62.191675
62.297425
62.524075
62.692375
62.7365
62.746225
62.778675
62.803625
62.91515
62.97295
63.03525
63.47965
63.516125
63.536375
63.57955
63.59135
63.616625
63.644425
63.70855
63.7525
63.77755
63.799
63.806075
63.809375
63.82755
63.832975
63.84165
63.852275
63.862475
63.867
63.89885
63.927525
63.941175
64.0276
64.0989
64.12115
64.13115
64.1467
64.218275
64.2399
64.29435
64.3679
64.41295
64.5215
64.5339
64.825125
64.88095
64.88685
64.95235
65.025975
65.113475
65.184825
65.279075
65.28695
65.300825
65.305675
65.3129
65.31905
65.329625
65.33275
65.34225
65.367175
65.39295
65.422475
65.4904
65.5179
65.55485
65.56425
65.590025
65.60605
65.621275
65.6355
65.6425
65.652975
65.697675
65.725775
65.7773
65.82825
65.94895
66.103
66.16385
66.18115
66.193425
66.213625
66.2258
66.2739
66.283425
66.294125
66.307775
66.315475
66.3248
66.33075
66.4003
66.415025
66.4403
66.486425
66.50595
66.692875
66.726275
66.82215
66.95755
67.067175
67.110325
67.1389
67.17065
67.1966
67.329625
67.3368
67.41635
67.48895
67.500675
67.5517
67.5708
67.602375
67.661625
67.710975
67.7685
67.7854
67.826475
68.203
68.23
68.2391
68.2544
68.262825
68.275775
68.32945
68.4066
68.625375
68.6952
68.77565
68.79395
68.8022
68.834375
68.884075
68.984975
69.12685
69.137225
69.2419
69.3638
69.407575
69.4405
69.460125
69.51605
69.643725
69.720175
69.787325
69.79935
69.874875
69.887075
69.9225
69.990475
70.04835
70.0656
70.13465
70.25085
70.262175
70.289425
70.333425
70.340425
70.484975
70.53675
70.572125
70.633825
71.067175
71.22495
71.583575
71.613075
71.8243
71.95615
72.37675
72.545875
72.6526
72.719525
72.739725
72.754175
72.76045
72.819325
72.88825
72.9524
73.0281
73.0354
73.05225
73.065225
73.10215
73.125375
73.133425
73.190275
73.23295
73.2582
73.325125
73.4378
73.45935
73.5423
73.5897
73.618875
73.640875
73.694425
73.772425
73.78195
73.78545
73.79575
74.047675
74.10345
74.149375
74.416625
74.640275
74.8318
74.910175
75.52535
75.708425
75.90375
76.103625
76.323275
76.4738
76.752025
76.8709
77.1867
77.27415
77.308275
77.503025
77.515825
77.529375
77.56105
77.59555
77.6243
77.654225
77.7495
77.79535
77.828125
78.056275
78.10235
78.145875
78.29225
78.3015
78.30725
78.414575
78.421075
78.42985
78.458825
78.479625
78.520625
78.683175
78.76685
78.9239
79.0545
79.1114
79.130975
79.153825
79.177825
79.250775
79.364875
79.446725
79.4633
79.4793
79.507875
79.532425
79.570075
79.59795
79.6214
79.628
79.6639
79.6801
79.685675
79.7386
79.7728
79.803575
79.81065
79.84265
79.8586
79.89215
79.90305
79.92215
79.927125
79.956325
79.9715
79.981575
80.016275
80.03755
80.05675
80.086025
80.114575
80.149725
80.166
80.1768
80.20345
80.2191
80.23375
80.2515
80.261475
80.2823
80.292775
80.302375
80.314725
80.321775
80.342825
80.3575
80.36435
80.380975
80.405675
80.447075
80.4746
80.49205
80.505525
80.524425
80.5343
80.5402
80.555675
80.560325
80.60855
80.6154
80.62035
80.663375
80.68235
80.69015
80.7155
80.730325
80.737475
80.9628
80.989075
81.021375
81.077325
81.101725
81.149825
81.239325
81.335475
81.460375
81.4739
81.51785
81.612675
81.645875
81.6562
81.6663
81.7105
81.751275
81.773325
81.803825
81.83455
81.848875
81.877275
81.9118
82.061325
82.121225
82.1824
82.20405
82.211525
82.2357
82.266025
82.2736
82.2807
82.299425
82.3091
82.3209
82.3263
82.385875
82.417725
82.45395
82.477075
82.498425
82.510625
82.5454
82.5615
82.579425
82.6046
82.65235
82.671425
82.6761
83.024525
83.064325
83.07255
83.091575
83.11245
83.133
83.1971
83.253875
83.26905
83.2803
83.305325
83.327125
83.338975
83.3689
83.380025
83.4009
83.467425
83.51325
83.583825
83.64655
83.661425
83.720175
83.839075
83.910225
83.938075
83.983675
83.98845
84.02585
84.0468
84.16455
84.201875
84.246
84.28485
84.376475
84.4057
84.4434
84.50625
84.532625
84.61435
84.654475
84.6977
84.76
84.813725
84.996775
85.0237
85.1047
85.119925
85.160775
85.18005
85.1844
85.2829
85.36215
85.3782
85.41735
85.432325
85.448875
85.475775
85.58235
85.667125
85.720725
85.779225
85.831375
85.96545
86.0371
86.094225
86.181225
86.192275
86.219425
86.228925
86.2369
86.257125
86.2754
86.302975
86.3345
86.3654
86.37065
86.39685
86.45145
86.556375
86.562
86.61635
86.6962
86.853
86.91895
86.95645
86.988525
87.030275
87.05005
87.064825
87.0946
87.121975
87.163575
87.22055
87.3323
87.444775
87.510225
87.578125
87.612425
87.6658
87.683925
87.698725
87.720875
87.732375
87.73745
87.753275
87.774525
87.77995
87.8655
87.888025
87.91285
87.92985
87.95985
87.966225
87.9883
88.015225
88.02305
88.07765
88.09665
88.120975
88.13735
88.15225
88.163975
88.186675
88.2679
88.2974
88.371
88.39175
88.41435
88.46705
88.489275
88.5243
88.5344
88.63195
88.641475
88.665975
88.731875
88.7992
88.84025
88.8964
88.937275
88.969475
88.981875
88.98805
89.018975
89.029275
89.053425
89.09345
89.107775
89.112225
89.163975
89.17425
89.20345
89.240325
89.255575
89.280675
89.284725
89.3242
89.330025
89.353025
89.36535
89.371375
89.375125
89.39545
89.4019
89.437675
89.474525
89.4913
89.4996
89.5385
89.59375
89.640925
89.69155
89.713825
89.753375
89.796275
89.839475
89.88235
89.904325
89.961
89.996075
90.095125
90.132475
90.158225
90.164025
90.170925
90.180825
90.18665
90.189975
90.202675
90.213225
90.2676
90.2811
90.30545
90.32555
90.353675
90.37165
90.383375
90.41955
90.4335
90.444625
90.463075
90.50835
90.545375
90.574725
90.682475
90.731325
90.7636
90.788725
91.0491
91.1652
91.3112
91.32615
91.4134
91.502025
91.541125
91.617525
91.6711
91.726125
91.77815
91.814225
91.895125
92.086025
92.129625
92.16765
92.282225
92.4805
92.64305
92.918075
93.086425
93.250075
93.359075
93.442
93.519625
93.777975
93.9002
93.964325
94.06195
94.0871
94.170775
94.3823
94.4495
94.754375
94.7842
94.804075
94.8185
94.8287
94.858825
95.112725
95.170325
95.4678
95.61225
95.6524
95.69065
95.780725
95.81975
95.825725
95.8348
95.9033
95.9171
95.96375
96.0122
96.0196
96.04455
96.09155
96.09835
96.129675
96.13935
96.237275
96.308425
96.378325
96.410175
96.63615
96.684875
96.766425
96.7953
96.80915
96.8431
96.8472
96.857475
96.939675
97.028
97.07925
97.117675
97.13535
97.143575
97.338325
97.389825
97.41745
97.605525
98.309825
98.3488
98.359775
98.425075
98.466075
98.48725
98.4977
98.53075
98.548925
98.59355
98.5991
98.838325
98.86605
98.98955
99.060575
99.093725
99.116075
99.343975
99.38505
99.486925
99.5259
99.540325
99.54725
99.553575
99.560225
99.5683
99.599375
99.617975
99.6302
99.6589
99.66975
99.674575
99.693475
99.7296
99.818
99.877475
99.883425
99.91135
99.9212
99.996025
100.141525
100.22145
100.353225
100.447475
100.53485
100.56725
100.611025
100.657175
100.770925
100.927625
100.9805
101.15285
101.213275
101.224825
101.25355
101.275825
101.3069
101.3219
101.41855
101.578975
101.59585
101.653425
101.690125
101.905975
101.92
101.94465
101.96105
101.980075
102.081
102.1213
102.150275
102.196575
102.219925
102.280225
102.3941
102.4244
102.50425
102.5609
102.620675
102.7514
102.77565
102.84515
102.866125
102.948775
103.096575
103.1391
103.2032
103.255875
103.377925
103.43815
103.4811
103.489825
103.540825
103.59635
103.618375
103.729275
103.80635
103.8723
103.916175
103.998325
104.052375
104.096175
104.1047
104.19615
104.212175
104.2389
104.2878
104.29855
104.310075
104.37175
104.4587
104.47095
104.478825
104.538925
104.5599
104.668075
104.73855
104.826925
104.86075
104.889125
104.90735
104.955325
105.0579
105.1056
105.120175
105.144125
105.16885
105.184975
105.194825
105.22965
105.24025
105.246475
105.266825
105.270825
105.28265
105.339475
105.34905
105.377075
105.401475
105.412375
105.440825
105.45795
105.473825
105.547025
105.6034
105.637175
105.6613
105.6724
105.679625
105.7157
105.759325
105.772275
105.81655
105.844
105.868175
105.894825
105.903925
105.95185
106.005025
106.07025
106.096
106.113375
106.1301
106.1718
106.1998
106.2209
106.26565
106.3082
106.3257
106.3648
106.4135
106.48625
106.547275
106.567975
106.5763
106.5869
106.620325
106.6476
106.669525
106.714275
106.734875
106.738675
106.833125
106.843025
106.867025
106.9278
107.051725
107.130175
107.2528
107.287175
107.310275
107.350675
107.3815
107.38675
107.41525
107.422725
107.427575
107.43665
107.52565
107.544575
107.559325
107.583925
107.592175
107.613725
107.625825
107.65905
107.665925
107.708225
107.72435
107.74115
107.755625
107.79785
107.805925
107.814825
107.848425
108.0056
108.043825
108.135375
108.1862
108.218
108.229375
108.3334
108.448325
108.5132
108.7331
108.79745
108.8057
108.82125
108.8315
108.8504
108.87755
108.9313
108.98195
109.01085
109.030425
109.068675
109.086075
109.095
109.113875
109.1485
109.1728
109.197
109.205475
109.2205
109.23155
109.237675
109.255775
109.285525
109.605125
109.635075
109.645175
109.651625
109.710325
109.7177
109.7409
109.7501
109.7547
109.8241
109.8445
109.8948
109.902525
109.934225
109.975875
109.9987
110.05005
110.09715
110.104775
110.20455
110.237775
110.26465
110.285
110.298875
110.30745
110.338325
110.343875
110.355525
110.3632
110.38565
110.40495
110.48055
110.54775
110.566675
110.5901
110.653175
110.776425
110.827
110.987875
111.038875
111.07645
111.1267
111.161775
111.260425
111.33945
111.41655
111.431375
111.49835
111.728425
111.8061
111.8516
111.864075
112.02655
112.07385
112.09605
112.1348
112.178025
112.21965
112.247225
112.30485
112.31755
112.326875
112.37705
112.446025
112.516825
112.56475
112.61395
112.62375
112.707675
112.812175
112.83825
112.87405
112.895725
112.909325
112.973675
112.9806
112.9933
113.01175
113.03515
113.04465
113.1242
113.160375
113.17535
113.2826
113.395975
113.431325
113.43795
113.500225
113.525225
113.543
113.60005
113.70125
113.844775
113.908775
114.04445
114.0976
114.12865
114.1569
114.1812
114.2489
114.309175
114.36275
114.537325
114.631575
114.667525
114.755375
114.792375
114.834525
114.886275
114.893375
114.93835
114.993875
115.007875
115.04225
115.11445
115.1253
115.17295
115.178975
115.20985
115.22255
115.238675
115.277425
115.378175
115.391325
115.4346
115.5048
115.5547
115.5792
115.610375
115.6508
115.74805
115.7557
115.7599
115.8545
115.86555
115.8834
115.889425
115.91005
115.9244
116.01095
116.10025
116.12015
116.16735
116.201825
116.2099
116.255425
116.296075
116.361
116.3923
116.39955
116.417375
116.4466
116.461525
116.492225
116.508375
116.52695
116.539175
116.55215
116.64005
116.72925
116.841675
116.90035
116.942725
116.97605
117.1007
117.1421
117.2026
117.2209
117.2341
117.272675
117.280775
117.299175
117.33835
117.496425
117.526775
117.574575
117.610525
117.650425
117.710325
117.756625
117.8846
118.0479
118.12615
118.1493
118.19695
118.201075
118.23
118.280975
118.309225
118.37505
118.4043
118.4299
118.48535
118.537675
118.608375
118.6431
118.653825
118.6752
118.782175
118.822525
118.86525
118.926775
119.00815
119.063475
119.1599
119.22575
119.2386
119.272525
119.280975
119.3202
119.360975
119.425275
119.470925
119.527375
119.767125
119.89005
119.94645
119.982075
119.9866
120.052275
120.2214
120.2774
120.337975
120.434225
120.52565
120.683125
120.8127
120.834875
120.8479
120.8532
120.87975
120.9216
120.960925
121.049375
121.172175
121.22585
121.313275
121.367075
121.39955
121.624025
121.67085
121.7061
121.735075
121.772725
121.83865
121.86025
121.887975
121.89635
121.93855
121.9646
121.969125
121.976825
122.003775
122.028175
122.1109
122.1474
122.15585
122.269425
122.3652
122.420725
122.4559
122.471625
122.549725
122.638375
122.7707
122.805125
122.83395
122.857825
122.86275
122.889025
122.9309
123.011425
123.12845
123.169625
123.2082
123.3677
123.446025
123.4642
123.52705
123.6046
123.635325
123.67685
123.738475
123.764375
123.84685
123.877075
123.959875
124.042975
124.051325
124.073875
124.077375
124.0854
124.0993
124.112
124.13245
124.14155
124.20825
124.260875
124.2862
124.304625
124.309975
124.32495
124.33555
124.3584
124.411
124.43915
124.4497
124.477575
124.6169
124.6407
124.64625
124.679975
124.697975
124.714775
124.75675
124.787625
124.80435
124.855125
124.875775
124.905975
124.913675
124.924675
124.987225
125.07735
125.26275
125.334025
125.4059
125.45245
125.496275
125.602575
125.647325
125.681075
125.688925
125.71165
125.7224
125.740625
125.772875
125.7941
125.804275
125.84515
125.86905
125.891725
125.914775
125.996525
126.05215
126.112525
126.138775
126.158725
126.18115
126.203975
126.309225
126.33715
126.365625
126.434825
126.462
126.47945
126.52215
126.542125
126.574425
126.607525
126.763225
126.7794
126.8396
126.871325
126.885675
127.129075
127.138375
127.206825
127.229825
127.2601
127.273875
127.28785
127.29625
127.335925
127.386675
127.4341
127.45485
127.510975
127.540925
127.58095
127.6726
127.678375
127.684
127.70215
127.7234
127.7329
127.855575
127.959675
128.0547
128.0676
128.081825
128.129425
128.157925
128.1927
128.209675
128.243575
128.2532
128.301775
128.322275
128.335875
128.367575
128.411525
128.48055
128.5072
128.5535
128.565625
128.619625
128.63445
128.6515
128.684925
128.707125
128.713225
128.83635
128.8691
128.896475
128.905425
128.93065
129.0138
129.097575
129.13985
129.166425
129.210825
129.2283
129.2355
129.273575
129.28645
129.310225
129.330075
129.357475
129.375475
129.40055
129.440675
129.480625
129.52365
129.630325
129.66205
129.69385
129.7117
129.7453
129.767025
129.771525
129.781575
129.851975
129.87755
129.886225
129.964975
129.987925
130.00335
130.04525
130.0544
130.10765
130.14075
130.19615
130.2303
130.27255
130.326425
130.354925
130.42565
130.510175
130.535975
130.591775
130.6579
130.7421
130.792325
130.81695
130.838475
130.9925
131.108975
131.1653
131.17825
131.206425
131.22025
131.245225
131.252
131.259375
131.274225
131.28955
131.31
131.32845
131.59075
131.6208
131.63265
131.66435
131.679075
131.71415
131.7189
131.7505
131.820925
131.90955
131.9265
131.96355
131.99305
132.002425
132.014475
132.0268
132.040525
132.0876
132.11685
132.137325
132.14805
132.1644
132.177325
132.18875
132.200325
132.228325
132.23555
132.2497
132.260575
132.278425
132.366275
132.38805
132.517925
132.537325
132.55215
132.564775
132.57785
132.6239
132.7592
132.782175
132.8101
132.824625
132.8561
132.87895
132.896
132.9213
132.9549
132.978925
132.991675
132.995675
133.060725
133.0982
133.1692
133.2684
133.296975
133.31445
133.3324
133.391625
133.418925
133.43555
133.48
133.49275
133.5465
133.590925
133.62535
133.671425
133.74055
133.778775
133.80215
133.832675
133.837
133.871575
133.875975
133.8796
133.89785
133.907675
133.920275
133.960375
134.1141
134.132425
134.137325
134.14095
134.2183
134.24035
134.28365
134.334025
134.3681
134.3725
134.432325
134.556325
134.6366
134.655
134.734675
134.768925
134.882625
134.932825
134.9647
135.0048
135.02465
135.12415
135.18815
135.309675
135.331925
135.34365
135.432775
135.4681
135.551825
135.605225
135.610575
135.67885
135.695375
135.703225
135.748975
135.795125
135.8528
135.866375
135.930675
135.946375
135.9622
136.032775
136.080475
136.12375
136.14
136.159375
136.207625
136.243875
136.2554
136.27035
136.281325
136.386975
136.481
136.52575
136.57195
136.6437
136.81165
136.88165
136.925725
136.997425
137.16605
137.256975
137.328425
137.40635
137.432075
137.4425
137.5085
137.586175
137.6171
137.76115
137.810725
137.887775
137.938425
138.004975
138.01855
138.159525
138.17375
138.2616
138.297625
138.33765
138.364275
138.38655
138.39955
138.517925
138.5669
138.633225
138.63775
138.66535
138.707075
138.740075
138.780225
138.7948
138.823125
138.87795
138.9133
138.9271
138.94835
138.954325
138.9601
138.998
139.035375
139.053075
139.10975
139.137925
139.16855
139.176925
139.19445
139.220975
139.258975
139.2834
139.3226
139.3742
139.515975
139.664025
139.67065
139.68875
139.699575
139.7177
139.7446
139.794225
139.906525
139.9644
140.30325
140.360325
140.36805
140.409925
140.4143
140.4349
140.45295
140.4958
140.502875
140.62515
140.693
140.7089
140.735625
140.759225
140.7985
140.8582
140.887525
140.915375
140.950875
140.9663
140.973
141.00625
141.021075
141.033525
141.043475
141.049
141.0685
141.079425
141.12195
141.2588
141.307425
141.365475
141.4027
141.43125
141.471675
141.51145
141.530875
141.58775
141.746825
141.78675
141.82325
141.832225
141.8657
141.90035
141.997325
142.078175
142.194775
142.2481
142.3667
142.417825
142.4811
142.533275
142.545
142.58935
142.6247
142.679025
142.706625
142.724475
142.761025
142.822825
142.8666
142.872925
142.91875
142.924725
142.949125
142.95945
142.96465
142.9689
142.991025
142.996625
143.05895
143.076325
143.106375
143.157375
143.2299
143.27815
143.309375
143.3157
143.343125
143.386225
143.40485
143.451975
143.457275
143.495125
143.5046
143.514775
143.551275
143.5665
143.578
143.59545
143.604075
143.642425
143.687025
143.706975
143.727425
143.748325
143.758325
143.7799
143.806925
143.831775
143.83755
143.84295
143.906025
143.93045
143.95165
143.9682
144.060025
144.0805
144.0922
144.1237
144.130075
144.15415
144.1603
144.182325
144.193875
144.2196
144.250625
144.2642
144.287475
144.325525
144.357075
144.412625
144.431175
144.5419
144.59795
144.686725
144.728075
144.7974
144.8275
144.840225
144.8501
144.88215
144.912
144.932725
144.957975
144.9813
145.0453
145.168675
145.20325
145.210925
145.22975
145.271075
145.37095
145.483025
145.58165
145.651
145.70555
145.811675
145.85625
145.86875
145.88185
145.889125
145.8932
145.93505
145.94265
145.98275
146.0164
146.033425
146.15635
146.22245
146.290675
146.328025
146.362475
146.41875
146.530275
146.55705
146.592425
146.606475
146.623275
146.6889
146.721775
146.738525
146.824625
146.845075
146.90195
146.91385
146.9349
146.9688
147.00375
147.027875
147.049975
147.138575
147.192675
147.198
147.210675
147.248775
147.264925
147.279875
147.285925
147.3142
147.361925
147.3863
147.4243
147.4515
147.467275
147.535825
147.5504
147.6548
147.950425
147.972025
148.005375
148.057325
148.0823
148.1282
148.146575
148.1791
148.2086
148.2304
148.283075
148.37625
148.51475
148.53955
148.575175
148.58635
148.6271
148.67555
148.6838
148.698275
148.737225
148.74755
148.766275
148.7855
148.8289
148.848875
148.880725
148.957025
149.01005
149.032375
149.064625
149.1118
149.14255
149.19325
149.305925
149.464625
149.5495
149.57485
149.5879
149.622825
149.630375
149.64375
149.7213
149.74495
149.7665
149.7744
149.810875
149.857275
149.87765
149.93175
150.022125
150.07915
150.534025
150.607725
150.618075
150.657075
150.68225
150.71325
150.72905
150.83555
151.361925
151.381175
151.51495
151.858725
152.000525
152.097775
152.496675
152.68895
152.866625
153.152975
153.380925
153.425175
153.884925
153.928
154.013775
154.10315
154.150025
154.241725
154.332875
154.340275
154.3719
154.40175
154.4069
154.488175
154.535675
154.68785
154.71915
154.81375
154.854975
154.977475
155.02175
155.033625
155.093625
155.118625
155.138475
155.200825
155.27845
155.327825
155.765425
155.829425
155.87735
155.898075
155.9218
156.068075
156.0774
156.085975
156.09225
156.172175
156.26685
156.497625
156.581625
156.646475
156.6974
156.74185
156.809325
156.848725
156.91265
156.9449
156.995375
157.0064
157.011175
157.01425
157.0609
157.074575
157.1008
157.2098
157.215125
157.419075
157.502025
157.512125
157.519725
157.5432
157.559925
157.591575
157.62095
157.6862
157.6995
157.8238
158.028825
158.287425
158.337425
158.34455
158.376875
158.45205
158.5223
158.552475
158.55825
158.575625
158.587575
158.7231
158.821325
158.83065
158.837275
158.841725
158.8575
158.872225
158.896275
159.00645
159.093925
159.151375
159.1925
159.198
159.21245
159.2246
159.23685
159.251175
159.258175
159.2588
159.27125
159.28725
159.293825
159.303025
159.328425
159.358575
159.381525
159.42875
159.456375
159.494975
159.534775
159.589425
159.640075
159.652525
159.70355
159.7264
159.7569
159.79705
159.8191
159.843975
159.8812
159.952025
159.9615
159.97015
160.018825
160.10925
160.163875
160.1866
160.215125
160.22965
160.253025
160.2727
160.278775
160.2857
160.418275
160.4895
160.53075
160.540875
160.561375
160.5857
160.590425
160.61585
160.6404
160.69115
160.745475
160.810725
160.915875
160.954725
160.99315
161.0751
161.141925
161.214425
161.279075
161.3008
161.31255
161.328325
161.35125
161.43035
161.453325
161.512725
161.581725
161.621975
161.71605
161.80345
161.92585
162.0391
162.05275
162.1041
162.153625
162.1806
162.275675
162.3085
162.3572
162.372525
162.440775
162.4814
162.532
162.5971
162.711825
162.755175
162.82005
162.841375
162.892175
162.948975
162.974225
162.982875
162.9946
163.001825
163.013575
163.02
163.028275
163.042325
163.070775
163.092575
163.102
163.1364
163.1651
163.219325
163.302125
163.390675
163.450425
163.5034
163.527125
163.541925
163.557925
163.58
163.59015
163.63565
163.728325
163.739625
163.790775
163.826875
163.93135
163.96085
163.9677
164.12815
164.13785
164.168475
164.2117
164.261625
164.277925
164.341775
164.359725
164.3852
164.401775
164.427525
164.448725
164.473275
164.48515
164.508925
164.546725
164.56575
164.60575
164.61885
164.67805
164.770325
164.804575
164.824175
164.855975
164.9362
165.001875
165.01595
165.21775
165.2634
165.28125
165.313625
165.323325
165.347575
165.360525
165.389375
165.40745
165.414
165.425475
165.495225
165.536075
165.569975
165.575175
165.62635
165.6382
165.656
165.669475
165.69375
165.705925
165.71845
165.7294
165.7455
165.7758
165.807825
165.939275
166.019725
166.0507
166.062675
166.075725
166.1037
166.130825
166.16345
166.18565
166.19015
166.199775
166.2455
166.271275
166.367425
166.403675
166.426425
166.454675
166.49705
166.5879
166.61645
166.651
166.667375
166.732025
166.77615
166.7864
166.822475
166.8787
166.896325
166.974875
167.012275
167.045025
167.071325
167.10115
167.133325
167.1714
167.21805
167.227775
167.231375
167.270025
167.3067
167.328075
167.337625
167.355025
167.397225
167.423575
167.4978
167.542875
167.598725
167.608575
167.670575
167.68555
167.70475
167.719025
167.747775
167.770175
167.8045
167.81295
167.8524
167.863525
167.875075
167.89245
167.9523
167.970675
167.991175
168.0091
168.084075
168.1201
168.237475
168.338175
168.548
168.8265
168.931075
168.989025
169.02095
169.07515
169.16585
169.183425
169.1978
169.225975
169.2631
169.28705
169.32885
169.383475
169.4134
169.433175
169.46905
169.581225
169.697375
169.78295
169.8463
169.87035
169.901475
169.919125
170.121525
170.1697
170.254375
170.289075
170.364475
170.42565
170.46085
170.4893
170.5339
170.554525
170.57715
170.59835
170.608125
170.62185
170.6562
170.6736
170.774775
170.817125
170.9362
170.962575
170.99395
171.054225
171.1004
171.173925
171.248975
171.3094
171.331975
171.34805
171.3675
171.3828
171.4024
171.411275
171.417775
171.4812
171.5558
171.60315
171.646125
171.686025
171.736675
171.741225
171.79565
171.89695
171.973225
172.128475
172.197925
172.293675
172.30225
172.316775
172.333475
172.356375
172.4347
172.44335
172.4739
172.5067
172.52515
172.549675
172.591875
172.6015
172.633425
172.6457
172.671075
172.678275
172.743625
172.856225
172.890525
172.979125
173.0407
173.14065
173.314725
173.322625
173.332
173.3633
173.4369
173.4662
173.485975
173.490525
173.500675
173.529825
173.581425
173.618
173.67535
173.7
173.75155
173.844475
173.871975
173.918275
173.93955
174.00125
174.028725
174.0537
174.0935
174.1299
174.1809
174.1938
174.27265
174.325575
174.38005
174.390625
174.41725
174.522925
174.56025
174.842925
175.0094
175.162175
175.226475
175.303675
175.3548
175.359675
175.379375
175.414775
175.4355
175.461825
175.478075
175.509625
175.5564
175.578325
175.6084
175.66145
175.7514
175.789275
175.906275
176.11365
176.2182
176.22785
176.23755
176.2443
176.251375
176.28275
176.30015
176.32195
176.357025
176.54035
176.603975
176.634725
176.811225
176.8249
176.8774
176.92575
176.94915
177.14205
177.1759
177.195175
177.21545
177.332475
177.374
177.40775
177.47685
177.530875
177.57375
177.6575
177.672825
177.683625
177.711675
177.7184
177.72455
177.736025
177.76055
177.806075
177.82575
177.8348
177.895225
177.9422
177.96675
177.985475
177.9961
178.034525
178.043225
178.0943
178.1181
178.182375
178.22465
178.261375
178.282375
178.303675
178.356975
178.4112
178.450775
178.464825
178.532625
178.556575
178.601875
178.615225
178.621175
178.70235
178.71335
178.813375
178.843775
178.888025
178.905475
178.91735
178.977075
178.985525
179.018475
179.046875
179.078775
179.089225
179.09695
179.11485
179.1222
179.13645
179.190775
179.27755
179.333925
179.366
179.390175
179.455225
179.661075
179.696275
179.7556
179.7721
179.80575
179.827975
179.842125
179.858025
179.862925
179.86875
179.886
179.90465
179.92645
180.00015
180.024475
180.2596
180.331175
180.3874
180.42415
180.44475
180.468325
180.48815
180.49395
180.57685
180.601925
180.62155
180.62925
180.726825
180.8045
180.898575
180.9874
181.078325
181.1019
181.127075
181.1524
181.164875
181.21605
181.287675
181.4646
181.5552
181.603125
181.651675
181.755725
181.821925
181.87265
181.913075
181.92485
181.9295
181.97755
181.99045
182.009125
182.0394
182.0546
182.1089
182.234175
182.272525
182.317525
182.32645
182.41495
182.514475
182.629325
182.814
182.8593
182.871475
182.884525
182.92065
182.95835
183.015375
183.099975
183.1557
183.294625
183.31955
183.50655
183.677625
183.688
183.75915
183.7907
183.800675
183.8114
183.826875
183.8398
183.84605
183.866725
184.016675
184.081025
184.1073
184.125
184.144275
184.176375
184.20835
184.24535
184.2622
184.2685
184.2754
184.3015
184.322025
184.3574
184.3844
184.439375
184.47035
184.49085
184.51545
184.536425
184.562625
184.5954
184.62835
184.6507
184.6653
184.683975
184.7105
184.729975
184.745775
184.752075
184.768175
184.80115
184.822
184.852475
184.870475
184.879475
184.92825
184.942025
184.96995
184.9782
185.012875
185.0314
185.126325
185.1471
185.1537
185.23965
185.324825
185.423175
185.540925
185.590925
185.6099
185.62635
185.632225
185.6537
185.6915
185.703775
185.7073
185.742425
185.7659
185.779475
185.78755
185.845825
185.887825
185.9019
185.928525
186.08285
186.1056
186.1255
186.154225
186.259275
186.327375
186.361975
186.423025
186.449125
186.467675
186.55245
186.58475
186.59335
186.615075
186.6224
186.6574
186.662175
186.666825
186.670325
186.67895
186.6834
186.69445
186.70645
186.7149
186.722475
186.73755
186.751625
186.76575
186.8024
186.81235
186.8819
186.936625
186.986225
187.1269
187.16905
187.215475
187.225925
187.244725
187.354075
187.363025
187.39255
187.40945
187.41685
187.433075
187.56615
187.620275
187.67625
187.736725
187.81445
187.848775
187.873075
187.906525
188.4151
188.5886
188.63905
188.66805
188.6868
188.7502
188.816325
188.85145
188.940075
189.1038
189.23165
189.876025
189.907825
189.931675
189.9536
189.96875
189.981725
190.02925
190.038
190.0595
190.089125
190.144325
190.188225
190.221175
190.2427
190.25265
190.302875
190.31245
190.322275
190.3529
190.534075
190.650625
190.685125
190.69865
190.7126
190.7329
190.7531
190.758825
190.776775
190.799725
190.870625
190.9455
190.956375
190.9839
191.01015
191.043525
191.086275
191.105125
191.11205
191.150575
191.167225
191.1947
191.202825
191.213675
191.237425
191.25455
191.265175
191.28095
191.29165
191.3135
191.350975
191.37555
191.4418
191.4765
191.519475
191.560625
191.6245
191.64765
191.676375
191.700975
191.7352
191.797825
191.87095
191.918575
191.9637
191.973375
191.9977
192.0316
192.042825
192.083225
192.11185
192.1558
192.260475
192.32105
192.4255
192.467225
192.475825
192.48875
192.50435
192.52265
192.5616
192.5789
192.6118
192.64655
192.669
192.686225
192.7109
192.71585
192.7559
192.798025
192.83145
192.8418
192.949725
193.025725
193.036675
193.0716
193.112675
193.124725
193.159325
193.249125
193.384675
193.586325
193.642425
193.6588
193.67695
193.69655
193.74055
193.76695
193.790425
193.89615
193.964975
194.1005
194.19985
194.331175
194.39435
194.4621
194.509475
194.533425
194.612375
195.078075
195.144975
195.167225
195.17475
195.215675
195.225975
195.277575
195.3208
195.398625
195.4293
195.448975
195.4903
195.5542
195.8449
195.9475
195.96385
195.98345
195.994425
196.00505
196.015125
196.019275
196.048325
196.41605
196.69235
196.743375
197.13925
197.156925
197.181525
197.2018
197.21605
197.2212
197.2405
197.256525
197.2614
197.304225
197.32165
197.548025
197.7326
197.78265
197.793825
197.839375
197.863
197.87205
197.90985
197.916575
197.976975
198.0089
198.024125
198.030825
198.04955
198.066275
198.098625
198.163675
198.182225
198.18625
198.4114
198.4484
198.57945
198.6867
198.734675
198.9386
198.975675
198.992775
199.0005
199.0533
199.0808
199.1673
199.18025
199.2018
199.208225
199.234825
199.24295
199.253225
199.25895
199.29115
199.308775
199.344575
199.349425
199.363425
199.36995
199.3901
199.413525
199.43835
199.478675
199.5226
199.55285
199.5686
199.5779
199.616325
199.654125
199.67915
199.69085
199.753775
199.7708
199.79925
199.833825
199.86345
199.910725
199.9282
199.9492
199.965975
199.9738
200.0065
200.021325
200.040375
200.07515
200.104675
200.113875
200.154125
200.181025
200.20605
200.2374
200.275925
200.286825
200.3018
200.3081
200.3196
200.3699
200.39785
200.4358
200.448
200.46115
200.4674
200.576525
200.6313
200.64355
200.70635
200.757875
200.788325
200.8337
200.845725
200.84955
200.89545
201.006325
201.032975
201.092075
201.11045
201.128825
201.154575
201.183125
201.221625
201.293225
201.339725
201.36515
201.377825
201.3985
201.41105
201.4463
201.4684
201.528525
201.56985
201.58995
201.759675
201.7939
201.846375
201.931925
201.957025
201.968525
202.00145
202.0633
202.08935
202.097325
202.1196
202.13165
202.1577
202.16955
202.207875
202.24515
202.262025
202.2674
202.2848
202.30535
202.330125
202.347375
202.355175
202.413325
202.52355
202.600375
202.62485
202.850625
202.87745
203.12505
203.165725
203.235875
203.269475
203.423125
203.603775
203.65365
203.7189
204.05865
204.0834
204.149175
204.1619
204.174875
204.198075
204.219775
204.2324
204.4552
204.5158
204.6506
204.745475
204.844075
204.9333
205.141625
205.268325
205.322825
205.344875
205.366075
205.3796
205.453175
205.4775
205.493825
205.50325
205.513975
205.54595
205.56
205.903825
205.9404
206.019625
206.053975
206.09615
206.13045
206.1659
206.231525
206.260775
206.29015
206.30825
206.3215
206.387575
206.44105
206.4767
206.612225
206.7252
206.7317
206.809
206.99665
207.067675
207.1768
207.21925
207.230525
207.244525
207.28385
207.326375
207.3378
207.389625
207.4403
207.595425
207.636425
207.6416
207.665025
207.751325
207.8138
208.3165
208.374975
208.45995
208.4898
208.5054
208.53355
208.56365
208.588625
208.621075
208.63915
208.6489
208.66485
208.67525
208.732525
208.7487
208.801625
208.841
208.885
208.897225
208.951225
208.9909
209.0232
209.054625
209.2173
209.247675
209.281375
209.322225
209.4308
209.69005
209.74515
209.99385
210.051525
210.073175
210.142425
210.2138
210.2654
210.272475
210.27935
210.353625
210.39205
210.4484
210.59605
210.72165
210.87975
210.929675
210.94205
210.9696
210.992025
211.02465
211.03935
211.04505
211.07725
211.101975
211.12065
211.1663
211.257475
211.29495
211.311225
211.4484
211.50655
211.67925
211.70715
211.7324
211.737275
211.742725
212.02125
212.10735
212.14525
212.1723
212.182125
212.191075
212.22105
212.499075
212.590425
212.632075
212.721675
212.8465
212.936775
213.030925
213.08095
213.13805
213.19015
213.199425
213.2219
213.228875
213.234275
213.241725
213.26925
213.2751
213.2863
213.314075
213.345125
213.357825
213.37815
213.409975
213.432325
213.4639
213.501025
213.51075
213.579325
213.6192
213.62455
213.6445
213.64935
213.65435
213.674325
213.6949
213.73665
213.744425
213.765
213.79525
213.80975
213.83975
213.8477
213.950425
214.018325
214.111075
214.209675
214.24735
214.27775
214.2956
214.3042
214.315475
214.32105
214.337875
214.3879
214.400325
214.409425
214.443525
214.466575
214.478
214.49345
214.500525
214.506175
214.51115
214.595625
214.7031
214.917275
214.98055
215.033175
215.0566
215.060425
215.0943
215.143225
215.16635
215.176575
215.194675
215.2215
215.24005
215.2476
215.2658
215.341025
215.356325
215.390975
215.449175
215.500275
215.5502
215.57625
215.60125
215.62445
215.7931
215.8734
215.949525
216.071975
216.10945
216.125525
216.144725
216.456525
216.68405
216.969775
217.0807
217.416725
217.4247
217.43425
217.462925
217.504425
217.527925
217.775375
218.338475
218.541425
218.55135
218.563525
218.5729
218.5863
218.7399
218.811775
218.879725
218.9697
219.1055
219.315125
219.3596
219.399875
219.44465
219.4841
219.521
219.53025
219.542875
219.5512
219.5831
219.62265
219.64715
219.715625
219.833275
219.89445
219.90815
219.92545
219.9823
220.0497
220.057925
220.068925
220.10845
220.160425
220.18565
220.217475
220.292675
220.355825
220.4705
220.550025
220.742525
220.837
220.878325
220.914525
220.940925
220.973675
220.993725
221.0311
221.08235
221.133175
221.14985
221.1648
221.1973
221.215875
221.22295
221.2423
221.2576
221.40425
221.440925
221.444425
221.46715
221.540975
221.586275
221.618375
221.648325
221.69265
221.70905
221.760775
221.779375
221.866775
221.9622
222.14275
222.1671
222.188875
222.2084
222.21855
222.231225
222.25875
222.27135
222.31145
222.327375
222.375
222.408275
222.443725
222.525025
222.541925
222.59945
222.682025
222.703875
222.714075
222.726825
222.747025
222.7668
222.794475
222.828275
222.8625
222.88445
222.90815
222.9546
223.1333
223.1757
223.2358
223.298025
223.318
223.3695
223.399875
223.460875
223.557025
223.616825
223.6755
223.7085
223.77155
223.790075
223.806425
223.815125
223.824225
223.850125
223.86825
223.872825
223.896375
223.907225
223.951325
223.978425
223.9837
224.034625
224.079925
224.113625
224.138375
224.154975
224.1744
224.178725
224.2001
224.218875
224.2264
224.24395
224.25475
224.262325
224.273775
224.288625
224.295175
224.309325
224.316325
224.321175
224.340225
224.350275
224.3594
224.366575
224.375925
224.381175
224.39035
224.39485
224.411325
224.420575
224.4335
224.439575
224.463675
224.47455
224.479875
224.490725
224.52615
224.608075
224.625225
224.634225
224.68655
224.7434
224.772825
224.783
224.832175
224.848175
224.895575
224.927125
224.943275
224.95655
224.972325
225.008175
225.030625
225.054125
225.06865
225.12335
225.136275
225.14255
225.162075
225.18545
225.2016
225.290425
225.320525
225.32725
225.3481
225.37905
225.4107
225.42275
225.43145
225.4999
225.523675
225.559125
225.582425
225.612475
225.6308
225.639075
225.6469
225.673475
225.690625
225.7015
225.7093
225.724875
225.7321
225.763675
225.76835
225.8257
225.8352
225.85455
225.88665
225.949875
225.9601
226.015275
226.0605
226.0722
226.10335
226.117275
226.125575
226.2845
226.38315
226.3914
226.399625
226.4381
226.4532
226.487625
226.513525
226.53
226.534075
226.5593
226.581375
226.59645
226.643025
226.679575
226.684675
226.710525
226.73085
226.756825
226.77685
226.781925
226.7884
226.8111
226.84805
226.87895
226.889075
226.89905
226.91085
226.952425
226.99325
227.003675
227.111325
227.144775
227.182025
227.20965
227.247
227.466475
227.552075
227.58805
227.58895
227.6121
227.689
227.741025
227.7754
227.802025
227.831025
227.880525
227.90655
227.949825
227.963925
227.994125
228.003375
228.01275
228.061875
228.0852
228.0905
228.158575
228.2241
228.232825
228.24895
228.30215
228.308675
228.3773
228.39475
228.444925
228.45805
228.5357
228.5786
228.628275
228.77925
228.7893
228.816325
228.830075
228.8365
228.908625
229.0177
229.127725
229.157425
229.18825
229.24155
229.26035
229.296075
229.298175
229.3063
229.446225
229.458725
229.5176
229.567775
229.6218
229.659575
229.6719
229.7158
229.73655
229.757375
229.776875
229.79565
229.8071
229.82575
229.869025
229.9045
229.9304
229.9945
230.067825
230.08955
230.1163
230.1542
230.193875
230.362075
230.51895
230.6056
230.888725
231.087625
231.10355
231.2449
231.369475
231.416725
231.6342
231.677575
232.2464
232.542175
232.6769
232.70645
232.8978
232.927775
233.002725
233.0907
233.176175
233.243775
233.321275
233.450475
233.518875
233.74965
233.9016
233.92795
233.952625
233.988375
234.075925
234.1536
234.203925
234.223375
234.2873
234.382625
234.4186
234.4322
234.49075
234.564725
234.59035
234.641925
234.70885
234.72085
234.797425
234.9697
235.041875
235.0771
235.09145
235.16345
235.2502
235.3563
235.4704
235.52015
235.5373
235.551825
235.58655
235.64145
235.780075
235.850475
235.875225
235.93755
236.0339
236.091875
236.128925
236.144025
236.18375
236.386075
236.412075
236.55915
236.569475
236.6469
236.80695
236.8427
236.884025
236.919525
236.949
237.0361
237.06795
237.207225
237.250625
237.312275
237.343375
237.39385
237.489975
237.5364
237.591625
237.6274
237.6356
237.718525
237.7836
237.824425
237.866625
237.904875
237.922
237.97515
238.032575
238.069375
238.22275
238.27085
238.32515
238.3734
238.39505
238.400025
238.4404
238.4538
238.462125
238.5237
238.610775
238.6346
238.663175
238.6791
238.739725
238.755375
238.76
238.87475
238.907575
238.912775
238.947675
238.956075
238.98505
239.019725
239.0499
239.0981
239.118675
239.16325
239.23985
239.3117
239.359575
239.375525
239.413775
239.450675
239.496975
239.505175
239.58845
239.632625
239.657575
239.703075
239.719625
239.72485
239.737475
239.75485
239.7712
239.774275
239.7796
239.786625
239.792125
239.9099
239.951225
240.006025
240.038125
240.04575
240.078375
240.1185
240.12515
240.2455
240.271125
240.3268
