5.544325
8.521575
8.762275
10.577
11.247325
11.683975
11.806825
12.207275
12.450425
13.091175
13.249825
13.43535
13.522475
13.90335
14.339675
14.511625
14.6496
14.73255
14.821825
14.925425
15.207675
15.358675
15.69465
16.790875
17.028225
20.01
21.172375
24.20965
40.729625
53.90015
57.322325
68.287175
82.599575
90.174225
96.45485
102.7962
104.275225
109.7875
113.67355
132.263925
138.437625
159.273325
173.375325
192.42425
193.799675
197.193225
212.1992
214.331975
224.374825
226.463325
227.579575
228.071975
228.268525
228.7143
229.21275
232.13155
232.415975
233.7084
235.474575
236.043475
237.44715
237.654525
240.35025
