0.631825
0.770725
1.399575
1.63795
1.841
2.566475
3.512775
3.769675
4.50305
4.780725
4.98515
5.62565
5.996375
6.236575
6.944425
7.2614
7.55275
7.887025
8.280525
8.39385
9.10755
9.281175
9.35625
9.51795
10.7914
11.152175
11.419375
11.590125
11.707975
11.825525
11.992675
13.191725
13.498475
13.678225
13.929775
14.490375
14.812825
15.985575
16.1007
16.3093
17.53655
18.329775
18.480625
19.185625
19.366975
19.536875
19.672725
20.648625
20.74985
21.58325
21.75435
21.938025
22.5175
22.804825
23.4208
23.62615
23.765175
23.89545
24.159125
25.004525
25.178375
25.3514
26.032875
26.129425
26.2364
27.16775
27.38825
27.788475
28.27995
28.385275
29.090925
29.647
30.177075
30.3295
31.14995
31.484725
31.61485
31.8489
31.967
32.7622
32.965825
33.09915
33.23045
34.06995
34.3353
34.508925
35.188475
35.279725
35.430875
35.5738
35.8057
36.576675
36.839525
37.59385
37.69445
37.79835
37.928925
37.947825
39.1449
39.2398
40.1429
40.29655
40.524975
41.1706
41.383725
41.55415
42.6911
43.4261
43.749625
43.92465
44.7215
44.9383
45.108275
45.221425
46.27125
46.401175
47.4443
47.61475
48.4726
48.9145
49.098375
49.302975
49.9968
50.185675
51.141475
51.478625
52.183325
52.320375
52.718925
53.440475
53.853025
54.60205
54.942425
55.1368
55.313775
56.0673
56.941375
57.211775
57.8627
59.085325
60.2769
60.691225
61.4096
62.145225
62.4454
63.075025
63.281625
64.088125
64.335575
64.96205
65.687275
66.0413
66.3114
67.017125
67.31645
67.515725
68.1472
68.3506
69.4707
69.9074
70.12915
70.317375
70.461625
71.11175
71.272825
71.5489
72.187475
72.486675
72.6619
72.773325
73.464725
73.613
73.766575
74.384425
74.562425
74.7378
75.50955
75.74
75.920725
76.095275
76.7333
77.0537
77.272425
77.372025
78.082925
78.2312
78.559675
79.071675
79.343275
79.933675
80.22095
80.336225
80.47805
81.25315
81.5389
81.645325
82.313975
82.4847
83.34225
83.625425
84.453975
84.773475
85.105
85.696925
85.923225
86.197375
86.913875
87.0579
87.2836
87.4419
88.200025
88.84065
89.021725
89.203575
89.90525
90.866475
91.257425
91.763575
92.491525
92.8247
93.009275
93.278525
94.600775
95.362425
95.704025
96.299275
96.589
96.887675
97.90255
98.155425
98.371525
99.03565
99.350075
99.525275
99.56835
100.24515
100.6257
101.35555
101.6479
101.8316
102.5174
102.968075
103.91915
104.076475
104.761375
105.015325
105.76285
106.204425
106.34335
106.567525
107.2546
107.387075
107.670075
108.462025
108.69165
109.4796
110.37745
110.69885
111.830925
113.43455
114.32205
114.659175
115.42245
116.3262
116.3445
116.70985
117.06
117.815625
118.5367
119.117075
119.757925
120.49135
121.014225
121.44225
122.0744
122.488125
123.018375
123.436025
124.038175
124.3542
125.073375
125.48355
125.65995
125.769875
126.6249
126.95855
127.3213
128.349775
128.608125
129.21235
130.064
130.760925
131.0928
131.932125
132.78045
133.7712
134.824175
135.364025
136.32285
136.654725
137.135925
138.337925
139.05065
139.9087
140.33965
140.9526
141.519275
142.1484
142.514225
143.12885
143.534
143.6876
143.824575
144.509675
144.6923
145.475925
145.648025
146.389
146.858325
147.640875
148.29125
149.0098
149.303225
150.2423
150.590875
150.788475
151.434475
151.681725
151.88385
152.64245
152.839075
153.03745
153.650225
153.835475
154.53085
154.7764
154.918225
155.6452
155.812525
156.0273
156.6867
156.958775
157.302525
157.503375
158.0804
158.267775
159.47225
159.756025
159.86885
160.72225
161.09495
162.174325
162.5522
162.8658
163.62155
164.305275
164.59355
164.927275
165.72
165.880275
166.666375
166.95445
167.693025
167.96975
168.21775
169.00685
169.718275
169.946175
170.13825
170.933225
171.32005
171.61715
172.15635
172.38575
172.45505
173.0607
173.293775
174.30315
174.867725
175.25925
175.889025
176.2056
176.4384
177.2722
178.391825
179.152675
179.5871
180.436675
180.49215
180.7248
181.588375
182.5611
182.866025
183.564225
183.848725
184.4737
184.756625
186.0552
186.33395
186.764325
187.156425
187.34205
187.673625
188.352425
188.564325
188.72135
189.36385
189.62585
189.83755
190.547425
190.7328
191.410325
191.68965
192.526925
193.565175
194.534325
194.757275
195.58805
195.918575
196.778725
197.07085
198.015575
198.54445
198.79775
199.742825
200.123975
200.330775
201.025425
201.26065
201.47935
202.1188
202.4039
202.5509
202.7217
203.373475
203.696975
203.94195
204.09265
204.780425
205.105425
205.371875
206.14735
206.31665
207.088925
207.219825
207.37975
207.563625
208.476575
208.6793
208.855825
209.03625
209.6847
209.843725
210.65395
210.9029
211.07965
211.57755
212.028225
212.8796
213.270075
214.0779
214.941275
215.48615
215.900725
216.252975
217.044975
217.2538
217.612375
218.314025
218.502175
219.160325
219.338775
219.5382
220.3531
220.771525
221.61185
222.227475
222.919525
223.238775
223.719825
223.725125
223.89475
224.08515
224.239075
225.23205
225.522975
225.75945
226.1519
226.43925
226.701875
226.815475
226.9198
227.757975
229.0581
229.227025
229.685025
229.976975
230.64475
231.078675
231.2117
231.338425
231.45695
232.132275
232.61815
232.7241
234.650825
234.95435
235.42385
236.05755
236.5913
237.568275
237.732125
237.742775
238.416225
238.50185
238.6061
239.47195
239.6336
240.238925
240.37725
