0.0229
0.05225
0.0741
0.0937
0.10025
0.11545
0.127475
0.1403
0.1751
0.186925
0.250325
0.2823
0.309775
0.326675
0.376775
0.4503
0.513475
0.587875
0.6698
0.753375
0.8512
0.9064
0.94865
0.976575
1.000175
1.022775
1.037775
1.053
1.0879
1.186525
1.19985
1.257675
1.281325
1.3058
1.38275
1.47205
1.5407
1.622825
1.675175
1.75605
1.82465
1.903275
1.942425
2.010775
2.048725
2.07785
2.106525
2.1304
2.146775
2.16735
2.214225
2.2309
2.242625
2.25765
2.275225
2.291
2.374025
2.4164
2.44725
2.5144
2.57115
2.624925
2.7141
2.77935
2.8369
2.889475
2.91685
2.946625
3.0123
3.04055
3.088675
3.1064
3.12495
3.1392
3.161325
3.2155
3.229625
3.258225
3.286075
3.316475
3.365725
3.416375
3.49095
3.549675
3.624125
3.6764
3.743225
3.845475
3.891575
3.934025
3.973925
4.01875
4.0442
4.07105
4.09715
4.10815
4.132625
4.1518
4.1759
4.191175
4.211325
4.22355
4.237875
4.259975
4.276275
4.30625
4.330375
4.38225
4.41455
4.464275
4.53875
4.6077
4.6781
4.760425
4.823825
4.90035
4.960575
5.0199
5.1011
5.15565
5.194475
5.214875
5.226525
5.24505
5.2623
5.290825
5.320925
5.338575
5.3776
5.404775
5.46645
5.5154
5.591825
5.68775
5.72375
5.76865
5.786075
5.815325
5.838075
5.889875
5.928025
5.96975
6.045325
6.151675
6.204075
6.284525
6.303825
6.355775
6.41765
6.46915
6.50835
6.56345
6.5843
6.615925
6.6646
6.711425
6.72965
6.75115
6.7841
6.796825
6.815075
6.829125
6.850675
6.8801
6.9156
6.92915
6.966475
6.990075
7.019075
7.04425
7.06315
7.10545
7.1295
7.16135
7.22655
7.26185
7.2964
7.343575
7.386975
7.433525
7.468225
7.4821
7.4997
7.519625
7.61265
7.640075
7.66575
7.683725
7.7171
7.81895
7.858975
7.87735
7.901175
7.925025
7.948475
7.971775
7.995925
8.091225
8.11585
8.16215
8.19865
8.25125
8.304325
8.332525
8.39075
8.4553
8.504425
8.5549
8.651475
8.73825
8.803175
8.853725
8.8937
8.920275
8.950425
8.98525
9.011575
9.0793
9.1077
9.188725
9.28025
9.33005
9.455875
9.58445
9.635275
9.673475
9.72795
9.7671
9.804375
9.8281
9.8399
9.88175
9.912475
9.9429
9.971
10.00785
10.04425
10.074425
10.148275
10.179125
10.198225
10.221125
10.2454
10.258375
10.293975
10.335175
10.353775
10.37735
10.42635
10.43555
10.4676
10.4918
10.52005
10.552475
10.669525
10.68805
10.712125
10.736025
10.771525
10.795975
10.870475
10.9425
10.983475
11.043875
11.087025
11.123275
11.163175
11.205825
11.2741
11.32455
11.407375
11.455225
11.501725
11.553
11.6052
11.664975
11.70875
11.8244
11.901425
11.948075
12.0209
12.117825
12.166
12.286925
12.373575
12.4961
12.510775
12.583375
12.636775
12.68605
12.746875
12.81045
12.85565
12.88545
12.91555
12.939
12.963525
12.993475
13.020875
13.0539
13.1081
13.1705
13.196725
13.262025
13.3076
13.342
13.38725
13.424125
13.456475
13.50195
13.518275
13.753175
13.88005
14.07475
14.110075
14.161825
14.218525
14.2713
14.300725
14.322825
14.356175
14.377275
14.3956
14.418775
14.46465
14.4897
14.51745
14.536025
14.5809
14.641725
14.7506
14.840275
14.95915
15.001675
15.04895
15.1053
15.186825
15.229825
15.2461
15.27085
15.29435
15.3322
15.351575
15.371525
15.406975
15.43425
15.460725
15.481525
15.500775
15.541725
15.597675
15.648
15.693625
15.7335
15.816925
15.91095
15.973325
16.09845
16.127575
16.1892
16.267975
16.422475
16.485925
16.571975
16.65365
16.71305
16.858125
16.906825
16.95485
16.999125
17.09035
17.163875
17.2548
17.31745
17.394175
17.5197
17.6284
17.6873
17.7401
17.7594
17.777875
17.787475
17.80125
17.826675
17.839875
17.867975
17.9045
17.9308
17.971475
18.006675
18.0397
18.0601
18.0738
18.098775
18.121525
18.14325
18.1927
18.231625
18.258075
18.350675
18.41395
18.506975
18.5499
18.569375
18.5884
18.6158
18.636825
18.6783
18.70105
18.720125
18.73495
18.77495
18.811525
18.84295
18.896225
18.917575
18.941875
18.984175
19.016325
19.05045
19.136075
19.20605
19.36325
19.453225
19.515525
19.599025
19.685175
19.726775
19.8152
19.8581
19.90555
19.9551
19.9892
20.007475
20.01715
20.049625
20.05945
20.08065
20.095625
20.1224
20.1446
20.206125
20.226375
20.2465
20.271375
20.28745
20.305975
20.3273
20.349325
20.385475
20.460925
20.523175
20.5629
20.648275
20.703775
20.768375
20.81785
20.899975
20.9411
20.981575
21.0333
21.058475
21.080475
21.12065
21.154025
21.17395
21.2069
21.22825
21.24515
21.26575
21.279025
21.29665
21.338575
21.392125
21.44635
21.52935
21.584975
21.668325
21.77065
21.828175
21.89675
21.9584
21.996975
22.034975
22.049125
22.062875
22.094
22.11035
22.1306
22.14355
22.15825
22.180325
22.201975
22.275025
22.363025
22.393325
22.4865
22.546525
22.584925
22.624125
22.665175
22.713825
22.787075
22.832975
22.918275
22.947325
23.00515
23.03375
23.07
23.099275
23.124525
23.143575
23.173925
23.194875
23.214625
23.236125
23.26115
23.281775
23.3006
23.335375
23.4088
23.446425
23.538375
23.626025
23.687325
23.794425
23.860475
24.02135
24.091925
24.18375
24.2154
24.2701
24.315525
24.352375
24.404825
24.427975
24.44885
24.469075
24.499425
24.51725
24.5369
24.560325
24.582
24.60795
24.66375
24.678725
24.708525
24.729325
24.74595
24.770025
24.7997
24.947825
24.99485
25.051325
25.1265
25.2099
25.26035
25.299975
25.34435
25.37105
25.40795
25.420025
25.4401
25.4581
25.466225
25.4918
25.550825
25.5828
25.613825
25.648175
25.7211
25.74825
25.832325
25.8519
25.889675
25.915875
25.9856
26.031275
26.069525
26.12505
26.188
26.30265
26.360425
26.4552
26.535825
26.58815
26.60215
26.627375
26.6422
26.6644
26.678125
26.68905
26.717125
26.7314
26.749
26.7766
26.791575
26.851025
26.868625
26.889875
26.974575
26.98755
27.0034
27.015775
27.08075
27.109225
27.179
27.225275
27.279725
27.339475
27.443775
27.499425
27.574
27.617925
27.652475
27.6815
27.71645
27.74735
27.810925
27.84115
27.854425
27.89065
27.9119
27.938925
27.965525
27.9951
28.0259
28.05185
28.078725
28.126075
28.17165
28.2231
28.31685
28.40885
28.45525
28.55235
28.590175
28.63965
28.679025
28.71465
28.762025
28.8121
28.877725
28.96715
29.017825
29.097075
29.1836
29.249075
29.34535
29.418275
29.45755
29.534125
29.564725
29.58455
29.6216
29.655125
29.6873
29.7257
29.7822
29.9003
29.994675
30.024675
30.053525
30.0972
30.1546
30.199775
30.2379
30.2871
30.333375
30.40895
30.460475
30.5673
30.629925
30.672575
30.727525
30.759975
30.7843
30.7987
30.821875
30.84475
30.86965
30.910975
30.982175
31.078975
31.09155
31.128675
31.196025
31.218275
31.2633
31.312675
31.3544
31.4017
31.46355
31.533
31.60435
31.673275
31.7243
31.778675
31.850225
31.914025
31.98875
32.01905
32.0782
32.1738
32.18235
32.22665
32.249575
32.2892
32.299325
32.307825
32.330925
32.4102
32.462925
32.47785
32.520525
32.5294
32.5756
32.623775
32.652375
32.6897
32.715825
32.796875
32.8493
32.9023
32.975275
33.030425
33.087575
33.155325
33.208675
33.262725
33.3855
33.478975
33.5191
33.54625
33.56175
33.5737
33.588375
33.6054
33.6891
33.71875
33.72785
33.82145
33.8425
33.8748
33.923
33.974875
34.006575
34.0262
34.069575
34.1442
34.219825
34.28055
34.3509
34.426175
34.46195
34.53435
34.62405
34.6579
34.676
34.6863
34.70095
34.7127
34.73235
34.745775
34.7655
34.8318
34.99005
34.99945
35.0229
35.081175
35.1156
35.144475
35.1799
35.2051
35.244275
35.268625
35.302025
35.360775
35.40125
35.456025
35.518675
35.567925
35.619575
35.68035
35.7249
35.787675
35.860275
35.9355
35.95545
36.034575
36.114325
36.123325
36.12915
36.1578
36.16845
36.1843
36.281325
36.3002
36.3099
36.318875
36.335575
36.366225
36.3842
36.432725
36.4549
36.483375
36.52205
36.562025
36.6021
36.6679
36.7458
36.802425
36.852575
36.91535
36.964375
36.9935
37.04925
37.103425
37.129575
37.165425
37.192225
37.246875
37.26645
37.31555
37.33345
37.371
37.39805
37.4374
37.500775
37.59025
37.637825
37.7202
37.80345
37.87675
37.9217
37.9985
38.042625
38.088475
38.13705
38.150475
38.17
38.193475
38.212375
38.2409
38.27655
38.292175
38.3034
38.363675
38.3901
38.421525
38.431575
38.476275
38.49215
38.541475
38.5849
38.625675
38.66135
38.678925
38.766375
38.790025
38.841725
38.889875
38.95995
39.024225
39.103675
39.16905
39.2155
39.284625
39.359725
39.422
39.474775
39.53015
39.55935
39.641725
39.67675
39.68865
39.721475
39.74985
39.7726
39.7892
39.860775
39.888275
39.915925
39.93685
39.9646
40.036525
40.083025
40.142175
40.212125
40.282475
40.33
40.38845
40.443825
40.514975
40.577725
40.680775
40.740675
40.7776
40.82965
40.8514
40.867125
40.89915
40.924
40.9329
40.964125
40.97245
41.009325
41.051575
41.078025
41.093775
41.1224
41.145575
41.192725
41.2464
41.304925
41.34875
41.391175
41.45415
41.49855
41.5845
41.643225
41.733125
41.7802
41.844175
41.884275
41.924
41.943975
41.9694
42.001375
42.027425
42.03605
42.058275
42.0741
42.098125
42.187975
42.20725
42.223575
42.260025
42.283675
42.309375
42.37865
42.436925
42.5242
42.58755
42.66375
42.713475
42.7863
42.841975
42.963725
42.99065
43.023925
43.0658
43.09465
43.151125
43.1619
43.196825
43.27715
43.296575
43.315075
43.368325
43.382325
43.404375
43.43175
43.4703
43.511475
43.54325
43.56845
43.614075
43.6533
43.710325
43.769925
43.810225
43.875175
43.90675
43.9638
44.041825
44.1011
44.177125
44.248325
44.285025
44.306375
44.3306
44.3614
44.3864
44.40185
44.437825
44.457525
44.473025
44.503325
44.522775
44.554875
44.5756
44.6312
44.678175
44.759925
44.80725
44.885
44.945425
45.018825
45.0821
45.13985
45.21805
45.31455
45.36725
45.463475
45.5158
45.5442
45.554625
45.5816
45.611275
45.625275
45.64275
45.656825
45.6894
45.71575
45.7453
45.762325
45.782475
45.807475
45.833275
45.866325
45.8967
45.923025
45.95285
46.02825
46.143325
46.195775
46.245175
46.271125
46.336825
46.391225
46.432075
46.5037
46.535825
46.5481
46.5561
46.594775
46.615625
46.631025
46.656575
46.6915
46.7277
46.7454
46.7635
46.80525
46.82465
46.84065
46.859375
46.8817
46.9083
46.941025
47.002675
47.06705
47.1013
47.1272
47.14555
47.184475
47.263225
47.3169
47.38885
47.477075
47.527775
47.58595
47.64755
47.689275
47.7346
47.8224
47.8763
47.91385
47.95175
48.007325
48.098025
48.14195
48.222725
48.264375
48.322125
48.383
48.4272
48.481525
48.50765
48.556075
48.565625
48.57835
48.59835
48.6208
48.635875
48.66715
48.69615
48.71555
48.755975
48.815725
48.848175
48.926425
48.96945
49.011775
49.054275
49.12555
49.16495
49.243525
49.323875
49.3821
49.42115
49.457075
49.477
49.49825
49.517425
49.530825
49.570575
49.59365
49.63935
49.6612
49.680025
49.68715
49.73345
49.7554
49.7652
49.789875
49.802025
49.83675
49.887075
49.91145
49.9455
49.995275
50.087325
50.1595
50.2952
50.347125
50.404025
50.46045
50.52
50.5654
50.621775
50.63145
50.677125
50.71555
50.733825
50.764425
50.78305
50.8029
50.811425
50.8299
50.84015
50.85295
50.873575
50.902925
50.920075
50.930375
50.9501
50.968625
50.98645
51.060225
51.08975
51.1263
51.1681
51.2222
51.264225
51.320625
51.373675
51.4249
51.490625
51.53675
51.569575
51.627175
51.65365
51.6925
51.7135
51.730075
51.7526
51.76185
51.78015
51.797225
51.812275
51.825875
51.847775
51.888875
51.92955
51.95235
52.01605
52.03775
52.0587
52.092125
52.124125
52.147775
52.198925
52.258325
52.323925
52.383775
52.442175
52.5218
52.567925
52.627275
52.67955
52.754225
52.8484
52.91075
52.970875
53.00605
53.022675
53.032075
53.05115
53.0635
53.083825
53.1005
53.11075
53.1235
53.1394
53.170225
53.199575
53.23645
53.2603
53.28225
53.297925
53.3269
53.355975
53.384625
53.4005
53.434125
53.4604
53.48125
53.515725
53.56755
53.603975
53.62945
53.670925
53.7382
53.784
53.835
53.897125
53.9271
53.970775
54.02805
54.0854
54.116425
54.14425
54.1725
54.204375
54.2124
54.219675
54.23835
54.251175
54.26355
54.3139
54.325475
54.343775
54.40455
54.42765
54.442475
54.46875
54.4875
54.5118
54.52365
54.56985
54.613325
54.632925
54.683975
54.731825
54.80135
54.84465
54.889375
54.954575
55.0147
55.072875
55.129625
55.150775
55.19125
55.2819
55.352325
55.42205
55.4419
55.455525
55.482775
55.498525
55.519275
55.568325
55.602775
55.630825
55.651475
55.681075
55.71235
55.79625
55.915225
55.981675
56.04485
56.128875
56.217725
56.28315
56.3586
56.379525
56.42695
56.4349
56.4535
56.4643
56.5065
56.562575
56.580875
56.606725
56.635925
56.66745
56.690925
56.705875
56.727075
56.796025
56.834275
56.872375
57.01585
57.0816
57.165725
57.2565
57.34425
57.4473
57.48025
57.507725
57.52905
57.544225
57.559525
57.628775
57.651
57.672875
57.702475
57.7311
57.76605
57.820175
57.89805
57.9413
58.051525
58.127525
58.2467
58.313875
58.359925
58.394625
58.438
58.475175
58.496425
58.5145
58.526375
58.54235
58.560525
58.579275
58.601625
58.619375
58.65445
58.67725
58.730825
58.74915
58.80095
58.8237
58.876075
58.92645
58.99795
59.068025
59.138875
59.1954
59.2997
59.33235
59.367575
59.41335
59.507775
59.604475
59.710925
59.785825
59.81065
59.828625
59.84745
59.859225
59.888625
59.910225
59.924075
60.0029
60.0505
60.06125
60.084525
60.127325
60.17415
60.2002
60.255175
60.31475
60.363
60.433225
60.46685
60.5137
60.590375
60.651175
60.67365
60.701875
60.74995
60.7641
60.83485
60.856675
60.877275
60.896075
60.9161
60.9475
60.980275
61.001025
61.025225
61.05825
61.08785
61.104175
61.136475
61.1697
61.206975
61.249725
61.2863
61.358075
61.436375
61.51635
61.611125
61.634425
61.658575
61.688775
61.704025
61.7407
61.771825
61.826075
61.881725
61.897925
61.93645
61.9549
61.974525
62.09605
62.167575
62.198375
62.2651
62.335025
62.393
62.461625
62.5189
62.5601
62.59885
62.628725
62.646775
62.6625
62.6834
62.701525
62.718475
62.732975
62.74875
62.761775
62.8023
62.81935
62.842025
62.86915
62.88095
62.9145
62.941725
62.97035
63.020725
63.0604
63.172625
63.277875
63.37305
63.455075
63.566225
63.600825
63.667475
63.69715
63.724425
63.7469
63.788825
63.8066
63.835725
63.865125
63.882075
63.90765
63.935275
63.98325
63.9971
64.046775
64.088075
64.166525
64.2006
64.265025
64.421125
64.447375
64.4726
64.49045
64.517725
64.5345
64.559925
64.6127
64.64595
64.6826
64.712575
64.748875
64.791275
64.81735
64.86155
64.90695
64.9738
65.032075
65.10235
65.1597
65.252625
65.3212
65.368575
65.4303
65.46185
65.4942
65.5377
65.60245
65.643825
65.706275
65.763325
65.83905
65.887375
65.945175
66.05215
66.1053
66.21035
66.2644
66.35705
66.3977
66.427525
66.461825
66.480175
66.48705
66.50875
66.5331
66.611425
66.6375
66.643475
66.6794
66.705
66.712875
66.720225
66.743775
66.7729
66.808975
66.842675
66.8515
66.891775
66.97295
67.045025
67.066375
67.091475
67.145
67.166975
67.192825
67.231125
67.2534
67.303775
67.3356
67.389
67.466675
67.57515
67.605975
67.63095
67.665375
67.683425
67.71235
67.73315
67.747375
67.768
67.7907
67.829125
67.907875
67.9441
67.992725
68.0292
68.0907
68.149275
68.21035
68.2444
68.310075
68.413125
68.467775
68.54045
68.564
68.580325
68.6168
68.649975
68.710875
68.75535
68.83215
68.919025
69.038375
69.074225
69.112875
69.1427
69.1759
69.21805
69.229975
69.29105
69.320325
69.3533
69.39745
69.430675
69.46455
69.50025
69.5298
69.5441
69.6147
69.655475
69.6731
69.713575
69.72655
69.764225
69.78205
69.8058
69.825
69.8844
69.942825
70.0188
70.130325
70.213825
70.265725
70.348925
70.4038
70.466475
70.548425
70.5616
70.597925
70.6272
70.6578
70.669975
70.685175
70.69145
70.708275
70.7954
70.83385
70.94255
70.999675
71.0982
71.1769
71.26255
71.312325
71.39035
71.44105
71.555225
71.58805
71.6445
71.66565
71.674325
71.704125
71.710775
71.716
71.7204
71.72875
71.73915
71.76715
71.874425
71.9007
71.94415
72.003325
72.028675
72.077525
72.105775
72.1527
72.210325
72.26425
72.329725
72.39715
72.455075
72.545975
72.60125
72.6819
72.71935
72.790625
72.87525
72.9041
72.92395
72.94815
72.9675
72.982625
72.999775
73.013725
73.0531
73.074075
73.1159
73.13855
73.17235
73.20235
73.222125
73.25495
73.276375
73.29165
73.319875
73.338725
73.367525
73.4684
73.558375
73.6276
73.70605
73.745575
73.846925
73.87425
73.89565
73.9214
73.937425
73.95635
73.979675
73.996125
74.016375
74.038025
74.105875
74.11095
74.131225
74.1387
74.173775
74.2768
74.3385
74.3824
74.44785
74.5115
74.5938
74.6919
74.759625
74.804525
74.857025
74.924325
74.966025
74.984175
75.00795
75.020675
75.080475
75.097725
75.11245
75.12505
75.141825
75.1547
75.1934
75.20745
75.22975
75.261675
75.35305
75.38125
75.416325
75.452375
75.5245
75.559875
75.59775
75.634225
75.6965
75.737475
75.778975
75.847525
75.899875
75.9534
75.992875
76.034275
76.081975
76.14665
76.19345
76.222925
76.25565
76.2667
76.290125
76.30465
76.3255
76.35975
76.406225
76.43715
76.578275
76.62955
76.6425
76.70975
76.73195
76.757975
76.82355
76.83875
76.882425
76.90745
76.953925
77.02545
77.074125
77.143875
77.1809
77.2409
77.297175
77.344875
77.482075
77.521825
77.554475
77.569525
77.5967
77.619875
77.639525
77.664275
77.6804
77.7092
77.717225
77.783875
77.803575
77.8488
77.8631
77.94125
77.96795
78.01635
78.05335
78.106425
78.152875
78.216675
78.26465
78.322725
78.3665
78.444875
78.4758
78.516575
78.5376
78.558725
78.623975
78.638375
78.659525
78.6742
78.69865
78.734
78.815875
78.8579
78.889425
78.929475
78.976725
79.0304
79.0555
79.08365
79.125125
79.18535
79.259025
79.316275
79.3838
79.457475
79.524775
79.558975
79.59925
79.66
79.701525
79.7478
79.766925
79.7832
79.84985
79.873275
79.89135
79.9294
79.95085
79.9857
80.019975
80.0705
80.107975
80.156225
80.21325
80.2811
80.3424
80.405
80.471975
80.552275
80.59515
80.6577
80.692775
80.731875
80.746075
80.772175
80.81045
80.830125
80.850475
80.874525
80.89545
80.912725
80.94535
80.96495
80.993225
81.030975
81.039525
81.060825
81.096125
81.146375
81.231975
81.2731
81.33825
81.385875
81.432925
81.51905
81.5822
81.641075
81.684325
81.777575
81.80245
81.8438
81.8918
81.92165
81.946325
81.967025
81.983275
82.0029
82.013325
82.0407
82.0896
82.172025
82.2228
82.251675
82.285675
82.3281
82.37965
82.445925
82.512075
82.584525
82.623075
82.66775
82.7442
82.776975
82.807225
82.838625
82.878425
82.9265
82.959875
82.9721
83.0024
83.029275
83.04815
83.0579
83.076075
83.09135
83.116125
83.131925
83.144325
83.167675
83.187475
83.254175
83.282125
83.305825
83.329025
83.387
83.446
83.483825
83.530975
83.587775
83.645225
83.70225
83.75925
83.826
83.896525
83.950575
83.9771
84.0114
84.0331
84.0589
84.086625
84.103075
84.122725
84.142725
84.175975
84.204325
84.221025
84.237325
84.248275
84.262225
84.377875
84.39995
84.4811
84.536175
84.5754
84.6528
84.712
84.77665
84.8289
84.898875
84.966075
85.0212
85.118975
85.169675
85.213525
85.2372
85.25305
85.2719
85.284425
85.305125
85.3309
85.3487
85.363975
85.3847
85.405875
85.430125
85.4804
85.496525
85.546625
85.58415
85.63085
85.71705
85.777825
85.864425
85.933825
85.9887
86.039375
86.111275
86.17655
86.195225
86.231675
86.295725
86.352575
86.37455
86.401525
86.435275
86.45405
86.468525
86.516875
86.5325
86.55585
86.60545
86.635375
86.673575
86.69185
86.734875
86.774475
86.8808
86.96625
87.01345
87.088075
87.162725
87.2369
87.355375
87.4144
87.51265
87.580525
87.667475
87.686425
87.70975
87.735325
87.7588
87.792725
87.813325
87.8207
87.833175
87.85625
87.87895
87.907625
87.96365
88.00435
88.021925
88.058
88.122
88.167675
88.224525
88.2758
88.3974
88.42975
88.458075
88.4884
88.529475
88.559875
88.604175
88.653425
88.67425
88.701425
88.717475
88.7577
88.8127
88.87635
88.9561
89.041
89.117525
89.1517
89.218025
89.267725
89.333125
89.3996
89.42315
89.44745
89.457225
89.47085
89.48835
89.514475
89.5319
89.5608
89.610825
89.63545
89.672875
89.724375
89.7997
89.8948
89.936625
90.02855
90.11225
90.1811
90.243725
90.316275
90.390725
90.4143
90.4375
90.4686
90.4787
90.4962
90.5147
90.5412
90.559225
90.580575
90.6184
90.650775
90.6782
90.7527
90.8105
90.845925
90.9087
91.0285
91.102475
91.159725
91.22755
91.27925
91.3533
91.433075
91.505625
91.59695
91.643575
91.730575
91.806025
91.82535
91.887625
91.912025
91.935275
91.946975
91.9643
91.976525
92.00215
92.018225
92.030975
92.0489
92.093825
92.111925
92.134425
92.150275
92.17725
92.187175
92.2038
92.231625
92.28505
92.3271
92.389675
92.427725
92.4488
92.509725
92.531125
92.6242
92.6849
92.7183
92.790975
92.855425
92.9505
93.016425
93.092325
93.131575
93.1945
93.248725
93.280275
93.359275
93.41025
93.528625
93.57655
93.6298
93.684425
93.71415
93.74905
93.7678
93.7939
93.814625
93.8273
93.85235
93.874125
93.90425
93.914275
93.92905
93.9598
93.985475
94.007675
94.054675
94.08405
94.12315
94.1565
94.18965
94.2283
94.286325
94.359925
94.4427
94.50665
94.561225
94.6188
94.673125
94.7353
94.784525
94.801
94.846475
94.876275
94.8931
94.928675
94.947075
94.975525
95.0029
95.023475
95.045075
95.066475
95.082725
95.11015
95.142775
95.16645
95.218475
95.261575
95.3312
95.40435
95.490925
95.56715
95.62475
95.66635
95.76955
95.787425
95.8129
95.831625
95.877725
95.91385
95.923875
95.94535
95.99575
96.018975
96.039675
96.073075
96.1079
96.135325
96.16675
96.204325
96.268825
96.33595
96.39525
96.464225
96.536175
96.62835
96.68415
96.745925
96.819025
96.8955
96.94195
97.006875
97.0731
97.160375
97.207875
97.301
97.3266
97.353075
97.377125
97.4055
97.429425
97.451975
97.471175
97.4981
97.51445
97.54225
97.578525
97.60345
97.641525
97.66015
97.69095
97.705925
97.7309
97.75375
97.794925
97.83195
97.881
97.9243
97.9938
98.0622
98.16115
98.2355
98.27465
98.347175
98.4031
98.46165
98.504625
98.52465
98.5543
98.5714
98.581375
98.59605
98.61775
98.64835
98.675275
98.6978
98.720575
98.7487
98.7747
98.7974
98.8319
98.8567
98.88465
98.9104
98.939925
98.9823
99.006725
99.04025
99.09725
99.137875
99.1839
99.227575
99.29985
99.33825
99.37975
99.444725
99.50725
99.565775
99.607775
99.62995
99.656775
99.682175
99.6911
99.713625
99.73355
99.756825
99.786775
99.812
99.84535
99.859925
99.88315
99.902375
99.919125
99.939775
100.117
100.176375
100.24515
100.315975
100.3909
100.441575
100.492475
100.549175
100.636475
100.7056
100.7557
100.78165
100.80575
100.815075
100.824075
100.8383
100.855875
100.87
100.888925
100.896525
100.92255
100.936625
100.95525
100.97265
101.021275
101.056575
101.08635
101.11075
101.1326
101.180875
101.198175
101.2197
101.238775
101.27085
101.300125
101.330125
101.36715
101.396925
101.4319
101.54425
101.582975
101.6296
101.694125
101.7641
101.82265
101.8867
101.9929
102.07305
102.109275
102.141525
102.158575
102.18935
102.20955
102.24335
102.271875
102.33295
102.394175
102.46565
102.5436
102.681525
102.76525
102.829775
102.884125
102.935725
102.9839
103.014125
103.045875
103.0652
103.077975
103.106475
103.14715
103.163775
103.19695
103.220925
103.25215
103.302025
103.337925
103.370875
103.427675
103.456975
103.48065
103.50055
103.5166
103.5674
103.5907
103.653275
103.6981
103.77835
103.862675
103.909275
103.971575
104.022325
104.106375
104.17155
104.243025
104.325825
104.344825
104.35425
104.398725
104.420075
104.44275
104.46165
104.511925
104.571825
104.597475
104.629675
104.7679
104.826275
104.8884
104.93375
104.99175
105.0548
105.141425
105.20955
105.2499
105.280425
105.3397
105.34715
105.373725
105.39595
105.430025
105.45765
105.47635
105.57445
105.634175
105.66355
105.704675
105.7888
105.817375
105.8384
105.8606
105.885875
105.903
105.9294
105.9647
105.99055
106.008425
106.038225
106.0805
106.1519
106.2359
106.332775
106.3905
106.449575
106.554525
106.594775
106.6212
106.638825
106.6591
106.6705
106.68245
106.700775
106.718975
106.73385
106.7617
106.79745
106.8331
106.851375
106.87105
106.89875
106.90915
106.940975
106.966025
107.044775
107.08785
107.137625
107.21645
107.290575
107.346775
107.479375
107.5462
107.6078
107.6776
107.728775
107.77355
107.811675
107.844725
107.866575
107.90005
107.936225
107.964575
107.984125
108.02795
108.0595
108.0862
108.113475
108.13555
108.1564
108.19435
108.2414
108.38635
108.4875
108.551675
108.6167
108.67445
108.7563
108.81615
108.881375
108.908725
108.937225
108.965
108.98725
109.0111
109.03205
109.04395
109.05875
109.081225
109.09575
109.14
109.16695
109.185875
109.208275
109.2199
109.237125
109.257725
109.311825
109.377925
109.4971
109.563775
109.658325
109.729275
109.767475
109.8248
109.88255
109.906475
109.9398
109.994975
110.01715
110.040525
110.06515
110.090625
110.116375
110.1343
110.152225
110.214675
110.2737
110.32155
110.3852
110.463675
110.5124
110.58815
110.664625
110.7278
110.7775
110.835125
110.9455
110.9874
111.17035
111.24415
111.253475
111.26835
111.286475
111.300625
111.31535
111.32885
111.37735
111.418725
111.452975
111.471575
111.48115
111.5054
111.539775
111.6346
111.70465
111.8771
111.94815
112.033425
112.068475
112.080175
112.133125
112.161475
112.180225
112.2098
112.224175
112.24325
112.267725
112.28955
112.29925
112.3678
112.405075
112.448275
112.49215
112.566875
112.6309
112.727525
112.8128
112.89705
112.93225
113.033725
113.092475
113.137875
113.174125
113.182475
113.199175
113.230625
113.271
113.31675
113.35915
113.386775
113.42675
113.483725
113.570175
113.630925
113.7095
113.82675
113.88675
113.933275
113.96965
114.01175
114.06125
114.076
114.10225
114.1271
114.1661
114.1983
114.22175
114.2569
114.3053
114.32545
114.3729
114.449625
114.542625
114.58395
114.661775
114.681
114.753
114.8054
114.869325
114.90685
114.932025
114.947275
114.97345
114.99765
115.020425
115.04685
115.07765
115.10245
115.137025
115.176475
115.250375
115.345175
115.4004
115.47765
115.568675
115.653075
115.7137
115.763875
115.80025
115.831725
115.88365
115.926975
115.943
115.96495
115.98935
116.01135
116.059875
116.07945
116.0877
116.117925
116.13385
116.1853
116.2075
116.242525
116.297525
116.341275
116.461475
116.516575
116.5794
116.648425
116.755425
116.903525
116.9793
117.0211
117.138125
117.23535
117.251975
117.304875
117.322225
117.35005
117.3605
117.384825
117.407425
117.44775
117.4675
117.488775
117.54735
117.5717
117.628
117.7294
117.7822
117.8647
117.947525
117.99255
118.035025
118.088925
118.107075
118.142125
118.153225
118.181425
118.2078
118.266175
118.30245
118.337425
118.361475
118.399625
118.445775
118.55755
118.6218
118.696775
118.73965
118.802325
118.867475
118.91175
118.994125
119.063
119.1234
119.188375
119.22835
119.3278
119.3752
119.400975
119.4368
119.47665
119.521875
119.54925
119.58375
119.6512
119.697425
119.792475
119.89025
119.931425
119.96565
120.006725
120.047175
120.069875
120.10985
120.14445
120.1705
120.213625
120.238825
120.311875
120.3572
120.432375
120.534375
120.591725
120.7033
120.8271
120.86455
120.9062
120.9483
120.98285
121.023325
121.06465
121.0926
121.113525
121.1356
121.192475
121.230675
121.30825
121.389575
121.426075
121.512175
121.561625
121.58725
121.619725
121.642675
121.67005
121.7228
121.7463
121.80935
121.837625
121.885925
121.93155
121.955925
122.0019
122.0229
122.094025
122.139275
122.153875
122.200125
122.2368
122.270125
122.3195
122.41475
122.4742
122.580825
122.65675
122.709775
122.77215
122.819425
122.856725
122.8702
122.89
122.9418
122.952425
122.971225
122.9906
123.064675
123.0953
123.1189
123.1434
123.16765
123.223875
123.3034
123.3831
123.46495
123.55415
123.619525
123.658825
123.675875
123.7005
123.719575
123.74205
123.777125
123.8181
123.838525
123.85935
123.889125
123.9116
123.9541
123.985975
124.03035
124.081625
124.11435
124.147725
124.163875
124.234575
124.29155
124.32135
124.38045
124.406825
124.438425
124.466125
124.5144
124.58645
124.70855
124.733875
124.745525
124.8701
124.9109
124.9723
124.9989
125.026
125.0797
125.1318
125.208025
125.2694
125.3415
125.389625
125.49455
125.56585
125.617475
125.726275
125.7988
125.83235
125.914425
125.969175
126.0495
126.11025
126.126875
126.1498
126.170325
126.18335
126.2705
126.300875
126.3241
126.3355
126.359575
126.38255
126.400775
126.425075
126.46305
126.4835
126.523075
126.556175
126.6111
126.663375
126.7204
126.80135
126.878475
126.977175
127.022725
127.14115
127.221975
127.345125
127.4584
127.5252
127.59425
127.6442
127.68785
127.72095
127.7509
127.772225
127.7925
127.82185
127.8415
127.8556
127.8845
127.899175
127.921
127.948025
127.95645
128.00635
128.069175
128.111525
128.142775
128.179725
128.206375
128.252575
128.307325
128.3624
128.4814
128.5568
128.66195
128.7275
128.770775
128.789975
128.8074
128.841925
128.863675
128.879075
128.9198
128.932425
128.963925
128.97875
129.0014
129.02495
129.0605
129.125425
129.1881
129.2376
129.324525
129.3744
129.446575
129.50315
129.543875
129.566375
129.585975
129.600975
129.6432
129.655125
129.690525
129.717375
129.7442
129.79235
129.8173
129.852875
129.88395
129.923975
129.9876
130.0413
130.108975
130.204225
130.241825
130.3545
130.366125
130.37635
130.394425
130.4086
130.4185
130.4583
130.467925
130.493375
130.535875
130.599775
130.623975
130.653725
130.66485
130.711875
130.74735
130.81365
130.86805
130.90935
130.94925
130.983925
131.03835
131.075475
131.13545
131.19115
131.23465
131.26135
131.313625
131.34685
131.37675
131.428775
131.447875
131.46685
131.535525
131.556675
131.5746
131.62495
131.64915
131.675825
131.694275
131.734675
131.826025
131.9059
131.96105
132.00425
132.083425
132.14585
132.17775
132.219675
132.295775
132.34275
132.36755
132.387675
132.406425
132.45825
132.484425
132.5085
132.523675
132.542375
132.5584
132.573825
132.588075
132.625325
132.65625
132.71885
132.762325
132.813375
132.8389
132.909075
132.99355
133.069125
133.13725
133.19995
133.307775
133.365275
133.3882
133.423675
133.433625
133.45875
133.478825
133.50065
133.5427
133.587825
133.6201
133.64155
133.66895
133.692625
133.720475
133.7783
133.862875
133.92345
133.9695
134.032125
134.08605
134.145225
134.21595
134.30375
134.365875
134.42725
134.46325
134.479975
134.49685
134.520225
134.538425
134.585075
134.6085
134.644675
134.6915
134.747875
134.810075
134.84975
134.919775
134.95025
135.024625
135.05555
135.1078
135.173275
135.2436
135.27885
135.375
135.42285
135.5306
135.600525
135.8102
135.845
135.874925
135.89555
135.944925
135.955325
135.9694
135.987325
136.00115
136.0262
136.05255
136.07085
136.081375
136.104425
136.156825
136.19575
136.2481
136.335475
136.404075
136.455025
136.561775
136.662825
136.71865
136.793325
136.89865
136.963275
136.990925
137.029325
137.09165
137.18555
137.23045
137.2665
137.28695
137.299675
137.316575
137.342075
137.35685
137.419075
137.46415
137.507825
137.5438
137.6099
137.668775
137.755925
137.83325
137.899525
137.9192
137.9377
137.9957
138.017275
138.0314
138.0824
138.11245
138.15375
138.1719
138.197925
138.2515
138.372625
138.4372
138.484575
138.540025
138.58215
138.61845
138.649
138.673375
138.700575
138.73335
138.756
138.794
138.8227
138.913875
138.9692
139.02845
139.08565
139.1508
139.205175
139.257075
139.351975
139.373675
139.406425
139.4322
139.455925
139.52515
139.5488
139.574
139.5961
139.628875
139.6602
139.67455
139.7052
139.7561
139.79135
139.829225
139.90825
139.977825
140.0496
140.101425
140.192825
140.24995
140.3107
140.380875
140.433975
140.4713
140.4781
140.503325
140.52745
140.578275
140.601
140.653175
140.69275
140.717175
140.738975
140.77855
140.8049
140.902725
140.9708
141.03235
141.081375
141.133875
141.167075
141.208325
141.2551
141.315
141.353825
141.4034
141.455125
141.5517
141.63225
141.659075
141.676325
141.73375
141.751975
141.8117
141.834325
141.85525
141.875625
141.89205
141.9176
141.947025
141.972625
141.991925
142.017625
142.074825
142.114
142.14715
142.2158
142.29295
142.3394
142.40825
142.4598
142.555825
142.58405
142.614
142.66905
142.685275
142.709525
142.724125
142.7486
142.766275
142.78395
142.802
142.81935
142.86285
142.91235
142.943
142.958625
142.97315
143.01475
143.0293
143.1249
143.1552
143.205175
143.246975
143.276125
143.314825
143.363
143.422225
143.5011
143.567025
143.60945
143.669375
143.7355
143.793175
143.855025
143.9002
143.9127
143.92915
143.9459
143.9589
143.977875
143.99615
144.014325
144.049375
144.06875
144.083625
144.1163
144.1568
144.1756
144.251475
144.27605
144.300075
144.350525
144.396975
144.44895
144.51845
144.563325
144.61735
144.69885
144.733825
144.817725
144.86495
144.916725
145.005125
145.0495
145.06375
145.081325
145.11005
145.140275
145.15775
145.17365
145.194425
145.226175
145.247925
145.337025
145.395275
145.4522
145.51315
145.583625
145.682
145.775675
145.83025
145.879225
145.9437
145.9619
145.980775
145.997925
146.033575
146.070275
146.10065
146.1329
146.152575
146.195325
146.232625
146.326975
146.41685
146.46335
146.5207
146.611125
146.75015
146.80565
146.87505
146.912225
146.9344
146.96585
146.99065
147.00945
147.0467
147.076
147.159125
147.2279
147.272325
147.29365
147.31175
147.327925
147.3554
147.3779
147.3978
147.425275
147.4462
147.49535
147.52055
147.54985
147.585875
147.62735
147.6764
147.762
147.8046
147.9043
147.9698
148.034525
148.0719
148.109125
148.14955
148.199825
148.276675
148.331425
148.4226
148.513475
148.545275
148.579675
148.594375
148.608925
148.6279
148.649025
148.663925
148.7011
148.725075
148.773725
148.857325
148.909775
148.928475
148.9747
149.040925
149.10965
149.1525
149.205425
149.2435
149.349675
149.456475
149.482225
149.5505
149.611225
149.64115
149.6912
149.741475
149.771
149.82615
149.8678
150.04455
150.0749
150.120625
150.1699
150.197725
150.2891
150.341125
150.3934
150.44395
150.48945
150.5286
150.574
150.684875
150.738975
150.799175
150.87455
150.9249
150.97065
150.989875
151.0305
151.05195
151.06025
151.069775
151.089025
151.10045
151.201925
151.2319
151.27665
151.326425
151.3555
151.390275
151.43215
151.50645
151.5653
151.6172
151.696575
151.759425
151.810025
151.858925
151.911325
151.991225
152.06325
152.1583
152.183975
152.204925
152.229775
152.24055
152.2576
152.27655
152.294175
152.30325
152.3173
152.334275
152.351125
152.3682
152.411875
152.431875
152.505225
152.535775
152.578625
152.609875
152.64485
152.69215
152.775875
152.83705
152.9007
152.952875
153.0278
153.080125
153.16125
153.200375
153.230925
153.24395
153.271625
153.290575
153.31235
153.339525
153.35955
153.380275
153.4025
153.41595
153.439525
153.468175
153.49145
153.561875
153.6018
153.66605
153.710775
153.7762
153.841025
153.931925
153.9736
153.988875
154.025425
154.04865
154.10165
154.120825
154.147525
154.180375
154.22235
154.261825
154.30815
154.3405
154.368675
154.432225
154.49835
154.55015
154.588425
154.626675
154.6951
154.747525
154.801525
154.88175
154.9326
154.980775
155.036975
155.07255
155.11995
155.161125
155.1769
155.201875
155.219975
155.230375
155.2456
155.255325
155.2701
155.323325
155.354925
155.37965
155.429125
155.460075
155.510175
155.57435
155.629125
155.706675
155.78185
155.83625
155.899125
155.964125
156.03425
156.078
156.10755
156.1313
156.17255
156.202375
156.234875
156.2579
156.29595
156.317575
156.334725
156.35385
156.38825
156.438125
156.540325
156.61245
156.70485
156.771275
156.836675
156.929275
157.0069
157.055425
157.10585
157.15175
157.250175
157.334125
157.40845
157.50335
157.5709
157.591775
157.605325
157.617975
157.638425
157.646325
157.6666
157.67435
157.685925
157.702375
157.73315
157.758875
157.790575
157.805275
157.839375
157.87015
157.898025
157.9236
157.95665
157.99675
158.035625
158.095475
158.1652
158.23835
158.293025
158.37895
158.443875
158.539225
158.5822
158.640725
158.708975
158.770375
158.7872
158.80055
158.8145
158.838275
158.889325
158.943775
159.0091
159.05025
159.101875
159.129325
159.1499
159.172425
159.197
159.215575
159.239775
159.2583
159.303
159.325475
159.383125
159.407925
159.458775
159.4811
159.500725
159.533475
159.585375
159.639025
159.69975
159.734425
159.796375
159.87545
159.923375
159.9768
160.046875
160.095025
160.133675
160.214325
160.244975
160.28435
160.31
160.336825
160.343625
160.365725
160.4257
160.441775
160.465625
160.4886
160.51465
160.528425
160.578025
160.596175
160.65565
160.701025
160.765475
160.83915
160.8753
160.93335
160.974175
161.02845
161.0893
161.1631
161.2401
161.3056
161.364475
161.475825
161.54365
161.5618
161.58335
161.595325
161.6073
161.619375
161.6418
161.661725
161.689075
161.7113
161.797925
161.838
161.8502
161.887925
161.9201
161.93495
161.95635
161.974725
161.995
162.029475
162.069375
162.096275
162.158425
162.21025
162.300475
162.3646
162.422975
162.46045
162.515475
162.581775
162.62865
162.67045
162.75235
162.82305
162.88745
162.974625
163.034825
163.0593
163.075575
163.11785
163.140025
163.162125
163.1785
163.2299
163.25505
163.26685
163.296025
163.321625
163.348
163.377
163.4048
163.42615
163.47575
163.51475
163.5804
163.648575
163.707025
163.7527
163.800575
163.8589
163.902725
163.96665
164.004925
164.040875
164.058475
164.07435
164.09855
164.110975
164.157225
164.17545
164.217975
164.256475
164.299075
164.350625
164.404625
164.415
164.4394
164.459075
164.47125
164.483175
164.513975
164.522725
164.573475
164.606125
164.645725
164.705875
164.7592
164.807
164.88245
164.957425
165.117575
165.165275
165.227925
165.343525
165.3604
165.3807
165.397675
165.420375
165.508075
165.560525
165.610425
165.648175
165.70605
165.78185
165.887025
165.946475
166.03195
166.107425
166.1545
166.21145
166.21815
166.2301
166.266825
166.28785
166.302
166.317575
166.345625
166.36665
166.38235
166.399875
166.42175
166.501375
166.529325
166.55305
166.6865
166.757725
166.813775
166.86035
166.90685
166.99875
167.027225
167.08445
167.182375
167.21525
167.23775
167.26955
167.32085
167.355725
167.391975
167.41965
167.4869
167.5143
167.5299
167.559875
167.576425
167.620175
167.69125
167.7316
167.75985
167.802
167.84965
167.8782
167.907875
167.92445
167.941625
167.972275
168.007925
168.0437
168.076375
168.1366
168.2077
168.270625
168.3139
168.410025
168.480875
168.569725
168.635875
168.658475
168.7254
168.7469
168.778975
168.8521
168.8977
168.93765
169.0171
169.064375
169.152
169.2267
169.301275
169.3496
169.384425
169.4514
169.477
169.501025
169.53785
169.5934
169.6894
169.7307
169.781825
169.835075
169.892975
169.97495
170.022875
170.109725
170.199275
170.278625
170.3405
170.4071
170.48995
170.524775
170.558425
170.61545
170.686275
170.7242
170.78335
170.81095
170.82695
170.853725
170.8954
170.934925
171.0077
171.078125
171.120725
171.19725
171.299925
171.36225
171.417825
171.454675
171.486975
171.503025
171.52455
171.5513
171.5628
171.572425
171.599775
171.656025
171.6755
171.69765
171.730975
171.77055
171.7992
171.8206
171.857425
171.879075
171.939125
171.9994
172.0924
172.14705
172.208925
172.2913
172.3387
172.413025
172.45505
172.480575
172.5386
172.5681
172.60505
172.62255
172.660025
172.68005
172.7079
172.736975
172.80955
172.867675
172.938675
173.0014
173.06475
173.12975
173.18775
173.2504
173.321525
173.34365
173.431275
173.4716
173.5765
173.604275
173.650075
173.675275
173.70535
173.72235
173.74175
173.756275
173.77035
173.7892
173.82465
173.844175
173.9267
173.95585
173.98565
174.01645
174.047
174.088375
174.156025
174.2078
174.265775
174.3465
174.44545
174.5599
174.611375
174.6659
174.693625
174.7109
174.7311
174.768975
174.79955
174.8492
174.903925
175.0087
175.072975
175.142475
175.239525
175.30765
175.36485
175.3953
175.4153
175.435725
175.443825
175.469225
175.5017
175.511025
175.55215
175.574525
175.604
175.6222
175.636725
175.67155
175.6937
175.722675
175.783875
175.8577
175.922925
176.006875
176.068975
176.1263
176.223325
176.22515
176.255125
176.274525
176.28335
176.3445
176.3748
176.4239
176.6103
176.682625
176.794825
176.9416
177.008325
177.116525
177.2116
177.27805
177.364
177.507225
177.577925
177.6394
177.698
177.7437
177.77395
177.80955
177.8333
177.856675
177.895475
177.9295
177.94925
177.962925
177.9967
178.055825
178.0803
178.104125
178.132825
178.16975
178.207975
178.310325
178.39485
178.4663
178.51325
178.568425
178.6227
178.64945
178.682425
178.70085
178.7337
178.754075
178.775925
178.8066
178.839225
178.8512
178.873075
178.8934
178.910675
178.947375
178.9717
179.0183
179.043425
179.100975
179.1344
179.164725
179.21155
179.2787
179.34705
179.451125
179.5139
179.578875
179.6406
179.679325
179.7349
179.7836
179.813075
179.875425
179.8881
179.912925
179.924275
179.946925
179.9784
179.999775
180.046575
180.073325
180.11305
180.139175
180.16975
180.212775
180.2603
180.3429
180.443425
180.4721
180.579
180.656525
180.7152
180.7934
180.877475
180.963475
181.10065
181.144825
181.167475
181.1927
181.21525
181.249475
181.265125
181.294575
181.32205
181.3325
181.35455
181.38675
181.4742
181.51565
181.642175
181.7093
181.780425
181.880175
181.927
181.983925
182.06605
182.11905
182.152375
182.172575
182.195275
182.2229
182.2435
182.251925
182.371425
182.466775
182.53875
182.62145
182.656725
182.714475
182.7664
182.814775
182.8536
182.8748
182.913275
183.01345
183.034325
183.0704
183.08025
183.09915
183.132025
183.17475
183.18825
183.2128
183.241625
183.26105
183.3002
183.323475
183.35755
183.387675
183.43885
183.49795
183.5387
183.6594
183.714925
183.772425
183.7975
183.82605
183.8512
183.880375
183.936875
183.95385
183.97555
183.989025
184.032075
184.08405
184.117275
184.130475
184.1647
184.1901
184.22335
184.25555
184.29795
184.355475
184.461025
184.503675
184.56955
184.6362
184.704775
184.741
184.808375
184.87595
184.900625
184.947075
184.987625
185.052875
185.12625
185.25705
185.318675
185.38235
185.44275
185.525475
185.6282
185.64995
185.673525
185.685975
185.7074
185.72825
185.786175
185.805125
185.852925
185.915625
185.937825
185.9713
186.0016
186.034
186.084225
186.170775
186.22515
186.295775
186.364025
186.446025
186.497575
186.594675
186.628375
186.658875
186.68805
186.7118
186.7383
186.7749
186.8077
186.8179
186.852
186.86515
186.95265
186.983325
187.0489
187.12395
187.226725
187.292125
187.361775
187.445075
187.501675
187.55575
187.61265
187.72565
187.790825
187.826375
187.8444
187.85725
187.881875
187.914475
187.942825
187.95545
187.987175
188.008925
188.0337
188.06505
188.1028
188.120525
188.197125
188.2233
188.267725
188.3826
188.452125
188.54125
188.605275
188.660375
188.70935
188.79135
188.850725
188.872475
188.89215
188.9031
188.91955
188.950875
188.9592
188.96795
189.019075
189.0564
189.096625
189.172875
189.2031
189.223125
189.242725
189.285725
189.31915
189.44765
189.486875
189.54265
189.59275
189.6316
189.7024
189.766775
189.8163
189.86615
189.969075
189.99115
190.0179
190.030925
190.044375
190.066
190.088475
190.098125
190.121775
190.2005
190.26395
190.27305
190.31965
190.334975
190.3678
190.396875
190.435725
190.550575
190.6398
190.68225
190.742775
190.8028
190.872725
190.9254
191.002575
191.024075
191.05635
191.10445
191.111225
191.13
191.1523
191.1931
191.21945
191.2421
191.2685
191.29855
191.33685
191.403825
191.45405
191.49725
191.61125
191.686525
191.72725
191.798675
191.86515
191.8982
191.91525
191.92425
191.94325
191.95885
191.98855
192.000725
192.039875
192.059775
192.09265
192.20905
192.26035
192.31495
192.346625
192.3904
192.436825
192.49615
192.5345
192.594975
192.64805
192.7253
192.77765
192.846425
192.9178
192.9597
192.9902
193.011875
193.046575
193.06815
193.09405
193.1241
193.14615
193.1847
193.199075
193.2462
193.305975
193.348825
193.384
193.42295
193.510175
193.56965
193.64045
193.701625
193.77745
193.83785
193.9039
193.975575
193.9894
194.028625
194.055275
194.0752
194.142925
194.16025
194.1796
194.1984
194.224125
194.242825
194.26555
194.285925
194.323075
194.370975
194.434625
194.4754
194.52145
194.5641
194.6413
194.68255
194.7345
194.807175
194.8961
194.9679
195.04635
195.08035
195.14245
195.170225
195.186125
195.195225
195.21
195.2325
195.250375
195.280825
195.28895
195.325575
195.338475
195.35215
195.378875
195.424575
195.445125
195.4755
195.499775
195.529
195.554175
195.626025
195.718475
195.774025
195.83975
195.903325
195.959075
196
196.076475
196.124225
196.181775
196.228525
196.241675
196.26695
196.295
196.315775
196.341975
196.3522
196.3745
196.384425
196.448
196.4762
196.545375
196.574925
196.616375
196.66195
196.718725
196.7798
196.84625
196.89395
196.969175
197.04455
197.1107
197.16965
197.203025
197.303725
197.332225
197.386825
197.413075
197.442925
197.472525
197.502375
197.6118
197.651875
197.681525
197.716675
197.759775
197.84135
197.8942
197.95265
198.05135
198.097825
198.152525
198.199125
198.243025
198.28095
198.3567
198.404625
198.511975
198.5615
198.6181
198.720325
198.8151
198.86995
198.950825
199.026025
199.08765
199.12745
199.187725
199.2021
199.2274
199.23885
199.245
199.407275
199.485975
199.566475
199.572775
199.595575
199.617425
199.66175
199.76315
199.8059
199.873175
199.916125
199.950025
199.999225
200.0426
200.0949
200.1503
200.2189
200.25495
200.3157
200.3652
200.429375
200.4937
200.535225
200.55105
200.5958
200.617775
200.637575
200.65435
200.670875
200.71945
200.759325
200.78695
200.812
200.8426
200.920325
200.957275
200.991525
201.094225
201.1618
201.216325
201.2876
201.347
201.42525
201.500175
201.571075
201.590925
201.609525
201.61615
201.635125
201.694875
201.71115
201.72875
201.750125
201.793675
201.82725
201.8519
201.87705
201.902525
201.959525
201.98425
202.0052
202.037675
202.066
202.10815
202.132425
202.190175
202.2147
202.239225
202.279825
202.368925
202.40155
202.487175
202.54785
202.624
202.659625
202.701975
202.771375
202.85895
202.888975
202.93275
202.949325
203.0004
203.03945
203.054675
203.085925
203.13055
203.16335
203.204625
203.2266
203.29705
203.327275
203.348075
203.376175
203.431425
203.45635
203.497225
203.5351
203.59595
203.65555
203.707775
203.767475
203.8162
203.8735
203.9334
203.98045
204.07015
204.151625
204.240275
204.2677
204.292575
204.328875
204.3544
204.361975
204.382925
204.4044
204.492975
204.553775
204.5833
204.611475
204.647275
204.668725
204.704275
204.7444
204.7807
204.83145
204.8839
204.935675
204.99355
205.02615
205.109325
205.16165
205.2153
205.262325
205.3344
205.385475
205.4319
205.509125
205.559125
205.6062
205.65805
205.6738
205.698375
205.73515
205.7584
205.805925
205.832975
205.891975
205.9325
206.005425
206.067275
206.139075
206.18045
206.2533
206.299275
206.34025
206.4431
206.467825
206.4876
206.510175
206.5208
206.589925
206.62675
206.6585
206.682225
206.738625
206.757825
206.78655
206.81035
206.8585
206.886525
206.913225
206.93815
206.97175
207.004475
207.052675
207.1016
207.149025
207.158575
207.191325
207.21395
207.245775
207.28625
207.312825
207.35665
207.40645
207.4393
207.549925
207.6133
207.64395
207.735875
207.785225
207.82955
207.870425
207.887425
207.901025
207.9278
207.944025
207.9541
207.9758
208.004225
208.02165
208.06545
208.092425
208.114925
208.1386
208.176275
208.199425
208.2216
208.293125
208.323025
208.346975
208.370475
208.4111
208.450875
208.473975
208.5465
208.5848
208.64725
208.72575
208.76025
208.818
208.85945
208.923575
209.006225
209.051025
209.10375
209.11495
209.142175
209.156475
209.167175
209.189075
209.26525
209.279575
209.307275
209.3739
209.404975
209.436525
209.466425
209.496975
209.518
209.55575
209.583825
209.629075
209.656375
209.7154
209.75455
209.804825
209.855675
209.911825
209.987625
210.06525
210.094775
210.147375
210.17095
210.189525
210.24505
210.265375
210.31335
210.35005
210.364825
210.379475
210.41245
210.447725
210.4704
210.4896
210.5228
210.5713
210.615125
210.67875
210.765525
210.8389
210.88125
211.016925
211.0462
211.085375
211.175275
211.19375
211.24555
211.25255
211.26375
211.280375
211.2974
211.3105
211.3896
211.443225
211.466025
211.48395
211.557075
211.578625
211.591375
211.601875
211.638125
211.65025
211.677025
211.6958
211.711325
211.745125
211.7689
211.810525
211.847825
211.90425
211.9457
211.9764
212.02965
212.0737
212.142825
212.215225
212.262625
212.33455
212.39855
212.414
212.4298
212.53645
212.61025
212.716275
212.72815
212.755
212.78985
212.85315
212.8741
212.940575
213.00205
213.0251
213.0906
213.208375
213.2562
213.3184
213.3475
213.387275
213.415725
213.44345
213.46825
213.5005
213.52735
213.568375
213.5858
213.60275
213.6312
213.637575
213.681
213.719025
213.739525
213.761975
213.7925
213.810825
213.828625
213.858575
213.88695
213.904975
213.937825
213.96905
214.014825
214.070075
214.10355
214.186675
214.285475
214.343575
214.474475
214.5224
214.5592
214.60135
214.612875
214.6468
214.6646
214.70515
214.7373
214.789575
214.861025
214.93655
214.989675
215.008625
215.07595
215.130425
215.191575
215.24175
215.3313
215.37325
215.44695
215.579275
215.6517
215.73675
215.7993
215.8701
215.963925
216.049025
216.10005
216.16315
216.210825
216.262275
216.305225
216.324375
216.346725
216.3762
216.38895
216.40085
216.41005
216.422375
216.458275
216.4756
216.491775
216.512
216.55655
216.5882
216.6382
216.66795
216.770375
216.792525
216.83735
216.8877
216.95185
217.0006
217.08045
217.1149
217.17775
217.229575
217.30665
217.3568
217.3972
217.4513
217.474575
217.524475
217.57095
217.611525
217.6353
217.651525
217.687575
217.722725
217.7685
217.79925
217.825975
217.853625
217.887
217.896275
217.918925
217.946725
218.015875
218.062875
218.114
218.185025
218.26805
218.362875
218.45865
218.521975
218.5537
218.55835
218.5709
218.588825
218.59875
218.637
218.695425
218.7274
218.75185
218.782975
218.86385
218.923375
218.943325
218.978575
219.021025
219.069025
219.114175
219.178875
219.25035
219.3572
219.416675
219.4611
219.49025
219.519775
219.676225
219.706575
219.75475
219.80375
219.8323
219.862325
219.875425
219.89015
219.908025
220.272525
220.318325
220.363125
220.42835
220.46705
220.50305
220.546
220.6879
220.812175
220.882775
220.960925
221.050525
221.108475
221.15245
221.1761
221.206825
221.2369
221.27195
221.311475
221.3481
221.42035
221.45845
221.5536
221.61775
221.694
221.89315
221.964125
222.049625
222.15685
222.1954
222.337575
222.379325
222.412975
222.46265
222.48615
222.526625
222.55695
222.5982
222.6224
222.662075
222.7325
222.75125
223.011475
223.10735
223.128175
223.183275
223.201375
223.247225
223.285475
223.37865
223.44265
223.490025
223.5893
223.647825
223.74335
223.793525
223.915325
223.9574
224.0026
224.08985
224.123425
224.169325
224.173825
224.216275
224.23315
224.25235
224.2835
224.301225
224.325475
224.380925
224.3941
224.4132
224.432475
224.4679
224.48485
224.513625
224.5663
224.6179
224.689
224.7243
224.758975
224.791975
224.8319
224.8566
224.89365
224.928475
224.988125
225.0191
225.1103
225.1699
225.2072
225.2466
225.28715
225.343025
225.37905
225.41105
225.4777
225.502975
225.57555
225.615825
225.6468
225.7291
225.7866
225.83355
225.871225
225.9326
225.963775
225.999725
226.02
226.086675
226.12185
226.209775
226.26525
226.316975
226.332475
226.3804
226.441175
226.500175
226.54535
226.5693
226.610925
226.654675
226.7387
226.84035
226.876075
226.901625
226.92715
226.9549
226.976175
227.009725
227.033725
227.06915
227.08645
227.1108
227.141125
227.1883
227.229575
227.25445
227.303925
227.3534
227.39895
227.42925
227.455525
227.5047
227.5265
227.55915
227.58065
227.60775
227.638925
227.68415
227.7032
227.7303
227.7462
227.781825
227.849525
227.877525
227.9052
227.921525
227.9421
227.9966
228.068525
228.121525
228.1816
228.2341
228.289475
228.37515
228.40735
228.4556
228.505375
228.567475
228.605525
228.6812
228.718825
228.780925
228.815975
228.8403
228.87095
228.881025
228.914225
228.948325
228.985425
229.003025
229.0336
229.06515
229.0917
229.178975
229.22155
229.230975
229.3193
229.3746
229.395325
229.462125
229.50905
229.5703
229.614325
229.706075
229.7717
229.80895
229.83155
229.866625
229.90375
229.9371
229.977025
229.98795
230.01645
230.115325
230.14905
230.190675
230.2212
230.311125
230.3456
230.41965
230.46125
230.489325
230.5265
230.5793
230.6093
230.68095
230.735575
230.7571
230.840175
230.879175
230.96425
231.00895
231.067375
231.156
231.2506
231.387425
231.448675
231.508625
231.5823
231.661625
231.6746
231.710225
231.72825
231.76855
231.811525
231.86
231.882275
231.98255
232.050225
232.130525
232.175225
232.2198
232.325325
232.341675
232.3932
232.5155
232.632625
232.6846
232.73275
232.79325
232.857175
232.93055
232.956925
233.003475
233.025275
233.050975
233.086225
233.11845
233.1976
233.259475
233.328575
233.372575
233.441025
233.505975
233.548625
233.567175
233.58925
233.606275
233.628975
233.649375
233.676775
233.694525
233.752925
233.771725
233.79195
233.820475
233.871225
233.8895
233.90075
233.92575
233.96365
233.99325
234.04935
234.105
234.146675
234.181675
234.21845
234.269075
234.304675
234.329875
234.3759
234.434125
234.49695
234.522075
234.557275
234.597225
234.634275
234.70715
234.789425
234.8559
234.914125
234.98685
235.0396
235.09125
235.1172
235.18685
235.252775
235.360375
235.461125
235.4924
235.505475
235.512625
235.52855
235.53595
235.5361
235.55675
235.5697
235.5829
235.621
235.6434
235.6542
235.6818
235.698625
235.717075
235.749575
235.78335
235.8291
235.884675
235.957625
236.023275
236.09675
236.1508
236.164325
236.183225
236.190125
236.2117
236.2421
236.26405
236.29835
236.326375
236.3469
236.367225
236.4538
236.541625
236.64195
236.7806
236.80255
236.84085
236.908475
236.934775
236.956975
236.97125
236.990175
237.00015
237.026075
237.042725
237.072875
237.088775
237.11305
237.133475
237.155475
237.233475
237.316625
237.427025
237.507775
237.5658
237.6156
237.68835
237.725525
237.772
237.786925
237.80325
237.8169
237.8329
237.86245
237.88335
237.908325
237.956925
237.97585
238.0009
238.0206
238.0369
238.050975
238.065675
238.0947
238.122325
238.1517
238.1982
238.263225
238.3325
238.395375
238.460075
238.515925
238.559225
238.6293
238.69295
238.751775
238.778425
238.8181
238.829
238.8492
238.862025
238.887575
238.9121
238.92405
238.951975
238.964125
238.985275
239.014675
239.035825
239.056675
239.07095
239.0825
239.135175
239.160025
239.189575
239.23085
239.2456
239.282275
239.3198
239.466325
239.497475
239.579175
239.60105
239.6389
239.6665
239.69625
239.7149
239.74215
239.763625
239.7846
239.7991
239.8243
239.844025
239.91315
239.9344
239.983
239.994125
240.024625
240.049725
240.119475
240.20555
240.266175
240.3804
