0.0507
3.576925
6.467875
13.95815
15.3703
17.781725
17.7831
19.74555
23.03755
24.2132
30.912575
44.067375
45.553925
47.7348
52.942375
52.9691
59.1087
63.902725
64.62465
66.09825
73.560275
73.6215
90.2873
95.868875
106.6676
106.693925
107.96785
110.983225
117.52935
118.188625
118.811775
120.931525
121.250175
129.833
131.953
136.085725
138.42685
141.76335
142.9473
143.140975
147.609425
148.220175
151.7521
152.394325
157.849675
158.443825
159.925725
161.25165
162.928975
168.799225
170.618575
177.269725
184.71905
186.965625
195.08765
195.1222
199.746925
202.082625
203.375125
205.5045
209.39365
215.86305
215.93155
221.040275
231.057375
231.529875
241.382225
