1.290675
2.985025
3.8098
3.854125
4.95155
5.7312
7.252225
7.262525
8.731975
9.2926
12.09545
12.9552
14.2654
17.47885
21.309175
24.0094
24.017375
28.6083
29.4669
31.166275
31.387025
35.167575
36.12545
38.0223
38.06185
38.905625
43.146
44.979525
44.99695
46.17695
48.643925
54.1353
54.150975
56.34325
61.1535
61.7109
65.45485
67.207975
68.3754
68.9899
71.556075
72.094075
72.68195
73.226175
73.24265
79.000275
79.8464
79.886075
80.17175
82.190325
83.156075
86.71925
92.846875
94.665325
95.691525
99.780575
101.011125
101.03495
101.415275
104.79085
109.977825
110.645975
110.671475
116.9825
118.555625
121.592825
123.1719
128.047225
130.60895
131.487675
136.481075
137.3027
145.44825
149.668025
150.0656
162.031325
165.03785
177.269425
184.789275
190.857975
191.4372
192.028225
198.0555
200.929625
200.9387
201.288425
201.298
203.68225
203.708025
204.380475
204.7174
204.961225
206.5213
206.52725
207.72625
207.7387
211.447825
211.479225
212.179625
216.409275
221.029825
221.106325
221.207
221.8527
222.119425
222.771875
225.805125
231.750775
232.5438
240.431575
240.4597
240.688575
243.51455
243.528475
