0.188125
0.272825
1.1054
2.010125
2.2328
2.327075
2.450075
3.492575
3.506425
3.5333
3.5453
3.5577
3.62955
3.787625
6.34005
6.5172
6.54025
7.8663
7.8789
7.9243
8.9947
11.643425
11.699575
13.4713
13.73455
13.90455
13.925475
14.14155
14.778325
15.482075
15.6809
16.91755
17.268175
17.4501
17.51055
17.56465
18.482675
18.6883
19.031275
19.2561
19.75615
19.814525
20.3314
20.748425
20.75365
20.75935
21.190175
22.98245
23.002675
23.0161
23.028125
23.0539
23.0874
23.1691
23.23195
23.401825
23.4188
23.427725
24.4012
24.410125
24.9277
24.967
25.098025
25.658625
25.770625
25.801225
26.4284
26.507225
28.6115
28.61845
28.67095
28.688025
28.7506
28.753225
28.766
28.8055
28.8117
28.828675
28.846875
28.8555
28.8706
28.98365
29.1038
29.205075
29.21605
29.227
29.23465
29.2603
29.630475
30.15315
30.165225
30.272075
30.331425
30.427925
30.527325
30.584725
30.620375
30.839575
30.84915
30.869825
30.8868
30.935675
31.420525
31.6085
32.012125
33.4384
33.570675
34.2483
34.49035
34.500725
34.517825
35.06665
35.282325
35.31125
36.0425
38.10075
38.404525
38.91565
38.9772
39.0723
39.123575
39.199225
39.85135
39.893375
39.9536
40.11095
40.148875
40.18115
40.241075
40.29155
40.390275
40.4176
40.464525
40.53305
40.649825
41.066275
41.102525
41.152675
41.257725
41.269975
41.390925
42.04455
43.0563
43.09065
43.82435
43.825025
43.99685
44.06435
44.089275
44.78485
44.852825
44.8739
45.6836
45.695475
47.0037
47.1152
48.485525
49.30815
49.383275
49.883875
49.8908
52.325075
52.489975
52.503425
52.69455
52.718275
52.78445
52.906975
52.92985
52.93835
52.9505
53.0403
53.118375
53.1942
53.6994
53.7454
53.8956
53.902625
54.083025
54.3341
54.60115
54.671075
55.053475
55.8272
55.844
55.864975
55.926475
56.037775
57.3495
58.497175
58.97765
59.46905
60.809625
60.883075
60.889525
60.908475
62.108025
62.121875
62.25965
63.8791
63.997825
64.0833
64.814975
65.111825
65.406175
66.0815
66.112125
66.26395
66.3579
66.65205
67.758925
67.98855
68.22915
68.583875
68.66
68.709875
69.14975
69.914775
69.96165
69.989575
71.4807
71.56145
71.61185
72.1676
72.81075
72.84735
73.579875
73.6346
73.71415
73.781875
74.06075
74.355325
76.6436
76.68625
76.7467
76.7909
77.005
77.376225
77.397575
77.440275
77.4893
77.548775
77.5546
77.87485
77.961775
78.00205
78.03925
78.0562
78.084225
79.032325
79.1843
79.1932
79.393425
79.45385
79.596225
79.684
79.713475
80.313275
80.31995
80.772575
80.8668
81.859525
81.965525
82.86725
82.911625
83.2797
83.469375
83.5201
83.542225
83.653925
83.71485
83.850925
84.279
84.600525
85.335025
85.3476
85.460875
85.71705
85.797525
85.97015
86.021
86.4777
86.63125
86.8702
86.913375
86.948425
86.954825
87.292275
87.47595
87.505675
87.56275
87.788825
87.89075
88.2591
88.336225
88.461125
88.614375
88.662325
89.04025
89.452
89.962225
89.97365
91.083675
91.891125
92.997425
93.3933
93.49705
94.65435
94.6681
94.6692
95.337125
95.4058
96.704025
96.804875
97.6777
98.033
98.180625
98.587825
98.66195
98.7136
99.399825
99.42295
99.503775
99.5673
99.61955
99.8378
100.2506
100.373225
100.53305
100.78295
101.8321
101.985425
102.245875
103.137725
103.9836
105.61975
105.71635
105.731625
106.6497
106.6683
106.682175
106.698425
106.703775
106.719675
106.73205
106.74435
106.81235
106.856575
106.8723
106.968025
107.01985
107.025825
107.104175
107.1311
107.144625
107.1658
107.1976
107.902725
108.09535
108.69975
108.751725
108.771275
108.861425
108.87195
109.24875
109.568525
109.70665
109.9753
110.001525
110.026875
110.9755
110.98015
111.000625
111.02195
111.082425
111.34955
111.4016
111.40705
114.235175
114.352525
115.30445
115.970575
115.987975
117.39755
117.5753
118.7808
118.795575
118.8063
118.8578
118.8938
118.96705
119.589625
119.636875
119.83895
119.927425
119.94475
119.9559
120.01255
120.061025
120.8967
120.958075
120.9854
121.009975
121.064875
121.153525
121.23615
121.2509
121.27395
121.448825
121.566925
122.55785
122.637875
122.7144
122.982675
123.01185
123.02815
123.033575
123.2025
123.21955
123.8569
123.874525
123.883275
124.030575
124.185125
124.48755
124.5001
125.547975
125.58065
125.702425
127.25005
127.38675
128.19955
128.3049
128.40075
128.746425
128.937575
128.982325
129.880925
130.604825
131.7823
131.950275
132.02015
132.674125
132.712975
132.904225
132.9205
133.798375
133.945775
134.249375
134.35855
135.2867
135.341025
135.344475
135.3457
136.066125
136.07265
136.0772
136.109325
136.1154
136.1438
136.6131
136.937375
136.99735
137.53485
137.940375
138.9159
139.0093
139.403325
139.725525
139.871875
140.7333
141.42435
141.97815
142.534375
143.004
143.6296
143.872975
144.558825
144.560075
145.8565
147.60415
147.831925
147.8338
148.2424
148.2926
148.625925
148.77205
148.97795
149.092075
149.478375
150.96965
151.0053
151.01335
151.04855
151.8963
152.3756
152.595425
153.414325
153.758575
158.5442
158.6188
158.705575
158.8762
158.96525
159.0312
159.170125
159.2178
159.2428
159.288725
159.3267
159.368375
159.801125
159.807125
159.825525
159.8475
159.8516
159.885025
159.90855
159.9136
159.936075
159.96265
160.30445
160.380325
160.55115
160.584225
160.63025
160.6873
161.21065
161.280375
161.352
161.36
161.393675
161.418875
161.446475
161.474175
161.514025
161.542
162.391425
162.40385
162.4326
162.5052
162.96335
162.9891
163.045075
163.075925
163.1061
163.554825
163.71965
163.77075
163.819825
163.84985
163.86475
165.039225
165.092775
165.103275
165.40435
165.658575
165.917325
167.251825
167.46165
167.47965
167.974175
168.0533
168.08645
168.1014
168.1697
168.19165
168.258575
168.7109
168.7383
168.874925
168.9343
169.023675
169.03655
169.0509
169.06855
169.088875
169.113325
169.117225
169.127875
169.18515
169.206775
169.21935
169.25505
169.267175
169.519625
169.737575
169.7433
169.8658
169.9014
170.112375
170.5224
170.595
170.6755
171.428575
171.45625
171.518025
171.815225
172.060825
174.745875
174.85495
175.503025
176.21805
180.4198
181.20055
181.217825
181.229725
181.24185
181.25955
181.26835
181.26955
181.274625
181.337
181.37815
183.167925
183.729275
183.928725
183.983025
184.005225
184.3341
184.546325
184.9318
184.998075
185.005125
185.033025
185.9434
186.007675
186.015575
186.066025
187.083
187.141125
187.5339
187.5937
188.301725
188.318675
188.39
188.439375
188.490125
188.51755
188.7189
188.7798
188.897025
188.908925
188.94245
188.948075
188.962275
188.9676
188.979
189.017025
189.027025
189.168775
189.496325
189.5508
189.564125
189.604725
189.6371
189.697375
189.72625
189.87665
190.328175
190.5514
190.673975
190.71485
190.732875
190.758475
190.823975
191.346525
191.34875
191.4792
191.52475
191.547
191.554675
191.682025
191.690025
191.8155
192.29065
192.697025
192.735975
192.755575
192.7629
193.002975
193.03825
193.289425
193.309675
193.32395
193.35
193.781225
194.106975
194.1649
194.21255
194.23095
195.052375
195.1318
196.182075
197.126275
197.6011
197.699475
199.715475
202.7502
202.7654
203.393725
203.4835
203.5215
204.593325
204.63195
204.647725
205.679925
205.777
205.85565
205.879925
205.961775
206.03605
206.409825
206.81075
207.640625
207.76955
207.79125
208.471575
208.53835
208.8139
209.05705
209.103425
209.1845
209.206325
209.239325
209.27905
209.3277
209.354125
209.630975
209.654475
209.762325
209.989375
209.99705
210.00495
210.041925
210.0468
210.055575
210.0609
210.087925
210.109425
210.55495
210.6864
210.695075
210.752675
210.795325
210.973
211.006875
211.183625
211.300375
211.326325
211.46755
211.64695
212.076675
212.1213
212.17865
212.21995
212.29365
212.3873
212.5199
212.66035
212.667325
212.673525
212.708775
212.8128
213.2494
213.47495
213.534075
213.5525
213.576525
213.914775
214.333175
214.4164
214.614375
214.651825
216.420375
217.379075
217.6879
217.834175
218.183125
218.31445
219.009375
219.610325
219.6177
219.71195
220.388925
220.52255
221.1541
221.19895
221.54465
221.67385
221.7702
221.8107
222.971925
223.036375
223.066
223.233325
223.4761
224.28615
224.55705
225.236
226.3432
226.519975
226.604675
229.308125
229.68465
229.719725
229.723175
229.75405
229.776425
229.807425
230.216225
230.2375
230.318525
230.351025
230.52695
230.5539
231.015675
231.0261
231.063975
231.069825
231.071225
231.09205
231.149775
231.197875
231.2313
231.263175
231.547175
231.582875
231.603925
231.614675
231.6166
231.695075
231.736575
231.744525
231.816
231.89185
232.031975
232.067875
232.467075
232.50275
232.51825
233.346375
233.52085
233.648775
233.96755
234.388975
234.417325
234.5982
235.031175
235.60675
235.7355
235.84965
236.374775
236.765875
236.77965
236.854125
237.503725
237.61455
237.90755
237.922575
238.043975
238.120575
238.1867
238.28165
238.3444
238.470975
239.368125
239.4448
239.5136
239.52815
239.5859
239.5972
240.278175
241.039025
241.103375
241.14425
241.241125
241.903225
242.015625
242.49915
242.881125
243.55975
243.899175
243.9529
