0.0833
0.087175
0.090175
0.84385
1.3726
1.52505
1.53975
2.14225
2.145675
2.6406
2.6913
2.694
2.71805
2.720625
2.743325
2.766125
2.8078
2.8461
3.347025
3.351175
3.7632
3.7682
3.771125
3.774375
3.83895
4.4339
4.58685
4.6503
4.65975
4.67985
4.7035
4.714425
4.7428
4.76415
4.775425
4.795475
4.8112
4.81725
4.84675
4.888125
4.933025
5.01885
5.05765
5.592
5.633975
6.022125
6.025
6.05895
6.077425
6.459275
6.826725
6.829475
6.832975
6.836325
6.98465
7.01265
7.017
7.0365
7.042675
7.075025
7.244
7.79685
8.61875
8.622525
8.625525
8.8049
8.842475
8.845775
8.85015
8.8609
8.8814
9.055325
9.49465
9.498175
10.090875
10.1015
10.104675
10.108525
10.1166
10.158325
10.1648
10.223325
10.7513
10.754225
10.7572
10.77
10.7821
10.820475
10.829575
10.84905
10.903675
11.501675
11.9583
11.961575
11.96545
12.012025
12.03245
12.03725
12.088775
12.172675
12.18445
12.235025
12.2718
12.29665
12.868275
12.8712
12.8983
13.0027
13.014125
13.454175
13.46475
13.46825
13.949725
13.953625
14.55085
14.6173
14.62435
14.6284
14.648375
14.6577
14.671975
14.7037
14.803825
14.8089
15.37285
15.376075
15.792025
16.153525
16.156475
16.343375
16.580925
16.58405
16.586925
16.7764
16.779475
16.976125
17.3514
17.363225
17.50745
17.51
18.327175
18.330525
18.333875
18.87905
18.88205
18.885275
18.926575
18.945875
19.086575
19.21905
19.288425
19.342175
19.416475
19.946425
19.95215
20.151325
20.155125
20.21485
20.218225
20.229275
20.2487
20.34485
20.3479
20.37395
20.3876
20.39755
20.42
20.72065
20.723325
20.72645
20.7306
21.549375
21.618975
21.765325
21.797975
21.942325
21.972075
22.521325
22.5249
22.62
22.63
22.633075
22.72645
23.2873
23.291075
23.296275
23.403675
23.40745
23.44035
23.51475
24.1575
24.2806
24.320475
24.43305
24.44685
24.46105
25.088975
25.0917
25.4492
25.455425
25.732825
26.12515
26.128075
26.13125
26.141525
26.144725
26.32305
26.32575
26.402525
26.834725
26.8377
26.84085
26.84685
26.90315
26.924525
27.4309
27.435125
28.1077
28.11355
28.23095
28.235925
28.32125
28.42185
28.747175
28.750675
28.826575
28.870825
29.136375
29.139525
29.568325
29.61355
29.622775
29.625925
29.63775
29.70035
29.71805
29.737325
29.835925
30.216775
30.373
30.513025
30.636725
31.064025
31.111775
31.1603
31.191
31.614225
31.8341
31.837825
31.8871
31.902125
31.92865
32.59945
32.60465
32.7596
32.7646
33.06875
34.2475
34.251175
34.262025
34.790125
34.7961
34.90215
35.4165
35.564875
36.693525
36.696875
36.700075
36.881925
36.888625
36.982875
37.00915
37.064075
37.31415
37.320625
37.336375
37.95035
37.955175
38.054425
38.05875
38.06085
38.099975
38.276775
38.2793
38.2854
38.301775
38.3086
38.4218
38.7642
38.767925
38.900725
39.374125
39.37715
39.37995
40.114425
40.123875
40.12855
40.172125
40.21965
40.269025
40.368375
40.53945
40.965525
40.969075
41.087275
41.695575
41.701225
41.7045
42.126575
42.1328
42.245875
42.5872
42.591375
42.5958
42.6385
42.6528
42.879475
42.884125
44.329275
44.859425
45.2276
45.230975
45.240875
46.0419
46.0556
46.078625
46.116075
46.135725
46.164375
46.2184
46.2529
46.6118
46.98295
46.98595
46.98875
46.992875
47.6052
48.56135
49.03455
49.161625
49.1695
49.410175
49.4135
49.469775
49.567475
50.260425
50.265875
50.275075
50.320375
50.899225
51.004925
51.037
51.039775
51.047475
51.06715
51.08105
51.0878
51.129525
51.256225
51.5855
51.58865
52.36155
52.76985
52.7731
52.92675
52.92965
52.97925
53.144125
53.4585
53.8712
53.87435
53.8774
53.971925
54.25455
54.261225
54.94935
55.0332
56.815725
57.299275
57.4469
57.518775
57.655275
58.313175
58.3162
58.61835
58.6251
58.906975
58.96115
59.00975
60.06805
60.203175
60.29235
60.358025
60.662375
60.665225
60.6713
60.74885
60.7518
60.766775
60.8499
60.89465
60.920075
60.938375
60.956175
61.05755
61.0797
61.097875
61.536975
61.541125
61.94695
62.391775
62.394825
62.397825
63.05465
63.19045
63.232
63.9104
63.9207
64.3426
64.345875
64.459775
64.4847
65.67065
66.167425
66.26135
66.4979
67.33925
67.8812
68.56745
68.616425
68.63505
68.678875
68.717325
68.879925
69.412925
69.415925
69.62225
69.6258
70.006175
70.009025
70.011875
70.01815
70.15205
70.245225
70.634625
70.63735
70.640125
70.647425
71.161525
71.317475
71.7031
72.160525
72.164225
72.532775
72.90865
73.141625
73.1453
73.27675
73.328775
73.990375
73.993175
73.996075
75.023525
75.144725
75.14915
75.152675
75.1813
75.387225
75.413575
75.530675
75.537775
75.56165
75.5778
75.584075
75.5963
75.738425
75.808775
76.0726
76.52385
77.27215
77.5692
78.62625
81.880175
81.883375
82.473025
84.045325
84.05395
84.05715
84.101925
84.120975
84.404425
84.43355
84.89755
84.901025
85.691675
85.695475
85.7037
86.56385
86.6129
86.846625
86.86635
86.88925
86.96895
87.00575
87.46185
87.755925
88.2193
88.2262
88.6909
89.0442
90.570725
90.895575
90.92155
90.92885
91.333725
91.337875
91.3564
91.575575
91.685875
92.263475
92.269825
92.406925
92.50755
92.5758
92.59165
92.594775
92.60085
92.632425
92.67115
92.680825
93.05895
93.1905
93.225225
93.363525
93.402225
93.713875
93.7208
93.8903
94.100225
94.10305
94.11615
94.124475
94.342725
94.345525
94.3502
94.36925
94.385575
94.45515
94.524375
94.61545
94.9875
94.990375
94.9935
95.65795
95.7056
95.7785
96.09625
96.099125
96.106125
96.1121
96.16665
96.1759
96.349975
96.354
96.37235
96.41145
96.491425
96.66875
97.53635
97.540075
98.551275
98.7134
98.74295
98.79105
98.86125
98.87335
99.636375
99.756925
99.824775
99.89195
100.004875
100.32425
100.32735
100.33055
100.9386
100.9412
100.9438
100.946975
101.1423
101.145025
101.148
101.18375
101.2409
101.295125
101.30335
101.6102
101.612925
101.615525
101.618625
101.658475
101.765075
101.768125
101.77705
101.8013
101.839
102.16125
102.163725
102.166275
102.169275
102.177975
102.18625
102.24425
102.57325
102.576275
102.580025
102.95665
102.960025
103.085875
103.34025
103.342575
103.345175
103.3485
103.5019
103.64775
103.65115
103.668075
103.742
103.83355
103.8611
103.92055
104.0239
104.081525
104.40875
104.41155
104.414325
104.501175
104.557725
104.564575
104.65665
105.024025
105.0578
105.0705
105.126275
105.480575
105.483825
105.486725
105.491725
105.98875
105.992225
106.135525
106.183825
106.230525
106.2338
106.243475
106.30915
106.3382
106.612775
106.615525
106.618275
106.6216
106.651725
107.09465
107.098
107.10985
107.170025
107.17705
107.182525
107.19555
107.270325
107.3201
107.412525
107.809325
107.8123
107.81535
107.84815
108.2767
108.2798
108.4894
108.492675
108.49675
108.503125
109.144325
109.421875
109.425
109.428675
109.7536
109.9727
110.598625
110.60145
110.604275
110.60765
110.74685
111.382575
111.388275
111.4617
111.5807
111.605925
112.11955
112.13955
112.143675
112.15455
112.6332
112.6733
113.278775
113.437275
113.4753
114.440975
114.444975
114.449525
114.457425
114.639
114.641975
115.04125
115.073075
115.0757
115.127875
115.883075
116.5386
116.709975
116.7892
116.824675
116.860175
116.8977
117.181675
117.581925
117.880875
117.88435
117.927325
118.00695
118.13515
118.4175
118.420425
118.425525
119.06245
119.38455
119.41135
119.458325
119.77415
119.777275
119.78035
119.901725
119.905925
119.9143
119.930175
120.67375
120.71345
120.73245
120.755475
121.2978
121.64635
121.649725
121.654175
121.9458
121.998375
122.067675
122.0828
122.148025
122.35575
123.0037
123.044375
123.216825
123.310625
123.40775
123.41075
123.42665
123.44845
123.45415
123.498
123.5053
123.510975
123.9563
123.9594
123.964275
124.377025
124.586125
124.60005
124.674925
124.762025
125.341775
126.128875
126.132425
126.438525
126.48995
126.64585
127.634375
127.63855
127.857275
128.023425
128.042775
128.075
128.107675
128.133075
128.408775
128.411375
128.414625
129.3032
129.6569
129.7819
129.84665
129.85495
129.912425
129.9549
129.976825
129.98645
130.0205
130.04615
130.52485
131.026425
131.0587
131.08645
131.112425
131.2411
132.07885
132.1553
132.234075
132.274075
132.28885
132.422225
133.006775
133.0107
133.053325
133.547475
133.55085
133.811725
133.814425
133.817425
133.8297
133.961275
134.132325
134.1649
134.604925
134.608575
134.808775
134.836075
134.858225
135.098125
135.1132
135.1252
135.18645
135.71365
135.73775
135.7446
135.79015
135.795375
135.83205
135.847075
136.311175
136.314525
137.0911
137.196775
137.218275
137.229325
137.26725
137.335
137.3652
137.785425
137.792025
138.227675
138.76055
139.064
139.077075
139.1739
139.82945
139.832725
139.91395
140.316875
141.4872
141.630275
141.687525
142.27425
142.31925
142.6769
142.746725
143.39
144.09685
144.282225
144.308475
144.4899
144.5365
144.9749
144.9781
145.368375
145.371825
145.49
146.026875
146.068125
146.413
146.41625
146.419475
146.42325
146.594175
146.977025
147.59525
147.6548
147.784725
147.8135
147.933475
148.02895
148.3221
148.328575
149.51945
149.523075
149.6199
150.243575
150.27615
150.293275
150.349975
150.520025
150.552775
150.59765
151.016125
151.019725
151.024525
151.0283
151.086875
151.10115
151.63095
151.719975
151.86405
152.3101
152.315575
152.3223
152.764275
152.76825
153.83145
154.28495
154.288975
155.14765
155.2099
155.242625
155.296025
155.31645
155.3567
155.47225
155.475625
155.53325
156.239525
156.243075
156.24695
156.7395
156.748075
156.8707
156.926675
156.93795
157.057975
157.10745
157.198825
159.210925
159.2297
159.23795
159.25335
159.258775
159.29485
159.3385
159.5281
160.0884
160.091825
160.1955
160.3066
160.747775
160.795
160.8301
160.839575
160.8458
160.893675
160.959225
161.392825
161.925125
162.416525
164.0834
164.0868
164.0922
164.323725
164.36375
164.3984
164.480025
164.502075
164.5346
164.570075
164.663925
164.7824
164.79475
164.8655
164.899
164.9648
164.97745
165.192375
165.21885
165.6019
165.647975
165.72405
166.069075
166.562625
166.5658
166.569175
166.61715
167.31175
167.692375
168.825
168.84005
169.055175
169.06945
169.1735
170.87135
170.87585
172.50365
172.76155
173.66635
174.541875
174.7272
175.138825
175.168325
175.18
175.219475
175.287875
175.468725
175.529
176.04295
176.17275
176.23635
176.2397
176.256
176.29805
176.507875
176.55825
176.674025
176.68045
176.6858
176.7792
176.782375
176.785975
176.794975
177.043975
177.4636
177.46635
177.468925
177.491925
177.49455
177.59435
177.6792
177.94355
178.2184
178.348975
178.76045
179.751175
181.07795
181.094775
181.12765
181.140675
181.17915
181.517375
181.564625
181.59955
182.2142
182.9767
183.062675
183.21965
183.351475
183.42615
183.442825
183.686225
183.71725
183.754525
183.82785
183.962025
184.6576
184.97375
185.0108
185.229325
185.288925
185.3265
185.351775
185.423675
185.4951
185.544525
185.565175
185.681575
185.760225
186.3523
186.733375
187.0835
187.090175
187.0978
187.408225
187.609075
187.613025
187.75345
187.76675
187.84305
187.846075
187.9838
188.309175
188.311875
188.314525
188.31785
188.60515
188.608775
188.6735
188.691925
188.96925
189.40695
189.4726
189.72745
190.066575
190.62015
190.779675
191.53885
191.5765
191.923375
191.9522
192.029325
192.1562
192.223525
192.944075
192.993175
193.273475
193.3047
193.313225
193.32595
193.337625
193.3585
193.647575
193.6501
193.6531
193.656725
194.00395
194.00685
194.00985
194.52735
194.530875
194.937
195.891775
196.3969
196.411325
196.708375
196.7508
197.15955
197.162525
197.1656
197.589525
197.592675
197.596375
197.625275
197.737725
197.817625
197.85095
198.51915
198.5534
198.603725
199.279025
199.94785
199.951275
200.076175
200.10445
200.108
200.1144
200.121375
200.18315
200.19505
200.236325
200.32065
200.344225
201.062175
201.065
201.067975
201.20895
201.715475
201.7189
201.833475
201.9062
201.94955
202.06915
202.399275
202.5243
202.67835
202.685
203.20105
203.368975
203.4138
203.5426
203.5916
204.06225
204.065575
204.075675
204.11585
204.165175
204.18485
204.47305
204.8739
204.980475
205.0921
205.095325
205.113175
205.158125
205.198275
205.228325
205.301525
205.669925
205.672925
205.6762
206.429175
206.441175
207.10245
207.105025
207.109825
207.142025
207.665275
207.668625
207.8358
207.98025
208.011275
208.023925
208.059625
208.72105
208.72435
208.72925
209.209575
209.228125
209.32905
209.40645
209.82375
209.8273
210.085075
210.6063
210.7863
211.054475
211.50745
211.5571
211.66895
211.6994
211.770575
211.9735
212.033025
212.161175
212.483375
212.486225
212.489275
212.5611
213.033175
213.035725
213.038275
213.041675
213.18105
213.6811
213.731925
213.773475
213.7768
214.3082
214.312725
214.47305
214.986425
215.42665
215.54535
215.636125
216.11975
216.21315
216.2791
216.513975
216.517625
216.78215
217.27425
217.277425
217.28035
217.283775
217.5117
217.5154
217.597175
217.62965
218.4205
218.5951
219.23765
219.241475
219.3685
219.478
219.5118
220.160575
220.2032
220.223675
220.2763
220.68985
220.6938
220.804325
220.825225
221.438975
221.442175
221.892575
221.895225
221.898025
221.90105
222.450525
222.5279
222.6159
222.6359
222.638975
223.18115
223.425125
223.428475
223.5688
223.9465
223.949575
223.952725
224.077175
224.593875
224.597
224.600175
224.867875
224.8711
224.9827
225.086
225.537175
225.6139
225.69135
226.38725
226.51855
226.7176
226.72085
226.731775
226.80975
227.2772
228.09675
228.1017
228.704075
229.083075
229.487775
229.490775
229.49415
230.0029
230.006375
230.03285
230.067325
230.1751
230.234625
230.2682
230.763125
230.766975
230.987425
231.4011
231.4042
231.40725
231.411175
232.19725
232.55095
232.636775
232.760775
232.792525
232.813175
232.8675
232.904325
232.941025
233.357475
233.3606
233.364175
234.11545
234.11925
234.950075
235.3126
235.315875
235.3193
235.591475
235.594275
235.603875
235.65985
236.03685
236.040575
236.765425
236.7856
236.95145
236.988725
237.522925
237.808275
238.0022
238.044525
238.574075
238.577275
238.5946
238.616425
238.7122
238.71605
238.790475
239.205825
239.635275
239.681225
239.711775
239.744225
239.781725
239.82695
240.336375
240.3427
240.79355
240.846525
241.159025
241.162175
241.165175
241.2113
242.343425
242.505525
242.63335
242.7222
242.799975
242.83385
242.945
243.29975
243.30275
243.3057
243.997725
244.397425
244.40075
244.452125
244.512825
244.576875
245.07975
245.8729
245.921825
245.94275
245.973325
246.4775
246.82425
246.8275
247.07845
247.199
247.274425
247.341975
248.32435
248.6237
249.30675
250.9523
251.042025
251.2089
251.256375
251.304425
252.30205
252.305275
252.999625
253.094225
253.169575
253.220175
253.313075
253.373725
253.683225
253.68585
253.68845
253.691425
253.695375
254.129225
254.142925
255.249725
255.252725
255.255425
255.4426
256.784225
257.919275
258.235525
258.2391
258.3816
259.610175
260.1134
261.102925
261.12655
261.234475
261.302125
261.4152
261.577425
261.688425
262.561025
262.79185
262.7954
262.979325
263.043975
263.167925
263.233125
263.726975
264.03075
264.034
264.282075
264.320575
264.380175
264.43845
264.4743
264.514025
264.9019
265.426275
265.4291
265.43315
266.167175
266.170675
266.8423
267.07445
268.188275
268.212625
268.247675
268.293425
268.34585
268.385125
268.54465
268.547375
268.60565
268.6634
269.066725
269.07
269.58065
269.887125
269.890275
269.89395
270.0599
270.42545
270.428825
271.1337
271.146875
271.300075
271.55565
271.5587
271.5621
271.938325
272.4123
272.68205
272.6852
273.278825
273.281725
273.28525
274.0778
274.12225
274.1325
274.15375
274.1665
274.26585
274.402125
274.452675
274.501375
274.540325
275.201825
275.205
275.208
275.24305
275.358225
275.425375
275.819275
275.8222
276.49725
276.5006
276.5037
276.5063
277.15265
277.19475
277.2475
277.643225
278.195675
278.1994
278.896075
278.9282
279.041
279.1583
279.59695
279.60025
279.607825
280.125025
280.729975
280.734925
282.0087
282.019025
282.028875
282.121775
282.24795
282.581775
282.584675
282.588
282.778875
282.817075
282.8353
282.850575
282.857875
282.869675
282.911125
282.935275
282.969025
283.45445
283.45735
283.460475
283.899425
284.6796
284.725075
284.812775
284.9169
285.160325
285.163825
285.623975
285.626875
285.815225
286.004475
287.0362
287.3441
287.347225
287.352175
287.63985
287.642575
288.30455
288.445
288.8953
289.485475
289.538025
289.61235
289.674075
289.7301
289.734
289.771725
289.775475
289.78605
289.8189
289.886425
290.312575
290.42825
290.98745
290.991475
290.99795
291.0823
291.11995
291.191175
291.266575
291.26995
291.28255
291.566975
291.57015
291.57565
292.231625
293.709525
293.7143
294.1804
294.591325
294.603925
294.6335
294.6547
295.860325
296.0567
296.074025
296.215475
296.370825
296.40935
296.429675
296.450025
296.455875
296.463075
296.51305
296.55575
296.835425
296.905975
296.92135
297.5007
297.503675
297.5065
297.5097
298.4682
298.470925
298.473725
298.69025
299.36615
299.882375
299.886175
299.9163
299.92025
300.20575
300.82435
301.79515
302.19
302.19375
302.4132
302.4161
302.41945
302.4772
302.998925
303.4422
303.9417
303.947575
304.008975
304.052325
304.214825
304.2513
304.31855
304.86075
304.8637
304.92275
305.30365
306.123575
306.347875
306.354525
306.55595
306.55955
307.79375
307.837225
307.843325
307.997325
308.738375
308.742225
309.650375
309.65355
309.656525
309.676625
309.8135
309.93215
310.365875
310.56385
311.55305
312.627025
313.624975
314.00575
314.1173
314.221575
314.24495
314.33055
314.382975
314.38945
314.50595
314.968125
314.97275
314.976325
315.36505
315.599575
315.640575
315.647625
315.668025
315.77495
316.34775
316.3505
316.35365
316.60585
316.608625
316.6112
316.6146
