1.4567
1.486275
1.503825
2.38955
2.393825
2.721725
2.73945
2.8071
3.836175
4.670025
4.705125
4.72795
4.738525
4.840625
5.0696
5.9709
5.9747
5.9795
7.023925
7.0837
7.12625
7.732925
7.73605
7.739575
7.744675
8.72955
8.7372
8.748125
8.7597
8.8476
8.872
8.89965
9.4527
9.46175
10.094025
10.138375
10.700825
10.9056
10.958225
11.5277
12.185
12.698225
13.910375
14.7169
14.8566
15.327175
15.330775
16.32315
16.7157
18.9907
19.084425
19.151675
19.190975
19.24885
20.08525
20.13025
20.369325
20.397025
20.421175
21.944925
22.4527
22.457325
22.752275
22.9367
23.417475
23.4316
23.504575
23.68075
23.695725
23.71335
23.7331
24.258325
24.262475
24.35645
24.3748
24.38915
24.8065
24.809675
24.813875
25.554775
25.55835
26.181325
26.1856
26.241875
26.83205
26.8364
26.848875
26.864075
26.901875
27.338275
28.113525
28.3505
28.415175
28.799
28.86105
28.87735
28.9002
29.157275
29.55165
29.560075
30.231275
30.2472
30.990775
31.051075
31.063675
31.817975
31.8209
31.824
31.830175
31.834775
31.87125
31.891525
31.935775
32.36125
32.36465
32.678775
35.237225
36.99965
37.038675
37.096175
37.236625
37.94135
39.098525
39.102225
39.110675
40.04675
40.106275
40.358175
40.53325
41.0866
41.145575
41.6422
41.64695
42.13665
42.574775
42.578975
42.583625
42.5912
42.825125
43.436975
44.2199
44.7509
46.114575
46.16915
46.618175
46.6269
46.975625
46.981775
46.99515
49.28945
49.3688
49.437225
49.477775
49.487775
49.603175
49.6731
50.170975
50.174125
50.177675
50.371525
50.3945
50.4113
50.929875
50.93855
52.174575
52.177675
52.1815
52.7367
52.976475
55.049925
58.613625
58.654525
58.685725
58.71995
58.76615
58.802875
58.960275
60.57635
60.580375
60.745875
60.93885
60.954225
60.97575
60.988275
60.995625
61.066575
61.888575
61.92445
63.209475
63.7472
63.7513
64.3012
64.3042
64.3084
65.582025
66.285275
66.343525
66.37835
68.5887
68.6837
68.7136
69.37295
69.384675
69.466175
69.481925
69.4992
69.5329
69.604725
69.676175
70.00615
70.211125
70.234125
70.290375
70.328925
70.840175
70.8444
71.085
71.1446
71.207375
71.702925
71.706425
72.049125
72.05345
72.52405
73.56235
74.562125
74.565975
74.572725
75.418475
75.798575
75.852175
76.230425
76.2338
76.238
76.731875
77.201375
77.23155
77.248525
78.10895
78.140575
78.495625
78.9341
79.881025
79.93025
79.966425
79.98965
84.177525
84.297725
84.43265
85.326225
85.33205
85.805875
85.95715
85.9956
86.016725
86.862425
86.874725
87.498575
87.7832
87.80825
87.8164
87.8271
88.185775
88.224725
88.578425
88.583425
89.483775
89.487225
89.491325
89.496025
89.944575
90.845425
91.339075
91.67005
91.707075
91.731225
91.844475
91.879275
92.284175
92.2875
92.2912
92.52605
92.68175
92.69045
92.705075
92.783825
92.837025
92.8976
93.091575
93.2082
93.2179
93.240975
93.259025
93.963975
94.027275
94.103225
94.3716
94.95355
94.958475
95.235675
95.239525
95.243825
95.318375
95.46505
95.679
96.610825
96.81655
98.830125
98.91335
98.939475
100.40255
100.40895
100.874775
101.1478
101.185825
101.365475
101.7767
102.0615
102.06405
102.067075
102.070325
102.17455
102.89485
102.89765
102.90085
102.90535
103.483075
103.4983
103.73725
103.867525
103.904225
104.014375
104.613925
105.020225
105.024025
105.0304
105.0413
105.420025
105.42285
105.425775
105.4296
106.17505
106.235725
106.583625
107.03645
107.040725
107.80795
107.81285
107.81595
108.2513
108.255375
109.79865
110.00805
110.688475
111.448475
111.705925
112.14905
112.153375
112.55295
112.5565
112.56035
114.25645
114.4613
114.500975
114.521775
115.049125
115.0538
115.706175
115.9629
116.682975
116.780275
116.945925
118.1128
118.1791
119.070875
119.1309
119.399425
119.455175
119.83925
120.293625
120.6097
120.6135
120.6191
120.63055
120.669725
120.692025
120.7318
120.74335
120.749525
120.767125
120.786
121.229325
121.6063
121.986275
121.98995
121.99385
121.9981
122.34335
123.009225
123.4463
123.49455
124.36545
124.872725
125.477075
126.706325
126.756
127.332875
127.34225
127.749925
128.120275
128.133175
128.507775
128.511525
129.055175
130.42875
130.43205
130.4364
131.406925
132.15575
132.159675
132.166275
132.304975
132.356875
132.3922
132.438625
132.501625
133.0082
133.01175
133.016075
134.54705
134.550925
134.562525
134.823625
134.914425
135.094475
135.69435
135.697675
135.70175
135.706425
135.712925
135.72355
135.86705
135.88435
136.2703
136.273225
136.276675
136.281925
136.727925
137.066475
137.262775
137.32225
138.187425
138.190575
138.731675
139.064675
139.449
139.8215
139.824625
140.90985
140.92355
141.744625
142.468775
142.64365
142.673325
142.728525
143.380825
144.038325
144.262
144.53425
144.562925
145.42125
146.05125
146.062425
146.387875
146.93715
148.4776
151.079075
151.6859
151.770425
151.838125
152.69195
153.63385
153.6869
153.7392
154.32175
155.1194
155.133375
155.138975
155.158775
155.174275
155.1836
155.1995
155.270675
155.32405
155.37475
156.27515
156.2789
156.712
156.71615
156.7214
156.8757
156.9431
157.0837
157.0909
157.1926
157.215725
157.658325
157.884375
158.686
159.27105
159.277125
159.314375
159.332975
159.489925
159.6001
160.040325
160.2265
160.763875
160.81745
160.87235
162.2749
164.797975
164.832
164.917875
164.951525
165.0241
165.039275
165.5871
165.59335
165.777725
165.825175
166.065675
166.611
166.61475
166.6186
167.25465
167.261025
167.40275
167.4594
167.474475
168.835525
169.08465
169.13755
173.653025
175.168175
175.2253
175.517775
176.196775
176.2491
176.27735
176.2859
176.295075
176.348525
176.37725
176.67385
176.781
176.850825
177.563875
178.0468
178.329825
178.42295
179.00795
179.2663
179.27695
179.614975
179.638375
180.9176
182.11025
182.964025
182.967575
182.9716
188.53755
188.6333
190.154725
191.976125
194.16265
194.1743
194.57275
194.8185
194.82295
196.569225
196.7624
196.7762
197.595725
197.621075
197.721925
197.741075
197.85995
197.86625
197.91295
197.934275
200.0051
200.160925
200.1945
200.209425
200.2473
200.2636
200.2869
200.302125
200.314625
200.32705
200.3375
200.35595
200.3673
201.11825
201.198
201.2334
201.281025
201.334425
201.397775
201.838075
201.908125
201.988825
202.2704
202.57135
202.582125
202.594025
202.646
202.66205
202.686725
202.692075
202.70475
202.715825
202.722875
202.73235
202.73765
203.0956
203.38855
203.501025
203.52015
203.557275
203.602125
203.633375
203.656975
203.681775
203.693175
203.703025
203.7111
203.718925
203.737375
203.7568
203.763475
203.77015
204.055375
204.059975
204.070425
204.2557
205.018025
205.208725
205.675275
205.9863
205.9905
206.29935
206.302575
206.305675
206.311225
206.316425
206.39065
206.443575
207.084675
207.0881
207.092375
207.715025
207.943025
208.437875
208.441375
208.445825
208.617075
209.130025
209.132875
209.1359
209.139725
209.1532
209.282575
209.323125
209.350425
209.3579
209.8768
209.880225
209.884975
209.8928
209.91
210.587825
210.591175
210.595925
210.812825
211.7724
212.013475
212.08585
212.462175
212.465825
212.471
212.477325
212.5441
212.953825
212.9568
212.961425
213.747825
213.753275
213.759
214.259825
214.263575
214.46825
214.4892
215.3344
215.343075
215.4769
215.51955
215.5444
216.156225
216.241675
216.786475
217.480125
217.609225
217.714
218.41805
218.432925
219.313425
219.37565
219.4396
219.501475
219.942125
220.198375
220.237725
220.80775
221.53765
221.902375
221.905675
221.9118
222.4403
222.573825
222.69195
222.728875
223.464125
223.466975
223.4702
223.47545
223.479875
223.946925
224.11865
224.173375
224.7952
224.79865
224.8031
224.809375
224.95935
225.013475
225.054775
225.069075
225.0833
225.612625
226.2551
226.734875
226.8332
226.888125
227.441375
228.1422
228.147275
228.154775
228.16075
230.051975
230.280725
232.07595
232.521175
233.49335
234.060125
234.063175
234.066325
235.479375
235.663775
235.678
235.69175
235.8346
236.728
236.9494
236.985325
237.003775
237.7626
237.768975
237.9553
238.10155
238.570825
238.57415
238.5783
238.733775
238.78385
239.512175
239.5154
239.519275
239.759625
239.79625
240.33585
240.709125
241.181375
241.1975
241.253675
241.271325
241.295625
241.698625
242.079
242.630075
242.67755
242.7372
242.744775
242.799325
242.853375
243.363875
243.367125
243.371075
243.376025
243.741175
243.767275
243.780325
243.821325
243.8433
243.92415
244.396675
244.40245
244.6011
246.4421
246.44535
246.449375
246.916175
247.150075
247.820125
248.25125
251.0751
251.2411
251.28705
251.37785
251.414975
251.472225
252.264825
252.26835
252.3481
253.059575
253.10075
253.20185
253.793425
253.79655
253.801025
254.1231
254.1264
254.1302
254.312175
254.340525
254.877625
254.8803
254.883175
254.88645
254.892675
254.911375
254.926775
254.95055
255.39905
255.4224
255.99805
256.005025
256.21755
256.258375
256.2752
256.835275
256.839375
257.20485
261.10515
261.228725
261.262325
261.307875
261.339625
261.35815
262.548075
262.5556
262.9715
262.994075
263.052275
263.070525
263.0899
263.1273
263.136625
263.145725
263.158725
263.1648
263.170725
263.6714
263.674675
264.119825
264.122975
264.12705
264.375925
264.435225
264.45005
265.4157
265.424475
266.102675
268.212875
268.3239
268.392175
268.4817
268.491425
268.559475
268.579025
268.5896
268.596675
268.6373
268.656575
268.6634
268.669225
268.677625
268.685125
269.5914
274.1136
274.248775
274.3473
274.4138
274.479
274.551075
275.119325
275.236025
275.2708
275.355025
275.37575
275.409
275.427925
275.82725
275.83005
275.83345
276.477125
276.49075
276.5944
277.058375
277.0637
277.19445
278.89
278.97095
279.001725
279.07305
279.09105
279.1088
279.1545
279.17845
279.19495
279.59045
279.897375
280.746025
281.2298
281.946925
281.9861
281.99865
282.076775
282.234275
282.300425
282.77475
282.778375
282.783675
282.87345
282.940675
282.95035
282.960775
282.98435
283.4473
283.45035
283.4535
283.80345
283.8081
284.7211
284.788475
286.337775
289.472425
289.524175
289.5826
289.602475
289.718925
289.8095
290.25415
290.36695
290.39375
290.420775
290.4589
290.469575
290.4815
290.49485
290.86445
290.867975
291.10035
291.1055
291.1213
291.130875
291.138675
291.154475
291.867875
291.872575
292.71305
292.7166
293.70985
296.05155
296.3281
296.36625
296.38775
296.4966
296.70685
296.920225
296.949725
297.000675
297.5914
297.613525
298.6274
299.05955
299.0951
299.96325
299.997475
300.0606
300.200425
300.233475
300.2857
300.30525
300.326625
300.721825
300.724875
300.728775
301.2663
301.871625
301.875575
301.880625
302.15995
302.164375
302.44785
302.50625
302.91605
302.9199
304.051675
304.107075
304.27555
304.70055
305.510225
306.0322
306.046175
306.093
306.43505
306.647875
306.713675
306.756625
306.839825
306.8482
306.8953
307.2613
307.267475
307.6716
307.675
307.679
307.797375
308.2702
308.2755
308.7454
309.720075
309.7368
309.815175
311.476875
311.68535
312.5222
313.864025
313.8949
313.975325
313.989125
314.011725
314.03215
314.103475
314.1335
314.224075
314.3473
314.38365
315.480775
315.497925
315.51965
315.55745
315.651475
315.849075
315.889375
315.9473
316.28945
316.29385
