0.25035
1.26985
1.27295
1.2759
1.2787
1.281875
1.286775
1.293625
3.0015
3.0039
3.0073
3.0167
3.36485
3.57485
3.5786
3.581975
3.58655
3.628175
4.7378
4.742625
4.7528
4.759875
5.08215
5.090975
5.0953
5.10405
6.258075
6.260575
6.2634
6.271175
6.27365
6.278575
6.284475
7.005125
7.0083
7.0105
7.01445
7.3225
7.330825
7.34055
8.004975
8.008575
8.01715
8.0214
8.027525
8.448675
9.16475
9.16715
9.169625
9.173425
9.178175
9.1877
10.483375
11.41985
11.4238
11.9377
12.18735
12.191925
12.195225
12.20355
12.462025
12.46655
12.46955
12.4742
12.479475
12.482225
12.485225
12.492275
12.5006
12.80095
12.80445
12.943275
12.955
12.9606
13.593625
13.600625
13.607
13.6133
13.621375
13.99665
14.483875
14.49205
14.500675
15.39195
15.395
15.400025
16.665325
16.668225
16.67205
16.67835
16.68685
19.234675
19.2412
19.245625
19.9194
20.186525
22.538825
22.5427
22.54645
23.02655
23.030275
23.03315
23.03705
23.046275
23.1072
23.433025
24.401825
24.40915
24.4149
24.423175
26.03065
26.1408
26.1527
26.1673
26.2365
26.262925
27.28515
28.656975
28.6671
29.159225
29.70855
29.7147
29.719425
29.7229
29.726675
29.73245
30.739825
30.742775
30.745025
30.746475
30.961525
30.966475
30.97475
31.314575
31.31785
31.32195
31.328375
31.343525
32.41145
32.95195
32.956775
33.08695
33.09155
33.09585
33.1064
33.77425
33.789975
34.12475
34.128025
34.1316
35.451875
36.2172
36.221975
36.22435
36.2258
36.22755
36.234475
37.6139
37.617225
37.61985
37.6298
37.6354
39.2499
39.25785
39.627475
40.154225
42.711625
42.71495
42.7179
42.722075
42.726825
42.730525
42.90815
42.913425
43.566225
44.271075
44.2746
44.283875
44.906225
44.910275
45.09605
45.114975
45.121925
45.1282
45.1437
45.455175
45.460775
45.48415
45.662775
45.67205
47.154275
47.1619
48.315175
48.31865
48.321
48.33515
48.3396
48.611375
49.094075
49.364825
49.756825
49.762625
49.7712
49.824775
50.232525
50.23625
50.238375
50.2574
50.2735
50.27875
50.28605
50.6396
51.048275
51.054875
51.0586
51.066375
51.07295
51.0794
51.0852
51.204675
51.21175
51.220325
51.42695
51.5573
51.5666
52.319625
53.03045
53.338325
53.388975
53.391825
53.39765
53.498925
53.687075
53.690425
53.697175
53.904875
53.909375
53.9145
54.178425
54.30155
54.3114
54.737575
54.7583
54.771675
54.7747
54.781525
55.031975
55.03585
55.05135
55.372825
55.85675
55.860975
56.152275
56.15525
56.158675
56.162725
56.16765
56.178775
56.97525
56.98655
57.5446
57.550525
57.553825
57.55735
58.358575
58.361675
58.365225
58.427175
58.433525
58.43845
58.444175
59.4143
59.418625
59.423525
59.768625
59.77235
59.77635
59.7796
60.314225
60.537125
60.540575
60.55
60.553775
60.57855
60.903825
60.914625
60.918375
60.9723
60.9864
61.616675
61.875625
61.883025
61.8878
62.514525
63.6364
63.64
63.64715
63.65525
63.993675
63.996075
64.005375
64.009075
64.019725
64.144875
64.15045
64.16055
64.555625
64.560575
64.570175
65.2065
65.210075
65.6822
66.171425
66.174675
66.177675
66.181375
66.185425
66.4541
66.465775
66.4763
66.978875
67.1091
67.120125
67.359825
67.362675
67.372075
67.37875
67.38945
67.788475
67.96485
67.97805
67.98125
68.55875
68.94345
68.96255
69.533925
69.538175
69.54335
69.548125
69.558975
69.644425
69.64935
69.652225
69.659575
69.666975
70.18555
70.1896
71.07335
71.92795
72.212325
72.21535
72.223475
72.2289
72.235425
72.6861
72.689375
72.69535
72.7002
72.7059
73.4933
75.29895
75.302375
75.304975
75.313175
75.3199
75.328325
75.400025
75.4065
75.443975
75.742675
75.745475
75.74905
75.753425
75.759
75.769975
75.78205
75.788475
76.234725
76.520925
76.524825
76.5279
76.532325
76.53795
76.542975
76.8608
76.8638
76.867775
76.9222
76.9333
77.16565
77.1696
77.1773
77.21425
77.223475
77.2336
77.628825
77.632525
78.465725
78.470075
78.6076
78.6112
78.6202
78.881875
79.82945
80.209125
80.218925
81.099425
81.662875
81.67255
81.68335
82.559025
82.564775
82.5697
82.576325
83.823825
83.827875
83.834575
83.839425
85.769225
85.775275
85.7784
85.785175
87.51075
88.472875
88.994775
88.997475
89.002375
89.010025
89.329975
89.332575
89.341275
89.344175
89.34835
89.35565
89.46685
89.4803
90.0691
92.04005
92.478875
92.597075
92.612675
92.659325
92.670275
92.6773
92.6852
92.6965
93.026125
93.031825
93.05465
93.218
93.323875
93.33125
93.3784
93.38425
93.38805
93.394875
93.400475
93.408925
93.4196
93.4248
93.434125
93.4415
93.4559
93.464425
93.503875
93.512375
93.518375
93.5884
93.97195
93.974475
93.97745
93.9815
93.984675
93.9918
94.005175
94.3763
94.47325
94.70245
95.246225
95.250075
95.759
95.762175
95.771575
95.93085
95.933625
95.936125
95.9387
95.941875
95.94515
95.952375
95.968475
95.998475
96.0024
96.012525
96.090925
96.096525
96.741575
96.9273
96.934375
96.95745
96.960925
96.966075
96.977375
97.108275
97.114025
97.47345
97.476725
97.4801
97.4836
97.48865
97.4974
97.57515
97.5811
97.588175
97.59655
97.6007
97.6126
97.69035
97.695375
97.70015
97.708725
98.148075
98.153025
98.1571
98.34605
98.348475
98.35075
98.354125
98.361325
98.3661
98.639325
99.2756
99.279525
99.288125
99.903125
99.910825
100.3139
100.317425
100.321675
100.32595
100.373125
100.39335
100.402325
100.408925
100.4146
100.4191
100.422975
100.59905
100.60925
100.701775
101.114175
101.1173
101.1209
101.129
101.409575
102.099
102.102425
102.133625
102.138725
102.147875
102.149375
102.2601
102.269675
102.279375
102.953475
102.9563
102.9592
103.494175
103.55005
103.55295
103.5598
103.56475
103.568575
103.573075
103.580125
103.88055
103.88845
103.89215
103.8968
103.906075
103.91865
104.399275
104.40345
104.4322
104.450775
104.724725
104.72845
104.732325
105.073925
105.12565
105.1366
105.540275
105.543775
106.0902
106.09285
106.09585
106.10525
106.108575
106.1164
106.52
106.5231
106.526475
106.53425
106.53875
107.09705
107.09995
107.102775
107.11185
107.1265
107.68285
107.686025
107.689725
107.6992
107.708825
107.827675
107.832175
107.83715
107.874625
107.88345
107.889975
108.209925
109.020925
109.024575
109.499925
109.50425
109.51045
109.511975
109.5147
109.79565
109.799825
109.805725
109.817875
109.87575
111.153825
111.1595
111.165225
111.174525
111.45765
111.4634
111.4676
111.4768
111.574025
111.578425
111.58845
111.830975
111.842325
111.8504
111.858375
112.3504
112.370525
112.61275
112.712425
112.717775
112.722075
112.727775
113.485125
113.4892
113.505425
113.51755
113.8688
113.871825
113.875575
113.881075
113.8845
113.889325
113.89645
114.134725
114.317
114.33035
114.34305
115.03995
115.043625
115.053275
115.05855
115.0612
115.063925
115.078475
115.09
115.1045
115.109025
115.123875
115.5095
115.512725
115.516625
115.884125
115.887575
115.892125
115.8971
115.904925
116.5983
116.60175
116.6097
116.714975
116.756225
116.767475
116.77185
117.56815
117.570825
117.573575
117.5798
117.5834
117.59065
117.59355
117.601975
117.8815
117.8855
117.890275
117.894225
117.90835
118.0119
118.022025
118.050175
119.098075
119.10285
119.107575
119.1163
119.123675
119.385125
119.3973
119.5217
119.5299
119.935875
119.93985
119.942825
119.9495
119.960325
119.963575
119.9676
119.9819
120.4198
120.68965
120.692775
120.6962
120.70205
120.7193
120.921975
120.927375
120.932275
120.9395
120.94625
121.306825
121.310125
121.314325
121.317825
121.323975
121.328
122.30025
122.30885
122.312125
122.317
122.3294
122.850775
123.2256
123.2284
123.23125
123.23625
123.24295
123.2533
123.677275
123.6867
123.693
123.703825
124.14635
124.149725
124.15785
124.169175
124.647675
124.65335
124.66
124.663725
124.67045
124.679125
124.931975
124.945675
124.958375
124.9629
125.19045
126.23675
126.7356
126.74045
126.74925
126.80075
126.81895
126.930225
126.939175
126.943675
127.26225
127.267975
127.88485
127.888175
127.890775
127.893875
127.898475
127.906025
128.106875
128.120275
130.1048
131.0014
131.005275
131.012225
131.0167
131.030625
131.03465
131.04745
131.051875
131.3854
131.38825
131.397275
131.401725
131.4099
132.1807
132.185075
132.1884
132.195125
132.445475
132.45305
132.45895
133.188475
133.20125
133.209325
133.602625
133.60765
133.6135
134.579175
134.582575
134.5889
134.59435
134.875575
134.887075
135.66825
136.1865
136.190075
136.196025
136.200575
136.216775
138.206475
138.215975
138.22065
138.226875
138.231725
138.650425
138.83885
138.85
139.858025
139.8714
139.87635
139.8792
139.88885
139.893525
139.89875
139.90515
141.147925
141.158425
141.16215
141.16905
141.3013
141.309825
141.314875
141.705375
142.3616
142.790525
143.292475
143.4159
143.420875
143.427925
143.4334
143.44125
144.262725
144.2663
144.2693
144.272175
144.277575
144.282525
144.2916
145.072475
145.07735
145.080025
145.085575
145.0922
145.102
145.6111
145.892025
146.6952
146.70955
146.80755
146.85915
146.97225
147.7996
148.963625
149.655675
150.343
150.421575
150.437125
150.44375
151.28765
151.292225
151.301075
151.403925
154.924775
154.929775
154.940825
155.9166
155.9278
155.93055
155.93415
155.9386
156.557175
156.56865
156.5719
156.577075
156.58675
156.770625
156.77415
156.77715
156.780925
156.787675
156.798175
157.380675
158.41
158.5004
158.503125
158.5117
158.52125
158.5881
159.207675
159.36475
159.378225
159.561025
160.110325
160.117175
160.120475
160.123475
160.132425
160.891475
160.895825
160.90825
160.91985
161.5894
161.5923
161.59525
161.598725
161.607175
161.614975
163.337725
164.427425
164.43045
164.4349
164.443725
164.497275
164.5058
164.514275
164.851075
165.6056
165.6091
165.6142
165.6261
165.633325
165.63705
165.64555
165.651125
166.004575
166.945825
167.182925
167.72425
167.72825
167.731975
167.73595
167.745275
168.2171
168.22185
168.224525
168.2328
169.0349
169.0465
169.051975
169.78655
169.79065
169.80115
169.814575
169.998725
170.006675
170.01125
170.01945
170.02605
170.1582
170.168625
172.218875
172.54125
172.55255
172.55725
172.569475
173.25755
173.26075
173.26305
173.2684
173.281575
173.768425
173.77205
173.7771
173.782
173.796125
174.340825
174.690025
174.6939
174.70235
175.3704
175.4124
175.416125
175.422725
176.319025
176.3225
176.325275
176.32925
176.332375
176.3382
176.345775
176.97015
176.981925
176.98505
177.60195
177.604075
177.607125
177.61195
177.62165
178.676
178.6793
178.683075
178.69275
179.33125
179.34355
179.3807
179.753725
179.757425
179.848725
179.8577
181.027725
181.373175
181.380625
181.501075
181.899125
181.908425
181.9142
181.9281
182.54895
182.552575
182.555075
182.5639
182.572375
182.587175
182.5958
182.59985
182.60435
182.95275
182.955825
182.959425
183.131325
183.345825
183.60265
183.614625
183.709525
183.7219
183.935925
184.27925
184.282725
184.2909
184.295575
184.300325
184.310475
184.787875
184.793675
184.797275
184.811875
184.9622
185.081625
185.090975
185.09635
185.50445
185.949825
185.9582
185.9697
186.130125
186.13315
186.1359
186.140075
186.145375
186.17135
186.34555
186.360375
186.402075
186.405475
186.43735
186.4755
186.7043
186.707875
186.713025
186.722525
186.919125
186.92155
186.92465
186.929425
186.987375
187.00435
187.582875
187.587725
187.593725
188.579675
188.5917
188.602
189.2761
189.28115
189.284125
189.2935
189.3249
189.33475
189.353575
192.767875
192.7724
192.78315
193.714175
193.717875
193.7213
193.726375
194.134425
194.139125
195.07035
195.34105
198.02845
198.03185
198.03585
198.039575
198.052275
198.37145
198.374525
198.378425
198.382875
198.389525
198.400225
198.4062
198.448675
198.751125
198.75725
198.762025
198.778625
199.561475
199.5652
199.570575
199.5766
199.580925
199.59335
200.2618
200.2745
200.286825
200.7435
201.102075
201.1049
201.111575
201.127125
201.133175
201.143325
201.1483
201.15185
201.156825
201.1697
201.1823
202.124575
202.12755
202.139475
202.444375
202.448125
202.592675
202.93425
203.26255
203.30885
203.323925
203.396375
203.426875
203.434775
203.4396
203.444375
203.448375
203.455425
203.4649
203.477875
203.6658
203.669925
203.728825
203.7464
204.330775
204.333525
204.3367
204.340225
204.3458
204.3555
204.9121
205.030425
205.03735
205.44355
205.44905
205.4514
205.454675
205.462475
205.467525
205.47895
205.671275
206.400675
206.580725
206.59025
206.59405
206.602675
207.584475
208.695225
208.69965
209.171775
209.187225
209.39865
209.413
209.419375
209.42735
209.78575
209.789875
209.7975
209.8848
209.89035
209.898
209.9064
209.9116
209.918875
209.92535
209.950875
209.958025
209.96525
209.982975
210.655725
211.594625
211.608
211.818575
211.830825
211.842325
212.792375
212.79655
212.805275
212.81545
212.8334
213.19655
213.231675
213.238525
213.711525
213.7268
214.89785
214.903
214.91115
215.899725
215.90235
215.908425
215.91295
215.916625
215.92425
216.229425
216.23355
216.23875
216.247825
216.807075
217.343275
217.346475
217.350625
217.3532
217.35645
217.359225
217.3649
218.43775
218.8456
218.84925
218.8523
218.859025
219.2319
219.354575
219.360775
219.369075
220.85265
221.04585
221.0551
221.320925
222.518325
222.520375
222.5229
222.5269
223.508175
224.81485
224.819875
224.8243
224.8381
224.88505
224.98875
225.147425
225.152825
225.166175
225.662025
225.666075
225.67
225.675675
226.531325
226.540675
226.657425
226.671725
227.172025
227.18095
227.18855
228.1861
228.1917
228.19745
228.209525
228.74115
229.3595
229.3775
229.39235
229.651125
229.6543
229.658475
229.9725
230.41175
230.450425
230.819125
230.86645
230.878475
232.227775
232.231025
232.233725
232.238075
232.242925
232.2457
232.2676
232.411
232.415375
232.99875
233.14795
233.152475
233.16395
233.17025
233.51005
233.5144
233.9673
233.971425
234.30755
234.31025
234.313075
234.3165
234.321625
234.326675
234.334825
234.582475
234.906575
235.07255
235.079175
235.08375
235.092625
235.118825
235.356225
235.3599
235.362775
235.365275
235.375375
235.38105
235.387525
235.393975
235.72665
235.73145
235.734375
235.73855
235.7425
235.76585
235.80665
235.81835
235.826925
236.282175
236.2845
236.287925
236.291775
236.2998
236.3166
236.71785
236.721075
237.015225
237.018675
237.021825
237.038275
237.599125
237.712175
238.281075
238.28445
238.287975
238.30445
239.178475
239.716875
239.724525
239.726925
239.736675
240.01975
240.022775
240.025375
240.029975
240.041275
241.23095
242.233475
242.236575
242.240125
242.2438
242.249975
242.8602
242.871825
242.880275
243.4102
243.414425
244.007925
244.018525
244.02695
244.030825
245.686475
245.7483
246.09705
246.236125
246.243175
246.25045
248.704275
248.70835
248.7134
248.930625
249.5134
250.075025
250.079475
250.08495
250.0955
251.4393
251.44955
251.461775
251.4665
251.478575
253.0934
253.102675
253.105575
253.1125
253.11915
255.28625
257.211275
258.616525
258.62825
258.631675
258.63725
259.045275
260.100275
260.1142
261.01725
261.273825
261.278525
261.28785
261.296175
262.944
263.080075
263.083125
263.08985
263.099725
263.91455
263.918875
263.932375
265.16195
265.16805
265.175975
265.180475
265.18845
265.87475
265.8777
265.8843
265.88965
265.8944
265.90545
266.122375
266.12585
266.1282
266.130575
266.139375
266.142625
266.148125
266.403575
266.40625
266.414675
266.42395
266.432825
267.1411
267.144225
267.146375
267.726675
267.7477
267.9901
268.475325
268.488675
268.49645
268.50415
269.00195
269.008325
270.2246
270.230425
270.23425
270.237275
270.2487
270.4506
270.589625
270.59895
271.06695
272.414025
272.424025
272.428075
272.435625
272.800575
272.808025
273.4415
273.45135
273.455
273.4619
273.56755
274.16805
274.183875
274.20915
274.212275
274.215625
274.235225
274.253175
274.8459
275.01115
275.7374
276.539075
276.542775
276.54735
276.555825
276.5643
276.5969
276.6054
276.954025
277.049375
277.056725
277.117875
277.78385
277.78785
278.1928
278.9408
278.95595
279.648975
279.65405
279.6583
279.664275
279.680975
280.018725
280.024775
280.782425
281.058
281.562025
281.56575
281.5702
281.5762
281.581025
281.58515
282.419625
282.42605
282.42915
282.4328
282.43815
283.443825
283.458075
283.47065
283.89435
283.9531
283.9645
283.97125
283.98145
284.084675
284.092025
284.3942
284.398475
284.404075
284.413175
284.8708
285.43325
285.444025
285.449175
285.456275
285.50415
285.5119
286.31675
286.378775
286.38235
286.389925
286.86145
286.8663
286.869125
286.871975
286.874725
286.882575
286.88805
287.823125
287.8352
288.1471
288.36375
288.368125
288.3753
289.002925
289.0075
289.014225
289.185525
289.18945
289.193825
289.196575
289.200375
289.20925
289.212575
289.228325
289.5398
289.544225
289.547575
289.5536
289.559775
289.938025
289.9477
289.9497
290.2087
290.31055
290.33355
290.3713
290.375925
290.3795
290.383725
290.389875
290.402225
290.406175
290.41855
290.423575
290.4352
290.614275
290.6171
290.6215
290.625325
290.635525
290.92095
290.9241
291.233975
291.2369
291.240175
291.2486
291.51715
291.744275
291.753875
291.969275
291.975575
292.14645
292.413625
292.417525
292.420775
292.42395
292.431125
293.450975
293.455125
293.462625
293.46735
294.03975
294.1182
294.294775
294.2999
294.30275
294.3104
294.31455
294.73385
294.745125
294.751425
294.75805
295.123575
295.127125
295.13055
295.134425
295.143475
295.1488
295.159375
295.768075
295.77395
295.8152
295.823225
295.8379
295.8513
295.90945
295.932075
296.100575
296.165925
296.483225
296.4875
296.4951
296.5003
296.53855
298.298775
298.5978
298.601625
298.60415
298.608375
298.617975
299.610325
300.829875
300.83245
300.83805
301.290575
301.296575
301.3331
301.78075
302.871375
304.2773
304.7949
304.80315
304.8067
304.810175
304.813925
305.660275
305.6736
305.678025
305.68715
305.90395
305.91465
305.917275
305.920925
305.9294
305.954925
305.96175
305.971025
305.98435
306.440925
306.445975
306.449775
306.456175
306.760775
306.77385
306.78395
307.775075
307.778225
307.782325
308.318975
308.632725
312.13455
312.13745
312.146475
312.149375
312.1529
312.535125
312.540575
312.999225
313.006425
313.618275
313.62145
313.62435
313.62835
313.6365
313.65245
313.954025
314.04565
314.214525
314.218175
314.2254
314.233775
314.24825
314.6206
314.6252
314.6364
315.24505
315.8667
315.873875
315.877325
315.9066
315.91575
316.4848
