0.148775
0.1992
0.59205
0.673875
0.8486
1.13415
2.3177
2.364575
2.407775
3.32805
3.398225
3.5867
4.09795
5.006725
5.0293
5.311925
6.132125
6.167
6.19695
6.201925
6.2461
6.29165
6.29755
6.3284
6.37235
7.100125
7.2749
7.2813
7.350225
8.214225
8.231575
8.353075
8.3789
8.42025
8.43275
8.507475
8.572825
8.6264
9.271775
9.336275
9.368475
10.011025
10.0197
10.2653
10.30235
10.370775
11.061825
11.1083
11.11295
11.8874
11.90065
11.909
11.9163
11.930475
11.936325
11.9534
11.9544
12.3319
12.875675
12.88975
12.897725
12.90375
13.193025
14.283725
14.40785
15.09315
15.256925
15.953925
15.961975
15.97025
16.064175
16.80545
16.810825
16.820925
16.83775
17.034925
17.146425
17.16845
17.174225
19.1319
19.169375
19.277175
19.2825
20.484725
20.494425
20.509675
20.5215
20.6483
20.708425
21.5846
21.61135
21.725325
21.7523
21.8239
21.8816
21.886375
21.90245
21.9284
21.954925
21.9949
22.766375
22.78555
22.8067
22.809775
22.899775
22.905925
22.91575
22.944325
22.994375
23.718575
23.72805
23.877625
23.94055
24.595675
24.651075
24.82205
24.845125
25.69265
25.762225
25.772725
25.832675
26.594375
26.604975
26.6099
26.709925
26.81335
26.8434
26.918575
26.968475
27.01905
27.25365
27.311425
27.774925
27.8648
28.061125
28.95945
29.66785
29.78475
29.84095
29.848425
29.883675
30.4686
30.565675
31.203775
31.6555
31.809625
31.8964
32.590275
32.619
32.64045
32.658025
32.776425
33.02445
33.669375
33.678425
34.536975
34.5431
35.723125
35.742275
36.6691
36.89485
37.54775
37.559875
37.78945
38.67835
38.72865
38.7491
38.810725
38.8762
38.992025
39.5352
39.564175
39.769575
40.444
40.4776
40.5386
40.6987
40.710625
40.7363
41.45855
41.4712
41.7413
41.762925
42.534875
42.565625
42.589725
42.602125
42.641
43.388125
43.476925
43.74335
44.2342
44.2974
45.12725
45.337625
45.345625
45.7981
46.154925
46.239925
47.042575
47.1231
47.29905
47.776475
48.180075
48.2346
48.284175
48.8046
48.813525
48.9963
49.0223
49.143825
49.968425
50.6072
50.6711
50.925725
51.312525
51.343875
51.394275
51.9771
52.3949
52.449225
52.536875
52.5409
52.54695
52.551725
52.571725
52.5768
52.58625
52.59165
52.6719
52.72255
52.767875
52.780425
52.789525
53.0686
53.109175
53.146325
53.15465
53.1651
53.171925
53.183875
53.203575
53.209125
53.5571
53.690375
53.8058
53.860325
53.9291
54.0497
54.096975
54.49785
54.5547
54.592175
54.64235
54.67985
54.750025
54.79925
55.076275
55.109525
55.124775
55.149525
55.3011
55.405575
55.42615
55.69215
55.977
56.02175
56.072925
56.207275
56.253175
56.283375
56.3196
56.376975
56.486025
56.51175
56.521325
56.535875
56.767625
56.777625
56.9303
56.95905
56.9655
57.01695
57.0593
57.180475
57.19775
57.2342
57.3186
57.521075
57.626575
57.730775
57.779375
57.88425
57.917975
57.97955
58.027075
58.106875
58.137275
58.2812
58.76415
58.904825
59.10535
59.11635
59.1489
59.209625
59.288325
59.9316
59.975025
59.98155
59.990075
59.99685
60.050475
60.0939
60.139025
60.55885
60.5914
60.622625
60.688425
60.73135
61.2092
61.225525
61.23185
61.258775
61.323425
61.366675
61.39205
61.3994
61.50415
61.520275
61.5513
61.589625
61.657675
61.782
61.95575
62.064325
62.07065
62.089125
62.740225
62.967525
62.97905
62.98365
63.045125
63.452025
63.53705
63.57465
64.38085
64.39005
64.4245
64.526525
64.558375
65.149025
65.34585
65.35435
66.089675
66.09665
66.301175
66.9144
67.049225
67.16545
67.764275
67.767025
67.775125
67.779625
67.792525
67.8605
67.9058
67.925225
67.9443
68.395275
68.458925
68.546025
68.57625
68.6536
68.736125
68.985575
69.677825
69.690975
69.7025
69.776375
69.798725
69.8253
69.8509
70.58345
71.383375
71.390825
71.419125
71.537
71.589475
71.60115
71.638825
72.299625
72.345375
72.349425
72.379125
73.216225
73.256225
73.287675
73.319925
73.43205
73.536875
73.595975
73.72165
73.736525
74.325225
74.383175
74.389825
74.414325
74.426625
74.49405
74.92605
75.00845
75.027075
75.344
75.474
75.4825
75.517725
76.66085
76.684675
76.7381
76.7481
76.755675
76.7592
76.7771
76.881
77.56355
78.582375
79.41405
79.4171
79.556575
79.581775
79.587975
79.781325
79.894075
80.447675
80.49005
81.10315
81.6916
81.934975
81.939875
81.945075
81.967325
82.042375
82.048825
82.087025
82.4427
82.6283
82.6571
82.68465
83.2624
83.33125
83.377025
83.3866
83.43955
83.687775
83.884875
84.44895
84.458075
84.47585
84.5276
84.5333
84.55665
84.604125
84.651125
84.673675
85.4867
85.643625
85.6752
85.69825
85.773875
85.98965
85.999675
86.15745
86.68205
87.593275
87.701775
87.73255
87.73995
87.76885
88.473675
88.500825
88.583225
88.659025
88.828075
89.283225
89.5
89.6208
90.38895
90.40015
90.4073
91.1634
91.201075
91.215175
91.312775
91.3357
92.037225
92.06365
92.083275
92.09485
92.174275
92.1853
92.280175
92.325025
92.495575
92.956325
93.31205
94.352975
94.44155
94.452725
94.603725
94.796425
94.813725
94.8188
94.856425
95.280775
95.30895
95.3187
95.3253
95.361475
95.46955
95.964975
95.994275
96.13985
96.746575
96.7531
96.790625
96.879925
97.5849
97.677825
97.70955
97.725225
97.745825
97.7493
97.817575
97.893175
98.764425
98.799325
98.952575
98.966325
98.9845
98.9886
99.56995
99.5793
99.764375
99.7895
99.806675
100.62975
100.7101
101.6339
101.9759
101.9803
102.387025
102.395075
102.420175
102.565675
102.67275
103.17535
103.259125
103.286175
104.04165
104.17525
104.230475
104.2352
104.24215
104.2448
105.068825
105.214475
105.25335
105.264625
105.9198
105.999825
106.026975
106.16955
107.11825
107.179725
107.234325
107.243375
107.39245
108.093625
108.10005
108.13275
108.268525
108.39975
108.990425
109.044325
109.079075
109.145725
109.99825
110.104225
110.2017
111.150425
111.2125
111.23045
111.3
111.3463
111.4211
112.17455
112.1839
112.236525
112.288
112.32685
112.466425
112.49075
112.541225
113.094975
113.1174
113.26185
113.2734
113.2992
114.006675
114.098
114.136425
114.181425
114.19675
114.91115
115.00555
116.220175
116.2655
116.27015
116.52245
116.533275
117.171375
117.178775
117.8225
118.5911
118.596475
118.613225
118.678825
118.750075
119.03475
119.305675
119.315175
119.787775
120.1534
120.242625
120.634475
120.864475
120.942975
120.983
121.079975
121.2294
121.296175
121.839175
121.845075
121.8553
121.8597
122.0541
122.36485
122.384
122.39645
122.402
122.413525
122.420675
122.4322
122.457475
122.474175
122.477775
122.487225
122.4985
122.501925
122.51135
122.52005
122.531125
122.5368
122.54015
122.560625
122.57145
122.61055
123.237825
123.26775
123.27285
123.298825
124.025175
124.176025
124.18715
124.312825
124.337075
124.357175
124.3635
124.76345
124.9371
125.268
125.316475
125.4674
125.578575
125.612075
125.651175
125.993625
126.121025
126.16585
126.26785
126.320525
126.382475
126.5373
127.160725
127.247375
127.4425
127.4969
127.51735
127.6056
128.44185
128.48785
128.530725
128.5412
128.5499
128.6074
128.612725
128.631825
128.639625
128.886175
129.117625
129.174875
129.4865
129.716175
129.788575
130.002375
130.592975
130.792675
130.809725
131.507825
131.586875
131.61395
131.65165
131.656
131.707275
131.816925
132.040525
132.054525
132.059775
132.481875
132.6454
132.65515
132.66135
132.767
132.8298
132.87295
133.524125
133.550875
133.573375
133.6178
133.651
134.3432
134.510025
134.5274
134.5407
135.508225
135.756125
136.541425
136.550225
136.561475
136.578175
136.58515
136.625675
136.697575
136.76305
137.293775
137.321375
137.3676
137.4459
137.637975
138.24635
138.50725
138.582625
138.663125
138.7161
139.563275
139.601275
139.629725
139.641125
139.64425
139.71725
139.803375
139.8647
141.29195
141.31685
141.524625
141.559225
142.39565
142.4399
142.515025
143.39155
143.440275
143.526675
143.680875
144.33615
144.562225
144.594025
145.50395
145.513625
145.601925
147.1424
147.15435
147.31205
147.35365
147.363
147.410775
147.50005
147.710125
147.81145
148.162775
148.1774
148.181475
148.2216
148.239
148.285075
148.370475
148.397725
148.45245
148.524575
149.3743
149.56085
150.679925
150.765475
151.86805
151.99135
153.196125
153.22575
154.313
155.356725
155.420775
155.679575
155.756
155.78655
156.8894
157.63745
157.734475
158.497725
158.521225
158.523325
158.5533
158.576925
158.6298
158.6366
159.3211
159.3772
159.383025
159.64995
160.353075
160.4479
160.470375
160.475975
160.5479
161.196425
161.233925
161.309425
161.346225
161.426725
161.909225
162.3477
162.3682
162.39465
162.495575
162.706575
162.976225
162.996925
163.0173
163.135475
163.166075
163.192325
163.334225
164.893025
165.024
165.1274
165.271275
165.87985
166.0788
166.1381
166.16665
166.1914
166.86255
166.8856
166.94465
166.98505
167.024275
167.11805
167.7792
167.798375
167.830025
167.890425
167.9152
167.925975
167.9952
168.010575
168.01765
168.037875
168.8966
168.9121
168.926475
169.056175
169.865825
170.030025
170.0952
170.1246
170.842925
170.86645
170.9121
170.9642
171.105225
171.113375
171.1191
171.158075
171.16445
171.1702
171.185875
171.20095
171.8792
171.936725
171.945425
171.960575
171.968025
171.98925
171.99475
172.0307
172.065625
172.214225
172.226975
172.31165
172.32275
172.785
172.826575
173.744825
173.97105
174.119975
174.175825
174.262925
174.273775
174.998775
175.03275
175.225575
175.337575
175.352225
175.398225
176.1743
176.4375
176.4745
177.071675
177.15065
177.212775
177.3181
177.3384
177.34915
177.7098
178.451925
178.5043
178.625675
178.640675
178.6464
178.74685
179.524825
179.712525
179.7166
180.590825
180.7539
180.760175
181.031975
181.636275
182.1323
183.003475
183.289
183.333425
184.032575
184.225125
184.2439
184.96685
185.1416
185.149275
185.1544
185.723275
185.739325
185.9942
186.043625
186.085025
186.895325
186.907375
187.69335
187.9339
188.118025
188.7585
189.087575
189.137475
189.820825
189.82535
189.922225
190.013575
190.086925
190.243125
190.71665
190.77365
190.833925
190.867325
191.762925
191.949625
192.06345
192.12535
192.847475
193.020225
193.121725
193.22245
193.34345
194.3017
194.53225
194.827225
194.890525
195.547025
195.5537
195.565825
195.569175
195.589775
195.608975
195.66685
195.70355
196.618375
196.656125
196.686375
196.77875
196.872175
197.52875
197.54595
197.601425
197.68285
198.580025
198.621925
198.640075
198.6662
198.721
198.729025
198.76985
198.803975
198.8544
199.176125
199.371925
199.5099
199.62965
199.64895
199.654675
199.70525
199.72065
199.73525
199.769775
199.800775
199.8073
199.8966
200.1898
200.598075
200.610025
200.67835
200.6874
200.863925
200.932375
201.365675
201.430325
201.95715
201.993575
202.141475
202.14755
202.212775
202.792575
202.82815
202.891975
204.099375
204.126675
204.135975
204.215375
204.2747
204.9832
205.0044
205.06735
205.13795
205.395825
205.846125
205.902075
206.009175
206.3314
206.346425
206.36745
206.389225
206.522225
207.317125
207.340575
207.3497
207.36825
207.619575
207.6279
207.6466
207.652025
208.07575
208.320425
208.352025
208.37135
208.7432
209.445525
210.184025
210.233125
210.247425
210.41865
210.435125
210.464325
211.1849
211.20445
211.21615
211.336775
211.418425
211.5813
212.310725
212.3347
212.346425
212.3893
212.40765
212.9924
213.026425
213.559825
213.57315
213.579725
213.622775
213.7172
213.82485
213.843475
213.86
213.8801
214.007125
214.079825
214.095875
214.986075
215.041175
215.172525
215.73965
215.759675
215.779075
215.933075
215.937975
215.981275
216.7299
216.8871
216.9024
217.01445
217.741475
217.74495
217.9747
218.0531
218.08975
218.123575
218.7924
218.799275
218.848875
218.981375
219.756975
219.796275
219.82785
219.85915
219.9798
220.0534
220.719325
220.85015
220.958475
221.24475
221.678675
221.68645
221.784875
221.7889
221.864525
221.985225
222.069575
222.9346
222.9424
223.114675
223.146875
223.1698
223.187925
223.2408
223.89965
223.90825
223.974125
224.140625
224.18725
224.967875
225.06655
225.141475
225.182025
226.240325
226.558425
227.0617
227.095525
227.114575
228.249675
228.294675
228.3663
228.45855
229.4615
229.473
229.5746
229.633225
232.088
232.75555
233.59705
233.779025
233.829175
233.834875
234.382425
234.441975
234.5225
234.819025
235.701575
235.71605
235.81905
236.2867
236.32535
236.332425
236.359025
236.409175
236.415025
236.443425
236.4771
236.48675
237.1895
237.2114
237.250225
237.2775
237.292425
237.300075
237.988475
238.0251
239.0609
239.150775
239.200375
239.28675
239.882075
239.931025
240.037025
240.077925
240.08225
240.891275
240.92825
240.93335
241.856575
241.926975
242.011175
242.046025
