2.402975
8.231625
8.5872
9.14645
9.99885
10.25255
12.983125
15.768325
15.939275
15.949975
15.95415
15.98225
16.156225
16.9125
17.061925
17.8714
17.905975
20.673275
21.1071
23.6925
24.58405
24.8587
26.662525
28.019875
28.035625
29.6961
30.564275
33.68105
33.77125
35.949625
45.207375
45.778425
48.6832
48.9438
48.9998
51.47815
51.505725
52.851275
53.36955
53.791725
57.909725
58.753925
59.871525
59.990525
66.0793
66.2076
66.869875
66.879825
68.65595
70.5329
71.437875
72.34285
76.625025
76.7307
76.782
78.482325
78.492625
78.50555
78.5169
79.3923
80.3915
80.3983
80.5764
80.593125
82.5373
82.547475
82.5712
83.239475
83.2983
83.323875
84.381575
84.398475
84.4269
86.800825
87.7339
93.085775
93.10835
93.231375
96.794175
97.784375
97.816925
98.78015
100.6892
103.331575
103.3556
103.789525
103.9702
105.140375
105.16805
106.0033
107.26195
108.143625
108.178175
108.194025
108.31595
109.01185
111.1149
111.374775
111.381775
111.420475
112.171475
112.266475
114.1516
114.797575
114.826275
114.994325
116.81485
116.85475
119.78585
120.808875
121.004425
121.9018
122.46675
122.4742
122.490525
122.50945
122.81495
122.88755
124.2284
124.24335
124.249075
124.295075
125.4297
126.2655
126.3866
126.5661
127.1567
127.271625
127.308225
127.3702
127.509175
131.6863
134.4895
139.89535
142.447575
143.46945
143.491325
144.2507
147.08875
147.11025
147.1987
147.359825
148.16875
148.180175
148.189825
148.4883
149.77905
150.6779
150.699525
155.2592
155.717775
155.7297
156.01855
157.3541
159.32185
159.4872
159.5106
160.319625
162.259825
164.170075
164.413725
166.068525
168.065425
170.95015
174.96935
177.005775
177.11275
177.6467
177.662825
177.695675
180.56625
180.735275
181.008
181.520625
181.53655
181.545475
181.616075
183.912325
185.731325
185.738525
185.847675
186.824675
187.870725
188.7616
189.992125
190.766275
191.5161
191.5359
192.26995
194.4517
194.532225
195.613775
196.794525
197.380325
198.531675
199.6112
200.591325
201.196575
201.219525
202.842325
206.70785
207.307325
208.375425
209.423725
210.17615
213.841675
216.643225
216.765075
217.741525
217.7481
217.761075
217.890375
218.7954
219.7278
219.811675
220.69445
223.2153
224.20465
224.226325
224.242775
224.283725
224.339525
225.140425
225.260775
225.287575
226.103675
227.094125
227.105975
227.526975
228.24465
228.40885
229.497675
230.659175
233.482075
234.29815
234.498525
237.2495
237.43905
237.929575
239.31265
