0.008375
0.079375
0.181275
0.2131
0.3379
0.47165
0.568525
0.651275
0.727625
0.758875
0.781425
0.8284
0.8413
0.852325
0.86775
0.9337
0.97735
1.00535
1.10385
1.172275
1.3008
1.3238
1.3773
1.442125
1.493475
1.511725
1.60305
1.71245
1.767725
1.81795
1.8341
1.904825
1.9292
1.951275
2.01425
2.04395
2.1222
2.1755
2.2034
2.232025
2.2664
2.326725
2.32955
2.360275
2.441175
2.547575
2.594675
2.638175
2.7515
2.9184
3.005
3.1379
3.181525
3.2361
3.253375
3.3164
3.329375
3.39665
3.535375
3.624
3.7826
3.84235
3.91635
4.02225
4.1436
4.216475
4.313725
4.402325
4.6599
4.807525
4.8433
4.95395
5.034925
5.109
5.14165
5.1634
5.178075
5.225675
5.279275
5.315725
5.4676
5.6999
5.74185
5.87875
5.969
5.9929
6.0676
6.117225
6.14455
6.150275
6.20605
6.2875
6.518675
6.5441
6.550325
6.736375
6.84855
6.9764
7.07045
7.11095
7.147625
7.17735
7.24985
7.45315
7.50445
7.53815
7.580975
7.835675
7.9398
8.03185
8.096675
8.160325
8.187825
8.195775
8.265225
8.3084
8.3831
8.427375
8.49445
8.5176
8.536925
8.60655
8.6124
8.6364
8.651075
8.688175
8.83215
8.871125
8.948225
8.9985
9.07815
9.13465
9.316425
9.41895
9.46465
9.510825
9.604025
9.6537
9.797475
9.90065
10.021225
10.083475
10.152025
10.195025
10.235175
10.261
10.338975
10.40025
10.477775
10.618875
10.7093
10.8137
10.849
10.962
10.992
10.994725
11.037375
11.07565
11.1376
11.190675
11.230175
11.26165
11.3145
11.453775
11.583125
11.693325
11.786225
11.808175
11.883025
11.908225
11.909825
11.96215
11.994925
12.054425
12.099975
12.1179
12.185575
12.19215
12.218025
12.24255
12.3226
12.379875
12.4325
12.527975
12.592775
12.687425
12.824275
12.85205
12.8878
12.9131
12.962325
12.972775
12.984425
12.99975
13.039125
13.096475
13.15115
13.190225
13.21935
13.24805
13.266425
13.29405
13.3677
13.437475
13.5027
13.573475
13.6594
13.7124
13.7514
13.881725
13.954
14.0379
14.103075
14.11075
14.1458
14.159075
14.161925
14.1673
14.193875
14.199325
14.278825
14.389575
14.43945
14.444975
14.5772
14.60335
14.625825
14.692625
14.73845
14.80325
14.839925
14.88315
14.904275
14.9676
14.98695
15.01135
15.146675
15.212925
15.25965
15.271975
15.326025
15.463425
15.527925
15.646725
15.7236
15.784375
15.90125
15.9252
15.9639
16.054575
16.0901
16.1627
16.211275
16.337875
16.380375
16.4291
16.44775
16.485175
16.5214
16.555175
16.6199
16.736225
16.819475
16.83485
16.852075
16.87305
16.9257
16.961075
16.983675
17.011575
17.01855
17.070225
17.097575
17.118375
17.136775
17.157375
17.163225
17.180825
17.251575
17.287175
17.379625
17.4368
17.454425
17.4972
17.540875
17.557125
17.596575
17.653325
17.698575
17.7076
17.79605
17.813
17.8179
17.8563
17.90485
17.917725
17.94945
17.98555
18.034675
18.045925
18.078225
18.12455
18.20915
18.289925
18.30585
18.352125
18.5006
18.609225
18.656725
18.704
18.724325
18.78655
18.834375
18.92535
18.976825
19.00785
19.044825
19.0685
19.150925
19.1726
19.216625
19.280275
19.3339
19.373575
19.422025
19.452725
19.559375
19.60765
19.68705
19.721125
19.9023
19.92775
19.9695
20.032825
20.108075
20.14215
20.159625
20.333075
20.391225
20.427525
20.447025
20.6712
20.76795
20.83535
20.90715
20.945175
20.992525
21.04345
21.1314
21.191075
21.26175
21.334775
21.421225
21.59705
21.761575
21.7778
21.80145
21.81085
21.83255
21.842325
21.8924
21.9025
21.9533
21.99995
22.04415
22.14925
22.2769
22.387975
22.57085
22.681175
22.776725
22.80905
22.900475
22.944375
22.960025
23.02165
23.071725
23.16335
23.19215
23.2105
23.2577
23.33555
23.4525
23.6629
23.698475
23.7088
23.724825
23.74815
23.7627
23.82685
23.877425
24.0354
24.197
24.20545
24.25565
24.375475
24.468375
24.63695
24.70695
24.716525
24.7581
24.7905
24.8762
25.036675
25.162325
25.412025
25.49385
25.55575
25.591275
25.6351
25.701175
25.721
25.771175
25.79015
25.81685
25.894025
25.907275
25.930075
25.972975
25.995325
26.0722
26.122975
26.199775
26.234875
26.30385
26.357525
26.408425
26.487725
26.5482
26.5718
26.6367
26.6787
26.777725
26.8064
26.83365
26.847
26.91095
26.93875
27.05425
27.142525
27.24755
27.2751
27.325625
27.338375
27.417825
27.473125
27.51545
27.602925
27.67825
27.82775
27.830575
27.910775
28.01755
28.04025
28.052125
28.066275
28.081625
28.114475
28.148625
28.232775
28.330475
28.339925
28.363425
28.3931
28.48545
28.588475
28.713025
28.80885
28.866625
28.891075
28.933775
28.953525
28.98945
29.0363
29.076375
29.104825
29.243525
29.32535
29.376775
29.4004
29.438225
29.45815
29.63075
29.6349
29.6816
29.716
29.7446
29.781925
29.830525
29.867825
29.929075
30.000075
30.0817
30.201625
30.263475
30.288575
30.371475
30.4422
30.478725
30.53065
30.596475
30.6616
30.68535
30.704025
30.74575
30.801075
30.824275
30.916125
30.97955
30.99305
31.057375
31.11025
31.15035
31.163675
31.169875
31.214525
31.2281
31.300725
31.3751
31.42965
31.498225
31.553625
31.622875
31.6685
31.68095
31.7017
31.725625
31.8311
31.8893
31.95945
32.0232
32.057825
32.0998
32.19965
32.477925
32.542675
32.597
32.62915
32.6419
32.7252
32.74345
32.76125
32.7811
32.803825
32.8429
32.86985
32.924425
32.98595
33.009875
33.0538
33.1213
33.148275
33.15355
33.2329
33.374825
33.480175
33.533825
33.6095
33.634575
33.64395
33.66335
33.6699
33.685875
33.697725
33.716025
33.80365
33.808225
33.84765
33.90075
33.934375
33.967575
34.0406
34.141425
34.231225
34.3374
34.4558
34.582725
34.665525
34.70645
34.712275
34.763675
34.810225
34.9218
35.078
35.138
35.24
35.2955
35.310875
35.346625
35.3844
35.40285
35.445125
35.48495
35.521025
35.603125
35.731275
35.7563
35.846225
35.865375
35.920325
35.93525
36.032675
36.096875
36.121825
36.2702
36.299725
36.341675
36.383975
36.43
36.459525
36.5202
36.629925
36.709225
36.770725
36.803675
36.828975
36.91485
36.972525
37.06275
37.1009
37.1327
37.239725
37.315525
37.335825
37.3902
37.451075
37.4825
37.500975
37.548075
37.5566
37.6008
37.65775
37.710725
37.746125
37.80955
37.887175
37.9497
38.0013
38.03955
38.077575
38.27575
38.31095
38.437325
38.522325
38.584225
38.659975
38.688475
38.765425
38.787675
38.799175
38.817175
38.85085
38.868
38.9089
39.00545
39.0647
39.183975
39.2929
39.322525
39.416225
39.436425
39.527425
39.545725
39.63825
39.66985
39.68205
39.710025
39.7577
39.796075
39.82495
39.8528
39.876725
39.936775
40.01975
40.128625
40.256125
40.327775
40.3925
40.472775
40.555325
40.560925
40.583625
40.633375
40.7173
40.753075
40.83125
40.892425
41.082
41.180275
41.28105
41.3259
41.344775
41.408975
41.437
41.584975
41.693275
41.779525
41.829625
41.8808
41.9185
41.96295
42.02315
42.1087
42.1706
42.24845
42.345775
42.5244
42.570975
42.58275
42.640175
42.716725
42.7274
42.743575
42.78575
42.882375
42.932475
42.977875
43.07
43.107625
43.140675
43.302725
43.32385
43.385425
43.400325
43.483125
43.55155
43.6167
43.660475
43.6853
43.7854
43.846125
43.967675
44.0922
44.14125
44.260725
44.2691
44.320625
44.437175
44.65165
44.7064
44.826475
44.922025
44.993925
45.0689
45.092725
45.132775
45.1676
45.2028
45.2116
45.217625
45.237925
45.27245
45.322
45.349275
45.36915
45.430125
45.568675
45.59325
45.621575
45.6673
45.721025
45.736175
45.76005
45.8249
45.8602
45.885325
45.93695
46.006025
46.121225
46.198675
46.2527
46.306625
46.3717
46.4266
46.472425
46.507
46.528
46.585525
46.703825
46.81215
46.883825
46.936125
47.022925
47.0578
47.087375
47.110375
47.168875
47.179475
47.279125
47.332275
47.359175
47.389425
47.421225
47.443625
47.48815
47.501075
47.533825
47.565125
47.603375
47.661375
47.6869
47.759875
47.838825
47.9465
48.055375
48.167075
48.214325
48.253975
48.308025
48.3519
48.39615
48.4531
48.521075
48.57645
48.6475
48.66875
48.713275
48.7563
48.7938
48.85015
48.883975
48.91825
48.957075
49.0053
49.02495
49.076125
49.1039
49.13005
49.167625
49.196525
49.340025
49.421825
49.47375
49.509375
49.529675
49.585875
49.667
49.706725
49.730525
49.73765
49.787575
49.915675
49.951475
50.077075
50.123025
50.154275
50.1856
50.278675
50.3215
50.403525
50.44885
50.51965
50.566275
50.58265
50.597575
50.61515
50.64215
50.647625
50.6864
50.766175
50.814325
50.856075
50.914425
50.981275
51.0379
51.075875
51.088625
51.156225
51.182
51.2132
51.229
51.26045
51.286925
51.30975
51.318625
51.3266
51.35855
51.41685
51.43315
51.448575
51.493625
51.527575
51.578325
51.6215
51.657975
51.7193
51.757025
51.800375
51.8411
51.8746
51.912075
51.95845
52.131125
52.200925
52.273
52.34575
52.36685
52.3908
52.4156
52.427925
52.4727
52.5405
52.58195
52.6545
52.7116
52.721925
52.755025
52.8144
52.912625
52.952725
53.0046
53.03
53.11075
53.1767
53.20025
53.3455
53.418325
53.476625
53.53075
53.563475
53.6223
53.71675
53.769625
53.7969
53.80425
53.812725
53.826575
53.8558
53.9001
53.981175
54.144325
54.17785
54.3741
54.406975
54.4737
54.533725
54.56605
54.59645
54.614625
54.652425
54.66615
54.84525
54.8869
54.965
55.02615
55.0526
55.07845
55.21095
55.2219
55.2445
55.270075
55.314575
55.434575
55.49885
55.663775
55.744825
55.870225
55.922575
55.9763
56.063275
56.135475
56.19235
56.233025
56.26165
56.35915
56.4705
56.541425
56.6923
56.825525
56.872575
56.896675
56.94115
56.974875
57.049125
57.079225
57.142725
57.189075
57.27455
57.34205
57.37645
57.519575
57.528875
57.5994
57.64145
57.6824
57.76615
57.8412
57.855775
57.891975
57.9131
58.0141
58.047475
58.0697
58.118775
58.137075
58.177375
58.217125
58.27375
58.301075
58.329
58.360925
58.4112
58.44255
58.493375
58.5641
58.596625
58.6311
58.6798
58.700875
58.7461
58.75015
58.81015
58.828475
58.8476
58.885725
58.924825
58.9507
59.041275
59.0927
59.129875
59.163725
59.29175
59.33205
59.841125
59.901925
59.9393
60.140525
60.207475
60.349375
60.36685
60.387675
60.40945
60.43085
60.4916
60.52435
60.57095
60.588325
60.74955
60.874575
60.9467
60.9721
61.0238
61.087575
61.148375
61.18185
61.199525
61.2481
61.311575
61.551175
61.612925
61.64585
61.675275
61.735225
61.76705
61.772075
61.81375
61.834075
61.86255
61.946175
62.017225
62.047325
62.094325
62.14855
62.1927
62.30905
62.40095
62.64395
62.703675
62.71685
62.766925
62.8081
62.90385
62.935825
62.970325
63.1256
63.178975
63.255575
63.405075
63.42505
63.454775
63.472
63.530675
63.5946
63.64685
63.94595
64.040625
64.080375
64.149575
64.181925
64.25195
64.34735
64.4095
64.4447
64.475625
64.533725
64.633975
64.733775
64.9674
65.021125
65.0833
65.163375
65.24165
65.260675
65.34965
65.44715
65.50585
65.66915
66.0709
66.0949
66.166075
66.3025
66.833125
66.86415
66.920275
66.958075
67.021875
67.294525
67.7223
67.8378
67.885575
67.916625
67.928275
67.95295
68.024425
68.081675
68.181025
68.585825
68.611275
68.6232
68.6476
68.709675
68.827175
68.82945
68.90055
68.9889
69.098875
69.258125
69.669275
69.693425
69.7223
69.747075
69.764175
69.8502
69.998925
70.3168
70.4498
70.527825
70.5891
70.615075
70.629525
70.63485
70.647675
70.7236
71.01345
71.121925
71.162925
71.336625
71.3924
71.420425
71.462525
71.539075
71.66695
71.88135
71.949125
71.99755
72.122375
72.208025
72.26405
72.322475
72.333675
72.359475
72.428075
72.46855
72.4985
72.59675
72.65605
72.68225
72.730075
72.769875
72.781725
72.81525
72.882925
73.02575
73.06655
73.129125
73.175725
73.202825
73.289725
73.393325
73.44405
73.531825
73.600025
73.625375
73.69705
73.728475
73.734225
73.744975
73.792275
73.828075
73.94935
73.966775
74.0243
74.209875
74.24435
74.281025
74.332125
74.369
74.41195
74.41765
74.44125
74.465325
74.588075
74.697925
74.8264
74.9019
74.975975
75.0102
75.046625
75.0872
75.140375
75.188
75.244025
75.266025
75.28335
75.33895
75.364425
75.3817
75.4002
75.465625
75.605225
75.68695
75.787575
75.85475
75.9091
75.959225
76.025625
76.057125
76.095
76.1088
76.1689
76.225875
76.2855
76.32065
76.37865
76.397825
76.443275
76.48295
76.532025
76.69335
76.727225
76.747125
76.76035
76.77875
76.7858
76.83455
76.889875
76.947425
76.981675
76.993325
77.058175
77.11245
77.20465
77.228875
77.234525
77.300775
77.342675
77.3899
77.519425
77.5897
77.628875
77.65985
77.73165
77.7603
77.844475
77.873
77.93405
78.01195
78.181575
78.28445
78.33195
78.402575
78.4512
78.52915
78.541075
78.570725
78.60285
78.627675
78.667225
78.721775
78.7669
78.820475
78.90255
79.0524
79.116925
79.2283
79.29305
79.3881
79.428975
79.468075
79.496375
79.513675
79.562725
79.583625
79.624675
79.733425
79.757125
79.782525
79.792175
79.8124
79.835525
79.856425
79.8903
79.908925
79.950025
79.972425
80.291975
80.37135
80.429425
80.4702
80.48065
80.5143
80.5261
80.53815
80.54035
80.573975
80.5849
80.603325
80.614675
80.6554
80.683525
80.7327
80.791025
80.8409
80.89705
80.9613
81.066275
81.108175
81.136575
81.166775
81.2124
81.2951
81.342425
81.4459
81.509625
81.632125
81.70435
81.71405
81.820875
81.878275
81.8953
81.96305
82.0023
82.0423
82.07315
82.117475
82.162375
82.20405
82.260925
82.325475
82.4824
82.53805
82.5833
82.649225
82.69135
82.7381
82.821575
82.917725
83.0062
83.0606
83.13595
83.191775
83.21395
83.25175
83.2588
83.461075
83.52345
83.5827
83.64
83.67815
83.83885
83.888
84.066475
84.21825
84.348425
84.39145
84.448325
84.499175
84.61185
84.716975
84.763725
84.777925
84.84325
85.03775
85.1453
85.199825
85.25645
85.32915
85.37915
85.430125
85.484725
85.5219
85.554575
85.58
85.6222
85.650625
85.675175
85.81255
85.871375
85.929975
85.97905
86.058225
86.12525
86.159525
86.262275
86.2902
86.331825
86.42685
86.464725
86.476325
86.4911
86.514425
86.553775
86.592725
86.614875
86.62825
86.671125
86.724075
86.808825
86.82395
86.863675
86.932425
86.955725
87.025775
87.085425
87.1561
87.193
87.2943
87.39515
87.462925
87.482875
87.499
87.505025
87.608775
87.624925
87.63805
87.6793
87.712125
87.76195
87.7978
87.85885
87.979925
88.087025
88.118775
88.1662
88.322375
88.387
88.413125
88.464725
88.493675
88.50125
88.526325
88.567
88.63515
88.659125
88.6929
88.782925
88.8387
88.917975
88.979125
89.020025
89.17135
89.261875
89.294175
89.320725
89.32355
89.334775
89.4137
89.465925
89.5186
89.5268
89.5625
89.58765
89.648525
89.699975
89.756425
89.798325
89.90915
89.968275
90.02715
90.073
90.3204
90.35925
90.391075
90.441575
90.533525
90.543275
90.571
90.592
90.65865
90.729075
90.82185
90.969075
91.08785
91.153225
91.244975
91.261875
91.353825
91.38545
91.472725
91.516125
91.547675
91.627
91.67685
91.74035
91.953425
91.9621
92.0186
92.0499
92.056975
92.14275
92.152525
92.205075
92.237775
92.259
92.2963
92.3475
92.3986
92.45355
92.53595
92.60765
92.7149
92.9874
93.01425
93.061275
93.0817
93.086175
93.1103
93.13285
93.147175
93.171825
93.265025
93.290425
93.3858
93.44845
93.605875
93.6933
93.77445
93.8991
93.984
94.030825
94.100475
94.214525
94.28635
94.308075
94.342375
94.3641
94.42435
94.510275
94.60085
94.6095
94.660425
94.6805
94.75625
94.7802
94.81625
94.849875
94.872825
94.95625
94.994875
95.188775
95.2595
95.28295
95.3019
95.342725
95.354175
95.39355
95.42815
95.456225
95.489075
95.540075
95.6145
95.72865
95.85505
95.8845
95.895475
95.94505
95.98995
96.085775
96.2029
96.264475
96.37115
96.3991
96.437875
96.4844
96.6151
96.655675
96.700625
96.771125
96.79425
96.913225
96.917325
96.92075
97.03955
97.141675
97.283425
97.462175
97.4934
97.51955
97.530375
97.5927
97.63215
97.68175
97.683175
97.7252
97.753525
97.774075
97.78245
97.799675
97.87945
97.944375
98.076825
98.177325
98.22745
98.246925
98.27635
98.331575
98.4208
98.451075
98.48015
98.525925
98.63835
98.6904
98.70645
98.718825
98.74255
98.7716
98.7776
98.794125
98.800425
98.810875
98.823075
98.9077
98.96005
99.0012
99.050075
99.09095
99.14315
99.251375
99.28335
99.33665
99.4618
99.499575
99.532825
99.5428
99.55175
99.5742
99.613425
99.62665
99.7168
99.852675
99.9758
100.0102
100.021825
100.061775
100.099475
100.124325
100.136725
100.18705
100.20105
100.312925
100.38715
100.479725
100.60055
100.643825
100.660625
100.6884
100.7008
100.7189
100.792075
100.813575
100.879225
101.033
101.0787
101.1045
101.112175
101.148075
101.192425
101.25295
101.356425
101.3955
101.411425
101.444675
101.528
101.574575
101.6282
101.74735
101.799375
101.806125
101.82555
101.918375
101.972225
102.077575
102.1394
102.14795
102.212975
102.24375
102.2705
102.303575
102.336875
102.38245
102.40755
102.49175
102.52715
102.5518
102.684775
102.7306
102.87255
102.972925
103.089125
103.14955
103.237275
103.266325
103.2698
103.3706
103.436425
103.45245
103.507675
103.5748
103.758125
103.899075
103.941175
103.9842
104.0273
104.06975
104.10975
104.15095
104.157075
104.187375
104.219025
104.299275
104.35545
104.408025
104.4797
104.546925
104.634325
104.689375
104.7507
104.79355
104.85465
105.11615
105.16565
105.1972
105.246925
105.298475
105.5694
105.65245
105.72455
105.827775
105.873225
105.9161
105.96325
105.97925
106.008725
106.0536
106.165925
106.2662
106.3368
106.373725
106.448275
106.493225
106.51815
106.568725
106.596725
106.677225
106.744525
106.84225
106.903925
107.043575
107.067025
107.078975
107.091
107.143125
107.175425
107.2076
107.220525
107.2544
107.26035
107.307975
107.326075
107.339775
107.381425
107.40745
107.423475
107.47255
107.4961
107.562625
107.65495
107.70375
107.7607
107.972575
108.06165
108.07955
108.088025
108.108075
108.1166
108.12265
108.14785
108.179
108.1904
108.213025
108.216
108.244375
108.264075
108.30505
108.3143
108.33605
108.36245
108.38885
108.44225
108.525625
108.560825
108.620425
108.6603
108.6992
108.80375
108.841
108.882025
108.9441
109.0179
109.0308
109.058775
109.102275
109.110975
109.157425
109.283475
109.29935
109.324425
109.347425
109.4304
109.534025
109.6088
109.73405
109.8032
109.84455
109.91265
109.951175
110.003675
110.014025
110.103425
110.220625
110.22265
110.307525
110.41135
110.571575
110.7074
110.769925
110.926
110.965175
111.0184
111.05615
111.094375
111.1348
111.1384
111.18965
111.228675
111.3592
111.3732
111.4174
111.446925
111.4864
111.488475
111.50275
111.54865
111.637275
111.69495
111.774525
111.79415
111.879675
111.970825
112.084
112.12015
112.20645
112.2219
112.320975
112.365575
112.401425
112.412825
112.51735
112.552725
112.6061
112.706175
112.73065
112.79485
112.91835
113.034525
113.0743
113.0827
113.0877
113.0937
113.101025
113.12595
113.23515
113.26275
113.26655
113.3137
113.35175
113.365
113.373625
113.38495
113.3999
113.418
113.4245
113.458375
113.471025
113.516675
113.543225
113.610525
113.650225
113.706075
113.730975
113.77275
113.807875
113.839825
113.929075
113.9804
114.043775
114.04965
114.098225
114.1453
114.180275
114.22065
114.265975
114.293475
114.3051
114.34825
114.363775
114.39035
114.44875
114.53045
114.6276
114.687975
114.73095
114.77095
114.779175
114.796475
114.82225
114.85335
114.87335
114.882475
114.905
114.919625
114.9302
114.9511
114.994775
115.022825
115.051575
115.0533
115.09825
115.154525
115.2961
115.329225
115.3458
115.4563
115.549925
115.62235
115.6727
115.7029
115.73585
115.808325
115.821
115.8594
115.89665
116.0071
116.02475
116.068525
116.1296
116.1658
116.19385
116.2063
116.229325
116.2553
116.26795
116.37855
116.433075
116.511975
116.629175
116.66385
116.679575
116.68645
116.724
116.74465
116.778075
116.851625
116.914125
116.97905
117.02845
117.096775
117.15365
117.358675
117.5035
117.655725
117.740925
117.833575
117.869225
118.0268
118.159775
118.2661
118.46265
118.521025
118.5463
118.5863
118.64695
118.8638
118.8983
118.935025
119.0552
119.105675
119.1216
119.13765
119.1596
119.18875
119.216075
119.276425
119.3236
119.392525
119.441275
119.57175
119.6107
119.6922
119.787775
119.85545
119.91195
120.016625
120.132125
120.168925
120.185525
120.1967
120.25275
120.29315
120.422375
120.462575
120.470925
120.5164
120.524375
120.58215
120.647675
120.750425
120.873125
120.913775
120.94955
120.972225
120.988525
121.02255
121.0641
121.141975
121.361425
121.5132
121.5227
121.63035
121.737625
121.806
121.85315
121.859175
121.8873
121.9153
121.9673
121.99695
122.066225
122.087575
122.125775
122.18005
122.316525
122.366025
122.3849
122.40445
122.408375
122.412125
122.438825
122.45615
122.4631
122.47335
122.480525
122.4892
122.49155
122.508675
122.51835
122.522025
122.537
122.54045
122.570075
122.612025
122.613475
122.62
122.7089
122.758325
122.836175
122.8483
122.9038
122.946325
122.971375
122.98035
123.017725
123.080025
123.110025
123.13415
123.156875
123.1787
123.2204
123.3034
123.430075
123.432075
123.446025
123.46795
123.5088
123.542325
123.564625
123.6056
123.6239
123.6372
123.66735
123.6872
123.7067
123.743475
123.785675
123.820375
123.9781
124.017775
124.056975
124.12625
124.16915
124.2008
124.21745
124.24535
124.34485
124.347
124.396175
124.413025
124.4595
124.5608
124.65455
124.72035
124.724875
124.744525
124.774475
124.779875
124.808125
124.88455
125.067175
125.206775
125.218225
125.2413
125.29035
125.294
125.321625
125.32625
125.340525
125.344425
125.3822
125.429375
125.471
125.49955
125.515425
125.535575
125.5825
125.64135
125.696075
125.764125
125.7804
125.8576
125.903675
125.927525
125.965525
126.05275
126.137075
126.2638
126.31165
126.326975
126.33295
126.4131
126.4215
126.42675
126.491175
126.503325
126.538125
126.605025
126.64215
126.683225
126.7262
126.79205
126.906675
126.96645
127.01205
127.127525
127.14085
127.153975
127.22795
127.24645
127.2575
127.287475
127.3108
127.335925
127.393875
127.456175
127.51335
127.538125
127.579175
127.616225
127.673225
127.710425
127.760875
127.891075
128.0679
128.2408
128.2721
128.293125
128.303075
128.371625
128.4111
128.4314
128.456125
128.5835
128.672825
128.705625
128.742725
128.8036
128.8502
129.038225
129.07095
129.09275
129.194425
129.444275
129.4703
129.543275
129.5455
129.58325
129.6456
129.686725
129.79245
129.869675
129.878175
129.980275
130.03095
130.09835
130.14875
130.199625
130.328225
130.37025
130.416375
130.466825
130.582125
130.632075
130.671725
130.700175
130.72805
130.737225
130.7716
130.8426
130.882125
130.9741
131.0163
131.255175
131.39075
131.4854
131.529325
131.5806
131.64525
131.685675
131.690775
131.736825
131.764825
131.781625
131.8299
131.899625
131.9451
131.990675
132.04235
132.083925
132.221075
132.355575
132.56905
132.591075
132.5967
132.6242
132.647225
132.65675
132.67305
132.689825
132.726875
132.819625
132.896
132.9284
132.961625
132.98805
133.0757
133.09345
133.173825
133.204275
133.27355
133.3536
133.46855
133.5038
133.506675
133.555275
133.578475
133.60955
133.643525
133.686425
133.933475
134.02855
134.1481
134.218225
134.269625
134.30485
134.3395
134.36
134.3972
134.41495
134.424625
134.43415
134.442325
134.486275
134.677525
134.768925
134.8615
134.898275
135.04005
135.103775
135.14395
135.30025
135.360525
135.503325
135.50785
135.549
135.593975
135.676225
135.753575
135.811825
135.82745
135.893975
135.93265
136.02745
136.09165
136.1442
136.30555
136.527525
136.54865
136.612925
136.651325
136.678025
136.73115
136.7976
136.875375
136.9039
137.041075
137.1178
137.1672
137.2527
137.2975
137.3358
137.34955
137.377975
137.4177
137.473625
137.516575
137.575275
137.5868
137.71845
137.7605
137.8523
137.95255
138.055375
138.126225
138.1666
138.228525
138.2381
138.263975
138.269125
138.290025
138.295975
138.317475
138.34275
138.354675
138.39505
138.419625
138.430425
138.51565
138.5629
138.567675
138.61205
138.653275
138.70515
138.783825
138.818425
138.856675
138.8808
138.94645
139.000425
139.0885
139.168575
139.314975
139.467425
139.507975
139.562
139.56535
139.570275
139.572775
139.601075
139.6325
139.66585
139.7089
139.729475
139.7429
139.76155
139.76395
139.77565
139.822925
139.830175
139.8772
139.91745
139.92585
139.98235
140.051625
140.141325
140.2387
140.340475
140.385925
140.4561
140.530025
140.55495
140.59965
140.741575
140.948075
140.994275
141.08645
141.17655
141.237925
141.3028
141.369825
141.419375
141.450025
141.479
141.535725
141.5642
141.6281
141.702375
141.80635
141.841175
141.89205
141.94395
142.08905
142.1461
142.287475
142.36255
142.411825
142.4478
142.509725
142.5141
142.544825
142.554075
142.567325
142.59565
142.60395
142.627225
142.6628
142.671425
142.69425
142.756725
142.8815
143.012375
143.325875
143.35075
143.38465
143.48065
143.519275
143.57395
143.61615
143.669675
143.674525
143.7037
143.717825
143.7429
143.771325
143.816925
143.9036
143.990375
144.0597
144.0928
144.12325
144.187975
144.3132
144.358675
144.412375
144.422975
144.534025
144.547225
144.583075
144.616875
144.80005
145.059175
145.168575
145.27165
145.381225
145.5234
145.568175
145.688625
145.947525
146.0509
146.1795
146.23785
146.450675
146.500325
146.79495
146.8985
146.961175
147.024125
147.0641
147.113325
147.142425
147.19615
147.2643
147.3493
147.4038
147.423275
147.4293
147.457425
147.534675
147.909025
147.95655
148.0381
148.165575
148.212475
148.22695
148.254525
148.27635
148.29905
148.3324
148.3815
148.3976
148.43385
148.441925
148.475325
148.493825
148.572025
148.6315
148.6603
148.71315
148.92525
148.9808
149.290175
149.378375
149.4204
149.483525
149.55945
149.664425
149.756375
149.815175
149.8666
149.926175
149.97
150.02195
150.2775
150.323775
150.55535
150.663875
150.67575
150.682625
150.6954
151.02655
151.2197
151.5071
151.58735
151.746625
151.790175
151.84625
151.8633
151.9296
152.010925
152.017575
152.08425
152.1128
152.182075
152.459025
152.811725
152.92265
152.98875
153.050725
153.1077
153.11655
153.163325
153.203475
153.242775
153.27325
153.321375
153.388425
153.460525
153.5751
153.894325
154.022775
154.120275
154.163475
154.18325
154.220475
154.307025
154.361225
154.41645
154.460425
154.533275
154.589575
154.61745
154.636175
154.6414
154.648125
154.744325
154.84765
154.9017
154.929925
155.077775
155.09075
155.115625
155.1973
155.202025
155.208325
155.25895
155.38155
155.416525
155.4477
155.46325
155.492
155.505675
155.55505
155.657475
155.7245
155.750425
155.7575
155.765125
155.77845
155.81895
155.836675
155.8537
155.889925
155.898975
155.9221
155.938775
155.97925
156.010925
156.088825
156.119075
156.154275
156.209975
156.3162
156.403025
156.5157
156.5464
156.68895
156.762975
156.8436
156.916125
156.97405
157.084725
157.245225
157.305225
157.329675
157.3402
157.4266
157.475225
157.541525
157.578975
157.635275
157.72895
157.8075
157.8557
158.0181
158.049125
158.08485
158.20425
158.2791
158.305475
158.355025
158.40105
158.483775
158.507625
158.52875
158.538775
158.5748
158.5875
158.593975
158.613225
158.6334
158.66695
158.708425
158.7291
158.797325
158.8547
158.92295
158.984675
159.026075
159.132525
159.233425
159.3551
159.362075
159.3653
159.485775
159.52065
159.551075
159.581875
159.66475
159.822175
159.831475
160.08845
160.305425
160.3381
160.36735
160.4293
160.52145
160.55195
160.618225
160.80285
160.8635
161.10095
161.172025
161.2292
161.2898
161.3088
161.48635
161.767975
161.925775
162.237425
162.260775
162.279025
162.346075
162.39925
162.55295
162.81425
162.966625
163.024725
163.0584
163.0917
163.217325
163.24935
163.6093
163.679925
163.953025
164.154
164.182725
164.2195
164.32785
164.3766
164.425675
164.5006
164.597825
164.874175
164.8923
164.90585
164.92805
164.9618
164.9722
165.011725
165.065925
165.1138
165.135125
165.1729
165.197275
165.2494
165.376325
165.537925
165.6016
165.642825
165.68945
165.818125
165.87355
165.90355
165.976825
166.070775
166.0951
166.3098
166.399775
166.448725
166.49525
166.630625
166.716975
166.797625
166.835125
166.85385
166.884575
167.11615
167.125375
167.1385
167.200475
167.2509
167.287125
167.387425
167.4446
167.613675
167.706775
167.764425
167.783225
167.790325
167.798525
167.829225
167.91755
167.988325
168.043875
168.09
168.193875
168.223225
168.25625
168.327325
168.397375
168.43625
168.489475
168.533025
168.6134
168.760925
168.8664
168.9094
168.9199
169.0403
169.081925
169.13245
169.171525
169.18715
169.206675
169.215075
169.24195
169.45055
169.4979
169.538175
169.5659
169.619675
169.633
169.66615
169.67895
169.7597
169.782875
169.8546
169.878425
169.96675
170.030725
170.04525
170.076225
170.16315
170.2317
170.290825
170.4386
170.49865
170.6024
170.6875
170.764225
170.781825
170.8196
170.830475
170.8438
170.87725
170.960125
170.9917
171.009425
171.3437
171.460525
171.5362
171.566875
171.62025
171.688975
171.7078
171.804775
171.8945
171.9374
171.961075
171.97425
172.0024
172.043175
172.067075
172.10285
172.18985
172.291425
172.529575
172.585675
172.658675
172.699475
172.7621
172.78465
172.847325
172.871175
172.89405
172.9358
173.27295
173.441375
173.594875
173.650625
173.69965
173.763625
173.77855
173.8986
173.91605
173.977
174.08395
174.12955
174.1548
174.222375
174.269825
174.3193
174.427525
174.460525
174.52945
174.597675
174.636275
174.656725
174.716775
174.808725
174.9315
174.99645
175.026275
175.1165
175.151
175.230125
175.273675
175.291775
175.32085
175.4792
175.603825
175.7012
175.766375
175.98345
176.094875
176.391175
176.40105
176.5152
176.73875
176.743525
176.74535
176.7817
176.955675
176.99595
177.046325
177.07775
177.121925
177.148475
177.2244
177.262825
177.307125
177.308425
177.34245
177.420725
177.47055
177.572525
177.647425
177.698725
177.742575
177.96595
178.032375
178.04205
178.0561
178.265225
178.323325
178.3955
178.42905
178.440275
178.51255
178.604675
178.6316
178.67985
178.754775
178.7952
178.8926
179.050325
179.06985
179.14825
179.188925
179.38385
179.565475
179.64295
179.65855
179.682625
179.747975
179.831675
179.852125
179.8709
179.93775
179.9972
180.063425
180.1703
180.23575
180.337475
180.54345
180.588175
180.613275
180.616975
180.625275
180.666625
180.7009
180.71705
180.742325
180.776425
180.822975
180.830325
180.866425
180.8901
180.919225
180.990025
181.077625
181.1103
181.1531
181.2898
181.39695
181.5186
181.579975
181.58515
181.588
181.64135
181.683475
181.685675
181.7113
181.9924
182.0385
182.07015
182.079375
182.100425
182.1217
182.174725
182.2096
182.30385
182.367575
182.459875
182.70485
182.77475
182.822975
182.96555
183.0049
183.076775
183.09525
183.17545
183.194775
183.221125
183.2695
183.311875
183.361925
183.400375
183.407575
183.489725
183.49775
183.5527
183.598125
183.6549
183.756525
183.9517
184.0658
184.1524
184.201775
184.277225
184.3569
184.42435
184.5184
184.582575
184.6423
184.7739
184.82205
184.880975
184.994775
185.017025
185.059775
185.072825
185.12565
185.16735
185.228325
185.257325
185.335225
185.3798
185.406425
185.452975
185.505475
185.55475
185.6072
185.6683
185.700725
185.7201
185.72955
185.7333
185.744175
185.7509
185.756675
185.788525
185.824075
185.855325
185.8806
185.9525
185.9862
185.99405
186.028825
186.043125
186.063175
186.099775
186.141725
186.163
186.240975
186.27325
186.291875
186.326125
186.3682
186.475
186.508175
186.5147
186.550425
186.55585
186.586875
186.62195
186.8429
186.857375
186.907625
186.953
186.961925
186.98075
186.981975
187.00335
187.026325
187.04405
187.0701
187.082275
187.116375
187.124525
187.141325
187.191525
187.228075
187.26265
187.29265
187.34425
187.40385
187.453625
187.4619
187.544475
187.6227
187.67
187.69615
187.714975
187.725525
187.7601
187.816925
187.85715
187.9145
187.944125
187.9697
188.01315
188.03465
188.044625
188.057375
188.0586
188.1021
188.13015
188.1496
188.1743
188.221
188.27075
188.300075
188.323525
188.336425
188.37745
188.42275
188.442525
188.4955
188.52505
188.574025
188.631025
188.72075
188.759775
188.7987
188.80035
188.835375
188.86455
188.885875
188.913625
188.956025
188.97605
188.9939
189.009075
189.063325
189.08105
189.0848
189.113275
189.132675
189.152825
189.185225
189.193225
189.248375
189.276525
189.282225
189.322625
189.357325
189.392025
189.414225
189.447325
189.514275
189.611875
189.705575
189.7892
189.8163
189.84605
189.904425
189.94195
189.987625
190.0461
190.078275
190.2121
190.236875
190.274075
190.31835
190.354075
190.40225
190.429125
190.45735
190.553325
190.648875
190.6856
190.696075
190.726675
190.77535
190.7835
190.89265
190.9046
191.0742
191.115075
191.2141
191.30735
191.351025
191.4432
191.5452
191.5851
191.63495
191.656625
191.66085
191.687075
191.719775
191.753775
191.8503
191.924925
192.000025
192.034975
192.086325
192.198925
192.2202
192.320225
192.363225
192.41445
192.457425
192.636175
192.7065
192.817925
192.872525
192.93995
192.976925
193.0366
193.070775
193.076375
193.095725
193.120225
193.15015
193.164375
193.19905
193.250225
193.289025
193.3263
193.334775
193.371025
193.47005
193.542825
193.641875
193.652075
193.9699
194.034975
194.23335
194.264525
194.422
194.4754
194.498425
194.51865
194.56365
194.59175
194.65825
194.698175
194.750075
194.787325
194.84765
194.886025
194.924575
195.044575
195.15145
195.250875
195.550175
195.5823
195.58475
195.59435
195.63075
195.6324
195.65815
195.7
195.7222
195.739475
195.75315
195.777275
195.800125
195.82455
195.9252
196.032825
196.146475
196.283675
196.43815
196.52605
196.557175
196.566525
196.597525
196.60445
196.666625
196.69115
196.72165
196.73425
196.77875
196.797225
196.8297
196.92395
197.094425
197.181175
197.3363
197.413
197.510275
197.51495
197.54895
197.55305
197.60255
197.6621
197.780025
197.917675
198.1215
198.152825
198.4304
198.54935
198.582125
198.612675
198.62125
198.64235
198.65005
198.657775
198.66615
198.688475
198.701825
198.72625
198.7615
198.866325
198.90475
199.259825
199.549325
199.6187
199.65915
199.75115
199.845175
199.919475
199.956175
200.16875
200.27265
200.2743
200.304875
200.440225
200.558625
200.665075
200.737875
200.836925
200.8648
201.206
201.24615
201.2663
201.269425
201.2842
201.342125
201.434025
201.526175
201.755725
201.853525
201.947
201.979925
202.00265
202.047475
202.05485
202.0587
202.0882
202.11675
202.14095
202.30925
202.361425
202.705475
202.79975
202.964525
203.014575
203.50755
203.608675
203.8158
203.900775
203.98445
204.0333
204.06815
204.0889
204.10115
204.135475
204.136225
204.15085
204.1713
204.2068
204.22955
204.2463
204.25105
204.299175
204.456425
204.54005
204.675925
204.7236
204.816075
204.98255
205.084875
205.105325
205.148475
205.1666
205.196775
205.21775
205.31565
205.333
205.3975
205.427075
205.6466
205.70915
205.72935
205.73515
205.755225
205.7957
205.878675
205.9747
206.1433
206.21555
206.287525
206.423975
206.429025
206.487575
206.547125
206.6579
206.679825
206.6988
206.75255
207.104425
207.2022
207.28655
207.303225
207.3088
207.31755
207.324475
207.329125
207.34885
207.381875
207.550625
207.5697
207.591525
207.62955
207.652025
207.6717
207.807625
207.9485
208.0478
208.072575
208.094525
208.1477
208.245425
208.30285
208.313125
208.326075
208.36525
208.3825
208.388875
208.434
208.4383
208.47965
208.488375
208.52715
208.565275
208.57945
208.70225
208.78015
208.9053
208.94365
208.9496
209.0169
209.06665
209.111275
209.2917
209.36415
209.3955
209.422675
209.4571
209.517275
209.539
209.593825
209.634375
209.696
209.702525
209.956925
209.9985
210.025725
210.10055
210.13415
210.143525
210.185825
210.20395
210.223625
210.2298
210.234175
210.325825
210.339925
210.343175
210.3578
210.391975
210.419425
210.498725
210.56785
210.693925
210.857675
210.964625
211.01955
211.062925
211.0907
211.0997
211.1344
211.158625
211.229525
211.2713
211.278725
211.296825
211.3091
211.32045
211.34815
211.355475
211.400125
211.421075
211.45455
211.493825
211.52475
211.5567
211.631825
211.64395
211.735625
211.897525
211.9431
211.9899
212.047275
212.06935
212.157025
212.176225
212.209625
212.297275
212.3203
212.33935
212.346875
212.3922
212.470125
212.525075
212.867375
212.8853
212.932
212.960775
212.970425
212.9843
213.004075
213.043925
213.0891
213.11465
213.128825
213.142575
213.2511
213.4039
213.53315
213.552475
213.573
213.58595
213.60485
213.66545
213.754575
213.78695
213.837775
213.8513
213.86625
213.889225
213.9419
213.998975
214.090425
214.1832
214.2612
214.3239
214.471825
214.5892
214.726875
214.7872
214.92815
214.9942
215.162175
215.247975
215.35285
215.432425
215.562775
215.7285
215.755425
215.830925
215.905125
215.963325
215.985075
216.02135
216.037275
216.077425
216.134725
216.2183
216.4313
216.521825
216.5569
216.565125
216.6003
216.61875
216.631625
216.649825
216.694275
216.702625
216.706325
216.76045
216.770475
216.836975
216.857125
216.883975
216.911375
216.9447
216.9824
217.024875
217.149475
217.313875
217.500075
217.58495
217.67425
217.726725
217.745775
217.761475
217.7729
217.847525
217.8976
217.94785
218.002175
218.04075
218.051175
218.155125
218.25855
218.405425
218.47595
218.529575
218.587825
218.6354
218.67485
218.75875
218.787
218.817375
218.821925
218.82535
218.9351
218.9734
219.02075
219.229625
219.341275
219.47605
219.52595
219.6104
219.631075
219.711
219.783
219.80025
219.89985
219.950875
220.237175
220.3899
220.62105
220.717025
220.72005
220.762425
220.784875
220.8431
220.852475
220.912925
220.997775
221.123575
221.1767
221.182475
221.520225
221.594925
221.6656
221.671375
221.70675
221.73785
221.783075
221.815675
221.84825
221.863325
222.3253
222.645275
222.74855
222.9075
222.942325
222.961025
222.990175
223.02265
223.089125
223.156075
223.398475
223.482675
223.5619
223.6879
223.8703
223.925825
223.943975
223.969325
224.038575
224.099125
224.337725
224.383675
224.5736
224.93915
225.042075
225.05785
225.063125
225.1164
225.1296
225.216925
225.273275
225.2924
225.63345
225.730075
225.850475
225.88095
225.983875
226.042125
226.063425
226.158325
226.18025
226.2629
226.322325
226.36415
226.407725
226.492325
226.5022
226.522125
226.5396
226.554075
226.607025
226.675175
226.759975
226.8264
226.8931
226.939075
227.01475
227.058875
227.10215
227.1302
227.169725
227.181075
227.220225
227.25705
227.41455
227.4813
227.614525
227.715575
227.868875
227.96635
228.049
228.09515
228.209025
228.2515
228.2713
228.284175
228.291375
228.30155
228.329825
228.36575
228.385725
228.421525
228.4305
228.4408
228.493
228.532725
228.5879
228.6239
228.68075
228.736375
228.77535
228.8385
228.95095
228.9843
229.0915
229.270375
229.3152
229.370625
229.465675
229.551225
229.60815
229.677025
229.715975
229.8416
229.96195
230.012675
230.1481
230.2038
230.2089
230.2147
230.3333
230.370025
230.504925
230.5821
230.59015
230.62175
230.639525
230.6658
230.721525
230.757225
230.78765
230.806175
230.830725
230.867925
230.88105
230.958425
230.9981
231.0502
231.21605
231.296525
231.3388
231.42495
231.426425
231.49905
231.51005
231.556325
231.664925
231.731775
231.771025
231.84825
231.9851
232.0731
232.132825
232.1769
232.279075
232.32565
232.347325
232.39245
232.423075
232.444075
232.460025
232.507325
232.54265
232.543925
232.575725
232.5805
232.644675
232.6883
232.749875
232.822375
232.86145
232.96765
233.055075
233.207
233.270775
233.390725
233.43915
233.511
233.552325
233.5733
233.682175
233.698375
233.725375
233.790025
233.800575
233.9158
233.948825
233.978975
234.15405
234.251475
234.33
234.3855
234.461325
234.499175
234.55215
234.776525
234.820625
234.869975
234.905225
235.024625
235.033075
235.241625
235.319875
235.423325
235.4392
235.485075
235.563875
235.6503
235.67245
235.706375
235.7259
235.8556
235.9761
236.037175
236.125075
236.291475
236.325225
236.3682
236.4268
236.44535
236.463675
236.49575
236.512625
236.519625
236.548775
236.579425
236.615875
236.623175
236.661875
236.728325
236.809125
237.09215
237.13315
237.144575
237.1491
237.153375
237.167575
237.2207
237.275175
237.327675
237.353975
237.405525
237.4187
237.4419
237.44605
237.5155
237.5629
237.6204
237.76235
237.846775
237.92545
237.97035
238.009475
238.027675
238.060625
238.06685
238.1074
238.1435
238.183975
238.23025
238.2654
238.279525
238.356675
238.45935
238.5075
238.5393
238.556475
238.5799
238.653625
238.663875
238.79035
238.84775
238.893275
238.93125
238.964725
239.047275
239.079
239.088325
239.0949
239.106425
239.129575
239.148875
239.181125
239.1935
239.1993
239.262975
239.323975
239.342525
239.503625
239.5983
239.684525
239.73585
239.843025
239.8709
239.877025
239.88045
239.8822
239.8916
239.960975
239.9775
239.9947
240.0815
240.118275
240.147275
240.163425
240.177775
240.1879
240.202325
240.22945
240.321525
240.4955
240.541625
240.59975
240.61055
240.662425
240.80185
240.84625
240.8972
240.9026
241.01155
241.02765
241.051975
241.0762
241.079175
241.1203
241.15345
241.172175
241.207275
241.28585
241.32475
241.344625
241.43995
241.474925
241.509175
241.5461
241.66355
241.7223
241.7484
241.776625
241.853825
241.926875
241.96995
241.978975
241.997725
242.02375
242.04065
242.058425
242.103225
242.126225
242.1378
242.1835
242.2346
242.28825
242.324675
242.36985
242.508
