2.393025
2.4201
2.4414
3.15635
3.1633
3.173875
3.19975
8.243775
8.597775
9.21905
9.97465
10.0557
10.093675
10.128275
10.170425
10.173725
12.892
19.479875
22.69725
25.5464
25.577225
30.1299
30.877425
30.925375
31.422525
31.45025
31.493975
33.59215
33.6059
33.645425
33.656175
33.670975
35.32235
35.34185
35.343075
35.421375
35.9013
35.9162
35.946225
35.96265
39.459625
43.4708
43.49355
44.995725
47.70525
47.73425
47.7622
51.471975
51.490575
51.530875
51.594175
52.84215
53.92735
54.3535
54.3711
54.43385
54.4392
54.4449
54.454675
55.266625
55.73875
56.821875
56.83385
56.847175
56.98115
56.9849
57.142225
58.71515
58.81415
58.8533
59.605
63.8131
65.17475
65.184975
66.208175
67.6806
67.6924
70.678525
70.7166
70.7341
70.740425
70.77345
75.297925
75.337225
75.34
75.5195
76.4891
76.49165
76.5079
76.602725
76.7605
76.773575
76.78305
76.78765
76.794575
76.818575
76.839125
78.46305
78.474425
78.482125
78.493025
78.50485
78.536525
78.607725
79.077825
80.37445
80.3914
80.398575
80.408875
80.4155
80.4354
80.4385
80.467375
80.50205
82.54735
82.56725
82.594175
87.943075
90.41545
92.2957
92.311425
95.33895
100.61445
100.636475
100.6432
101.438975
102.217475
103.4147
103.950925
105.87375
108.967725
111.163225
111.167825
111.344175
111.365025
111.369925
111.374525
111.3809
111.404525
111.421825
114.868225
114.9806
116.771175
116.78045
120.895425
120.903025
120.90765
120.9235
120.929725
122.50745
124.3916
126.618325
133.47375
133.511025
136.923925
139.58095
139.59335
139.88445
139.899775
143.4668
143.483025
144.22015
144.22175
144.2238
147.16735
147.8347
148.1453
148.1578
148.17995
148.20685
148.20925
148.2163
148.303325
149.3894
149.5017
155.674225
155.709825
157.921425
159.490075
161.656975
162.222375
162.241475
162.251625
162.797675
162.80985
162.816175
162.8357
162.856625
162.859875
162.86335
163.6877
164.401375
164.815575
166.7558
166.759625
166.781575
168.8406
168.848175
168.853025
170.983375
172.65475
172.66475
172.667325
172.68375
177.337825
177.6222
177.630125
180.565475
180.5665
180.5913
181.502
181.507225
181.512175
181.5193
181.5446
181.55635
181.56335
181.566625
181.572825
181.576025
183.332275
183.883475
183.925125
184.9207
184.932175
184.9366
185.731675
185.74005
186.15625
189.20585
189.208575
189.2291
189.2472
189.25405
189.26055
190.706375
190.757125
191.50515
191.51545
191.56995
191.585525
192.256775
192.26225
192.2778
192.297575
192.3159
192.3343
192.410825
196.75235
196.776625
197.3683
201.17095
201.180575
201.18815
201.193775
201.2124
201.22295
201.230125
201.233525
201.2635
204.00985
204.408875
204.450425
204.4542
204.495375
206.600325
208.18715
213.008
213.029075
213.7155
216.029725
217.745525
217.748275
217.761125
217.780175
217.7851
217.805975
219.6996
219.703475
219.710075
219.72065
219.73185
219.742375
219.745375
219.756225
219.7799
224.966725
225.6165
227.04755
227.09345
227.100525
230.281825
230.603625
230.620425
230.6304
230.652925
230.6664
231.164525
231.18855
231.7788
231.82045
232.5913
234.901075
235.5926
235.65055
237.049925
237.065725
237.06985
237.1141
237.843575
237.872825
237.87795
237.881075
237.884125
238.6022
