0.0737
1.57065
1.716925
1.870825
2.97265
4.313275
4.50215
4.50725
4.54655
4.60715
4.656325
4.682975
4.734125
4.798775
6.470925
6.473775
6.849025
6.851275
8.626775
9.080125
9.08215
9.08645
9.126175
9.129
9.2032
10.4049
10.856875
11.624325
11.626175
11.6286
12.623525
12.625625
13.14615
13.148225
15.077075
15.07975
15.103525
16.194725
17.123875
17.1273
17.89365
17.8959
17.89785
17.9002
17.90275
17.9052
17.925525
17.927925
17.9307
17.952725
17.955875
17.975175
17.979175
18.17215
18.426825
18.464125
18.515275
18.595825
21.21655
21.218825
21.31225
21.387925
21.3913
21.69305
22.865975
22.86925
22.891125
22.89375
22.905
22.907725
22.91805
22.927875
22.940025
22.943725
22.9836
23.837575
23.9305
25.366175
25.368175
25.3713
26.1286
26.65015
27.7269
27.768475
27.77055
27.929775
27.96865
28.516325
28.5183
28.520675
29.08615
29.088
29.090325
29.467825
30.2464
30.887075
30.8894
30.89195
30.900025
30.9025
30.923425
30.950025
31.011
31.0658
33.53585
33.53855
34.548075
34.55035
34.55285
34.576275
34.5933
34.595675
34.6046
34.6076
34.6108
34.616125
34.639525
35.791
35.9058
35.918575
35.920725
35.9228
35.963625
35.965775
35.99475
36.004025
36.016275
36.03875
37.31055
37.3126
38.055675
38.0576
38.0599
39.367675
39.37225
39.41915
40.849875
40.855475
40.8695
40.888825
40.9064
42.328675
42.717
42.719
42.7214
43.08565
43.08835
43.8053
43.80785
44.17215
45.170325
46.827125
47.454025
47.551675
47.584075
47.647375
47.686525
48.816775
48.8186
48.820625
49.6784
49.68325
49.72265
49.81095
49.81405
49.85645
49.92815
50.31025
50.3123
50.315325
50.513125
50.51745
50.537
50.540175
50.547425
50.557675
50.56025
50.562675
50.581425
50.58465
50.619975
51.335575
51.338375
51.34055
51.367
51.369125
51.371325
51.38945
51.413125
51.416975
51.43345
51.473475
51.49215
51.500725
51.592475
51.595375
51.604275
51.788875
51.855475
51.8584
52.34865
52.350725
52.591
52.593125
52.5959
52.69385
52.6959
52.69855
52.8936
52.8961
52.95705
52.9604
53.00095
53.2797
53.2825
53.3061
53.802625
53.804675
53.807025
54.736375
54.7386
54.91845
54.920475
55.1926
55.195525
55.217525
55.220175
55.2806
55.28845
55.4935
56.2642
56.266425
56.299225
57.080325
57.0824
57.084675
57.090025
57.27005
57.2724
58.33905
58.3427
58.35955
58.36185
58.3651
58.3952
58.4171
58.4589
58.7508
58.75405
58.774575
58.783925
58.7862
58.807825
58.81065
59.45655
59.45885
59.528475
59.574775
61.80265
61.80445
61.806225
61.80805
61.823775
61.826775
61.8289
61.833725
61.855025
61.934325
61.975275
61.97765
62.015525
62.11605
62.12915
62.13355
62.1562
62.185175
62.195825
62.198675
62.238925
62.284975
62.313025
62.317875
62.376225
62.450725
62.4532
62.503875
62.547825
62.575075
62.595875
62.65475
62.69495
62.723275
62.726425
62.78415
62.800875
62.83315
62.9162
63.02135
63.0277
63.076075
63.181275
63.441125
63.50185
63.54055
63.77
63.776125
64.377575
65.098725
65.1111
66.337975
67.864325
68.8079
69.34385
69.346275
69.99265
69.9949
70.32995
70.33235
70.464975
70.4675
70.4709
70.5136
70.57255
70.75165
70.75365
70.756875
70.7579
70.817
70.8765
71.399025
71.4051
71.91315
72.03125
72.17535
72.862125
72.8664
75.292925
75.29555
75.321375
76.6928
78.8917
79.2118
79.21385
79.2163
79.53085
80.399775
80.4017
80.40355
80.435
80.43735
80.452925
80.456475
80.467075
80.469225
80.471275
80.4764
80.4984
80.75415
80.7971
80.834825
80.869375
80.91905
80.994325
81.0903
81.95175
82.018775
82.021
82.025225
82.1937
82.269475
82.271775
82.27445
82.309925
82.4364
83.233825
85.30225
85.3906
88.8964
89.457575
90.18385
90.18595
91.75095
91.816775
91.819175
91.861825
91.865675
93.183525
93.185525
93.1875
93.18955
93.206675
93.2093
93.305975
93.339925
93.398675
95.689425
95.75475
95.75865
95.8701
95.873375
99.3258
101.20705
101.5664
101.568475
101.57125
101.62415
103.3524
103.6976
103.699675
103.7027
103.731825
103.73955
103.77285
104.0278
104.072275
106.40965
106.41155
106.4142
107.24305
107.244975
107.247125
107.425225
107.452975
108.1024
108.1052
108.70335
108.70535
110.356175
110.358125
110.427125
110.9287
110.93535
111.208525
111.213525
111.23995
111.242575
111.273525
111.429675
111.497775
111.6007
111.6328
111.662475
111.739375
112.304825
113.5646
114.342425
114.34455
114.348025
114.484225
114.486725
114.545325
114.5473
114.550325
114.589575
114.59235
114.99075
115.0621
115.0654
116.5761
116.844575
116.8693
116.871325
116.8769
116.879425
116.882525
116.889475
116.911525
116.915275
116.941275
116.98555
118.997625
119.74305
119.77
120.4294
120.43165
121.765775
122.3565
122.5579
122.55995
122.563325
122.5879
122.60805
122.626825
122.64095
122.6782
122.730325
122.7644
122.768075
122.79375
122.8344
123.644425
124.65595
125.0437
125.9447
126.2975
126.342325
128.1677
128.470875
128.4727
128.474625
129.381575
129.3884
129.4124
129.414675
129.4283
129.4307
129.453575
129.48525
129.495125
129.511375
129.515025
130.01585
130.017725
130.01985
131.4238
131.426025
131.842175
131.84415
131.846975
132.24475
132.3485
132.433025
133.076975
133.08045
133.968025
133.970475
134.000325
134.003275
134.04475
136.2225
136.43115
136.4338
136.467475
136.470125
136.51
136.843775
137.721
137.723525
137.784425
137.828075
137.8319
137.8776
138.070725
138.875175
138.877425
141.147075
141.14895
141.150925
141.718875
142.908
142.90985
142.911925
143.459825
143.4621
143.464675
143.629475
143.699575
143.7067
143.756325
143.890925
144.1147
144.116825
144.1198
144.196575
144.199075
144.20155
144.23415
144.23645
144.26
144.363325
144.4802
145.53455
146.20355
146.258125
146.72975
146.731925
147.1037
147.385625
148.219975
148.222075
148.251725
148.25485
148.298625
148.4533
149.9617
149.9637
149.966425
150.91425
150.9864
150.98855
151.0138
152.033475
152.036
152.06805
152.117225
152.16235
152.1657
152.737125
152.7393
154.208125
154.211
154.290125
154.33295
154.385375
154.459775
154.54255
155.072925
155.07505
155.107525
155.110125
155.5235
156.685975
156.688375
156.742925
157.25095
157.2547
157.376575
158.1751
158.6803
158.744725
158.798625
159.4139
159.4253
159.4977
160.234575
160.237475
160.73965
160.804575
160.880775
160.912725
160.9342
160.938
160.98555
161.028025
161.0307
161.711075
163.6994
164.8342
164.83725
164.874575
165.784775
166.087475
166.091525
166.4401
166.442
166.445625
166.682125
166.684975
167.528
167.52995
168.5119
170.077725
170.1154
170.16305
173.202675
173.78885
174.415775
175.275525
175.27815
175.4431
177.001475
177.003575
177.00685
177.116275
177.122125
177.335525
177.655225
177.658
177.66675
177.670325
177.749625
177.80255
177.8398
178.1505
178.39565
178.397625
178.40005
178.531875
178.597675
179.081825
180.6965
181.538
181.566675
181.98385
181.9866
183.172575
183.175025
183.370975
183.3737
184.523575
184.52585
184.94
185.179375
186.1534
187.13275
187.2643
187.4346
187.4552
187.4964
187.645
187.952725
187.956425
188.446775
189.386075
190.0384
190.040475
190.043025
190.0894
190.13785
190.163575
190.1661
190.552825
190.555925
191.547275
191.5493
191.6009
191.7968
193.716525
193.81175
193.8136
193.815725
193.882125
193.9125
193.915475
194.13305
194.448
194.4501
194.45285
194.50095
194.548225
194.627125
194.659225
194.7029
194.742225
195.37695
195.38035
196.741625
196.743975
196.76735
197.36665
197.401875
197.4048
197.686375
197.688925
197.983625
198.027875
198.0319
198.4805
199.059575
200.108775
200.111075
200.12665
200.129475
200.1423
200.144625
200.1654
200.1677
200.170125
200.17275
200.19495
200.972075
200.974025
200.976325
201.00445
201.05185
201.055075
201.1893
201.19145
201.194275
201.27125
201.4635
201.482075
201.488325
202.513475
202.516375
202.54315
204.350575
204.41455
204.4429
206.646825
206.649125
206.747125
206.7848
207.0688
207.072425
207.1278
208.3646
208.515875
208.517775
208.5199
209.765875
209.7679
209.77045
212.016575
212.020575
212.054825
212.08395
212.0867
212.105275
212.146725
212.175175
213.773
213.932325
214.91715
215.338275
215.34025
215.34215
215.3755
215.622625
215.690225
216.497175
216.733525
216.737175
216.833775
216.8981
216.945875
217.6618
217.666025
217.908575
217.910875
218.058325
218.0604
218.0629
219.420825
219.503
219.507175
219.74105
219.817075
220.467575
221.120425
221.527425
222.8061
222.80835
223.4988
223.686725
223.68945
223.711975
223.71495
223.729625
223.7412
223.74405
223.7515
223.763225
223.7803
224.7464
224.749075
225.242975
225.24495
225.247975
225.26855
225.285725
225.2924
225.297975
225.3193
225.33965
225.372175
225.40165
225.4552
225.76405
226.0559
226.44805
226.784075
226.785975
227.037825
227.040075
227.0437
227.045825
227.054125
227.0949
227.171625
227.2384
227.244175
227.324775
227.9161
229.00285
229.102525
229.13515
230.655625
230.658675
231.1795
231.1817
232.412275
232.415625
233.05425
233.05615
233.0582
233.1872
233.2541
233.266525
233.269825
234.34215
235.270675
235.272775
235.4062
235.40855
235.4429
235.93015
236.55985
236.561775
236.56385
237.26655
237.268875
238.353875
238.356625
238.39595
238.47135
238.502275
238.505625
238.54075
238.81545
238.81745
238.9234
239.848825
239.88305
239.952475
239.95695
240.773225
240.7753
240.943675
241.147325
241.15025
241.181075
241.24455
241.781025
241.783375
242.29865
