4.7191
6.971225
7.578325
7.6256
8.068725
8.475775
8.484575
8.812625
8.992925
15.242025
15.361975
15.373275
15.448075
15.4809
15.9337
15.940375
19.74465
19.747975
20.92195
21.905575
25.6864
28.74145
30.740875
33.0244
34.8221
34.830075
35.95465
40.495175
42.856025
42.86215
44.481225
44.51895
44.6765
45.5267
46.425275
47.265175
48.5914
48.60225
49.37225
50.081675
51.757475
51.77215
52.63765
53.376825
53.402025
54.172725
55.58055
56.240225
56.273475
56.307625
57.764475
62.007525
62.982275
66.4068
67.218
70.61605
73.618575
75.088
76.889375
78.867
78.87565
79.81295
81.126975
84.96735
86.52305
86.579425
88.917425
91.81045
92.009425
93.8918
94.0868
96.6576
97.73295
97.735975
101.2905
103.66
103.66755
106.03455
106.06425
108.316475
108.32515
108.5247
109.155525
112.611475
112.618075
115.338
118.8859
122.238775
125.047525
126.63445
129.2243
130.16355
135.0464
141.590225
143.5487
145.290525
145.293925
146.21815
146.2282
148.967975
150.887725
153.5197
153.5307
157.984775
158.86555
161.8892
162.216525
162.257925
163.717525
164.019775
166.331175
166.341925
172.145575
176.123775
176.94815
177.784525
179.403925
179.42665
180.835925
180.937725
182.09295
184.254425
185.901025
185.90575
192.500975
193.868575
194.953775
196.1767
201.85255
203.740525
205.11615
206.938075
207.1888
207.2167
207.33085
207.341075
207.34825
207.625175
208.08695
208.11035
210.4733
210.640225
211.799375
214.319625
225.09865
225.418775
226.042775
226.3743
226.3878
231.165825
231.1933
231.201325
231.26585
233.723175
237.997975
239.370325
242.51975
242.7577
244.78925
246.6052
246.635725
248.44655
248.452125
250.40145
251.77455
251.78265
251.796375
253.2922
260.79175
261.246325
263.9283
268.4331
268.439
270.1404
271.8542
273.18595
274.7519
278.16975
284.174275
285.206275
287.057525
288.32
290.213325
290.2246
293.882075
297.209125
298.9756
298.99045
301.99995
302.0152
302.1654
303.032975
303.0819
303.947375
305.1547
305.90015
305.9944
306.5931
307.15445
308.605
308.624675
310.42095
313.153925
314.19485
319.789325
321.517325
321.561125
322.59395
323.88075
327.700075
327.9153
327.96205
329.65925
329.67505
334.557775
337.050325
337.216225
337.3539
337.524625
339.859325
340.47075
342.2314
342.462325
343.7103
343.9551
344.674775
345.621375
348.498325
349.55015
350.317625
350.528725
353.025775
