2.49515
4.784
5.099725
5.126
5.134925
6.102925
6.110175
6.3006
6.3431
6.7128
7.255375
7.620875
7.635425
7.6536
8.21115
9.318925
9.35585
9.369625
10.640975
10.784225
11.167475
11.17995
11.200475
11.24995
11.97285
12.212875
12.54555
12.582375
12.5926
12.7321
13.4958
14.37155
14.415275
14.77425
15.0172
15.02175
15.234825
15.25095
15.570675
15.57975
15.715425
15.72585
15.779775
15.809825
15.939575
16.356525
16.99225
17.216525
17.2837
17.7758
17.7921
17.805225
17.811375
17.8827
17.8861
17.91095
17.931025
17.958725
18.1328
18.169225
18.177825
18.6289
18.632625
19.043275
19.15425
19.754625
19.757875
19.7689
19.789825
20.903625
21.174625
21.2417
21.2743
21.702975
21.71395
21.8268
21.957175
21.9762
21.98075
22.01475
22.05975
22.718525
22.72725
22.7299
22.73255
22.880575
22.982325
22.98705
23.551675
24.00605
24.010625
24.060425
24.122525
24.135075
24.186925
24.19025
24.1966
24.214275
24.299575
24.8352
24.837875
24.844025
25.61065
25.6138
25.619325
25.624075
25.6305
25.8421
25.85985
25.875325
27.225075
27.43665
27.4589
27.462825
27.466675
27.47015
27.4777
27.5023
27.51855
27.740975
27.774025
28.5778
28.711825
28.721375
28.741725
28.777175
28.806075
28.8224
28.872075
28.9037
28.9081
28.9313
28.9658
28.9985
29.018825
29.15975
29.532825
30.3756
30.706775
30.712475
30.9493
31.516375
31.5244
31.643875
32.1406
32.145225
32.151925
32.160025
32.89135
32.896625
32.9252
33.0992
33.10855
33.116775
34.03045
34.110075
34.13485
34.8217
34.878625
34.88445
34.890975
34.9364
35.9472
36.1518
36.162325
36.23825
36.2476
36.265375
36.27035
37.0294
37.038625
37.0502
37.095975
37.10385
37.3735
37.827
37.8776
37.895325
37.918925
38.49545
38.499025
38.511625
38.5168
38.5249
38.530375
38.546625
38.590875
39.6135
39.93095
39.9473
40.00445
40.43135
40.4348
40.438675
40.4429
41.255525
41.983925
41.99785
42.00185
42.008175
42.02635
42.0486
42.0775
42.081875
42.08705
42.829375
44.465675
44.4685
44.4724
44.47805
44.594175
44.691875
44.706625
44.846675
44.8829
44.9238
44.997725
45.028375
45.402025
45.4115
45.45745
46.386825
47.2158
47.21945
47.230025
47.23375
47.478775
47.498875
47.5353
47.55305
47.59025
47.5973
47.607775
48.516275
48.519625
48.53305
48.61355
48.630875
48.64405
49.285075
49.344275
49.35965
50.037175
50.053875
50.070425
50.08715
50.110275
50.182075
50.58015
51.764125
51.771925
51.791175
52.54955
52.5702
52.586725
52.603175
52.62175
52.64865
53.37565
53.445725
53.449
54.161175
54.21555
55.489475
55.499075
55.5051
55.540675
56.252
56.26845
56.3308
57.704225
57.707525
58.102025
58.582625
58.60425
59.11915
59.12235
59.131975
59.458275
59.835275
59.84925
59.866
59.924825
59.9304
59.9678
60.022325
60.0667
60.13935
60.2389
60.254175
60.26075
60.27375
60.294475
60.366075
60.7327
60.794625
60.804
60.81565
60.839975
60.86435
60.86855
60.91415
60.933975
60.9401
60.949225
60.976875
61.3319
61.33445
61.3373
61.341225
61.998875
62.0445
62.0517
62.059925
62.06605
62.070325
62.1123
62.374625
62.380175
62.39415
62.886375
62.923725
62.9423
62.9611
63.5893
63.592225
63.595925
63.6009
63.6214
63.625375
63.6557
63.66455
63.6766
63.679625
63.69985
63.70985
63.750575
63.768175
63.845375
65.75315
66.3884
66.42125
66.43525
66.440975
66.448425
67.147325
67.169775
67.203125
67.224475
67.24045
68.30465
68.33265
68.341775
68.346925
68.358325
68.9451
69.700625
69.710675
69.8321
69.839675
69.84835
69.88195
69.89775
69.906325
69.92115
69.926575
70.6235
70.62685
70.630875
70.6393
70.648175
70.71895
71.513525
71.52525
71.552075
71.565775
71.9669
71.996925
72.029
72.0663
73.5683
73.57205
73.58625
73.6523
75.119925
75.1253
75.14635
76.864025
76.868075
76.882475
76.9163
76.9619
77.046475
77.06455
77.081175
78.905925
78.93085
79.836925
79.840775
79.851475
80.1882
80.289925
81.131125
81.14145
81.2738
81.32125
81.32615
81.33075
82.036425
82.04715
82.061975
82.65325
83.513975
85.0006
85.020925
85.094025
86.522925
86.5394
86.583775
86.595725
86.601825
86.643125
86.6471
86.6665
86.71765
86.944275
86.9615
88.944975
88.9532
89.044475
89.1083
89.120175
89.800675
89.803675
89.8207
89.8505
89.873875
89.8857
90.29505
91.80845
91.81725
91.9132
91.919825
91.925625
91.934025
91.938675
91.9598
91.9742
91.982925
93.88935
93.893075
93.95505
94.076575
94.096725
94.114825
94.130275
94.178675
94.191825
96.552475
96.64275
96.648175
96.6682
96.678125
97.730725
97.7465
97.7498
98.380975
98.39245
98.396075
98.42135
98.475275
99.0176
99.694025
99.8405
99.8645
99.87815
101.2907
101.29535
101.308425
101.318
101.328
103.181925
103.673625
103.69775
106.142075
106.30705
106.311025
106.327325
106.35175
106.36555
107.049325
108.347425
108.40555
108.454825
108.4726
108.499275
108.504025
108.690075
108.7308
109.153225
110.37015
111.357025
112.186525
112.637375
112.67065
112.681125
112.720175
112.746
112.764575
112.780375
112.80055
112.8184
112.82675
112.83565
112.839975
112.872375
112.91425
112.928325
112.955175
112.9619
112.993275
113.414325
113.41725
113.420975
113.88025
114.0297
114.051575
115.34345
115.345575
115.3681
115.38485
115.3859
117.057025
117.2051
117.5906
118.8551
118.877775
118.901675
118.905675
118.92315
119.000125
119.054725
122.2612
122.284925
122.39985
125.06465
125.088625
125.108725
126.63865
126.6655
126.6709
126.686275
126.712725
126.953175
129.238175
129.2453
129.256325
129.276975
129.371075
129.398125
129.417525
129.426275
129.457075
129.47615
129.48045
129.499
129.50905
129.519625
129.534125
129.5484
129.551775
129.561775
130.13345
130.136525
130.139975
130.146225
130.15085
130.168725
131.06845
131.105575
131.3221
131.33075
131.348025
132.241375
132.24545
132.289625
132.31105
132.8433
132.847825
132.87485
132.91865
132.9328
133.1848
133.697275
135.049925
135.052875
135.060375
135.06595
135.083575
135.27385
135.288775
135.350425
135.4229
140.12155
140.181275
140.203375
140.23565
140.254
140.27935
140.281575
140.299725
140.31765
140.3643
140.389975
141.6192
141.6366
141.675325
141.70015
142.170725
142.1755
143.554975
143.570725
143.5932
143.674625
144.515225
144.5196
144.53105
144.541475
144.5567
145.299125
145.310275
145.316575
145.329825
145.331425
145.352825
146.2154
146.22545
146.231375
146.25735
147.15585
148.95505
148.95895
148.9698
148.972425
148.9821
148.986725
149.176975
149.90255
149.91755
149.92155
149.93645
149.95435
150.89465
150.911825
150.979575
152.34415
153.500975
153.540025
153.547975
153.5777
153.592875
153.613525
153.6337
153.645425
153.655875
153.7055
153.7711
154.606
155.3006
155.762575
155.76735
155.7812
155.815025
157.043425
157.0498
157.99745
158.010875
158.5912
158.617475
158.621
160.5261
161.08975
162.226375
162.233325
162.253875
162.26715
162.297275
162.3645
162.374525
162.391025
162.427975
162.550675
162.56555
163.713275
163.73675
163.772825
163.810125
163.84085
163.942375
163.950075
163.96035
163.9975
164.527225
165.435625
166.3403
166.354925
166.362175
166.37245
166.62835
166.64675
166.65385
166.659075
166.69875
167.726575
167.731925
167.7451
167.89395
168.644575
168.660775
169.6611
169.663625
169.666825
169.670375
171.22675
171.80965
171.996325
172.172225
172.21485
172.237925
172.2415
172.260475
172.263775
172.3549
172.429325
172.459875
172.471825
172.4786
173.055375
173.97305
173.97695
174.17055
174.1864
174.218075
174.2251
174.2388
174.252375
174.258275
174.27285
175.21285
175.860825
176.089325
176.132225
176.264475
176.306175
176.3224
177.816125
177.822775
179.404175
179.42425
179.4955
179.521375
180.826525
180.83215
180.836125
180.8453
182.059325
182.06575
182.0963
182.11705
182.268225
182.27715
182.29295
182.327775
182.342975
182.36745
183.039725
184.1365
184.2238
184.273775
184.419525
184.432075
184.438675
185.8752
185.8861
185.960325
190.17425
190.178075
190.809875
191.53
191.645225
191.6607
191.6823
191.692375
191.75555
192.428925
192.432475
192.464775
192.469075
192.531825
192.53575
192.89015
192.918875
192.9967
193.00035
193.007325
193.35285
193.35955
193.802
193.8097
193.823575
193.856925
193.861325
193.879875
194.21655
194.67975
194.83585
194.905225
194.91405
194.924725
195.460875
195.4669
195.47375
195.476325
195.518425
195.5235
195.534175
196.1171
196.135
196.143475
196.14925
196.15355
196.176925
196.29985
197.1997
197.226925
197.240925
197.247075
197.260325
197.313475
197.317425
197.334575
197.349175
197.360775
197.36425
197.36975
197.38215
197.39315
197.410925
197.418525
197.450525
197.456375
197.46175
197.4664
197.470075
197.4855
197.49135
197.498425
197.50495
197.51245
197.5191
197.526925
197.553575
197.571625
197.864475
197.867625
198.010225
198.01515
198.018775
198.031425
198.0405
198.24735
198.25125
198.451275
198.45485
198.49375
198.524525
198.5503
198.553725
198.57215
198.58525
198.5895
198.599475
198.6131
199.29855
199.74315
199.7464
199.912525
199.93115
199.9695
199.98515
200.41915
201.8768
201.9061
202.088925
202.1177
202.120925
202.1269
202.778175
202.797875
202.801975
202.84165
202.86265
203.6762
203.728375
203.73615
205.151275
207.009525
207.02755
207.04745
207.050875
207.0562
207.19305
207.37895
207.38495
207.39785
208.019
208.072025
208.081975
208.0883
208.09555
208.1553
208.53005
208.6011
208.65425
208.71675
209.004475
209.00715
209.01015
209.0165
209.047325
209.061
209.10095
209.111575
209.371025
209.393875
209.44935
209.46045
209.74915
209.75295
209.7679
210.379775
210.41195
210.4294
210.4349
210.453775
210.47305
210.511325
210.620325
210.6375
210.648525
210.7145
211.199
211.202375
211.20625
211.219675
211.261675
211.262325
211.26345
211.5342
211.737625
211.800125
211.840325
211.870325
211.900475
211.931775
211.9776
211.993675
212.00935
212.024475
212.062975
212.066325
212.084325
212.09605
212.099575
212.10395
212.114875
212.166875
213.077
213.080225
213.09975
213.179125
213.196525
213.212025
213.266225
213.269775
213.27135
213.273825
213.28025
213.28435
213.374875
214.0081
214.011125
214.01405
214.017475
214.02095
214.042
214.048025
214.066575
214.126075
214.133475
214.149575
214.18745
214.21695
214.23575
214.273125
214.28135
214.4105
214.41835
214.428625
214.43775
214.51835
214.64765
215.426975
215.430025
215.433175
215.4614
215.473275
215.589725
215.6304
215.65895
215.66595
215.68435
215.7341
215.74425
215.76155
215.77065
215.7776
215.782125
215.8165
215.840325
215.849325
215.862675
215.869825
215.8901
216.0321
216.223325
216.239075
216.390275
216.409125
216.603925
216.853375
216.97815
217.256825
217.772725
217.784775
217.83325
217.98375
218.0248
218.0496
218.0811
218.0898
218.25205
218.255825
218.25975
218.495975
218.5075
218.601075
218.624475
218.637225
218.672225
218.700325
218.70535
218.738975
218.7864
219.0445
219.047475
219.050975
219.0544
219.070325
219.0738
219.1015
219.1157
219.27625
219.308775
219.32695
219.36155
219.696575
219.707025
219.84775
219.869025
219.9266
220.011725
220.01875
220.026525
220.03485
220.042725
220.052025
220.8203
220.8233
221.087075
221.137225
221.24065
221.262925
221.301575
221.43515
221.57315
221.604375
221.6117
221.843225
221.8464
221.869875
221.87615
221.889225
221.892725
221.91665
221.9213
221.9462
221.95725
222.115875
222.161775
222.173975
222.240375
222.25075
222.2799
222.3258
222.37645
222.47365
222.489575
222.595175
222.654175
222.6638
222.668275
222.67375
222.7054
223.0759
223.080325
223.126575
223.13315
223.44655
223.54295
224.299275
224.33875
225.037525
225.3502
225.36505
225.861075
225.864475
226.0298
226.0357
226.330075
226.389725
226.416375
226.42375
226.438375
226.462975
226.4894
226.50205
226.6077
226.820675
226.823475
226.826475
226.83015
226.8344
227.24965
227.282525
227.28465
227.36165
227.3946
227.77775
227.780625
227.784
228.35085
228.38505
228.4555
228.473775
228.53635
228.55425
228.583025
228.595975
228.5995
228.6032
228.606875
228.620325
228.640175
228.645375
228.657475
228.662775
228.679525
228.693575
228.739075
228.756825
228.77295
229.1831
229.185625
229.188325
229.19145
229.2073
229.2624
229.455575
229.476925
229.878025
229.895475
229.955775
229.96355
229.98605
230.932575
231.212275
231.2179
231.41225
231.433575
231.52485
231.531925
231.5965
231.636525
231.6924
231.709375
232.194
232.2335
232.57905
232.595075
232.613425
232.859475
232.883575
232.90985
233.52775
233.612125
233.7296
233.733275
233.7447
234.64345
234.792
234.86575
235.1336
235.195025
235.202775
235.211575
235.749925
236.22855
236.250575
236.254725
236.306675
236.3474
236.37215
237.751575
238.0185
238.0242
238.05885
238.064425
238.084475
238.094375
238.1125
238.1779
238.73565
239.390225
239.5108
239.51615
239.5341
239.586225
239.628125
239.648175
239.66845
239.682675
240.15665
240.17835
242.4808
242.49335
242.573125
242.5918
242.992225
243.010675
244.06385
244.79505
244.808675
244.82735
244.83165
245.18855
245.22865
245.2334
245.245725
246.149475
246.649725
246.6678
246.6718
247.155225
248.46455
248.6528
248.6675
249.871275
250.379925
250.395275
250.41595
250.468025
250.487275
250.52755
250.56675
251.7268
251.765275
251.7787
251.799325
251.869475
251.895625
252.31105
252.33445
253.157725
253.16095
253.164525
253.27895
253.29555
253.300875
253.321475
253.340625
253.8426
256.3902
256.451025
257.06195
257.214025
257.245475
257.2504
257.277325
257.299625
258.08315
258.112425
258.162475
258.167425
258.326875
258.3585
258.424975
258.8371
259.338775
259.397075
259.413
259.432025
259.436825
259.452525
259.472
260.003775
260.4292
260.437275
260.45545
260.4636
260.46505
260.508475
261.23175
261.2821
261.308725
261.325575
261.388075
261.40055
261.419475
262.78635
262.915125
262.966725
263.43785
264.277225
264.2991
264.325575
264.4997
264.517625
265.35235
265.35895
265.36015
265.75965
266.67645
266.6873
266.708875
268.005225
268.4464
268.473
268.55415
268.583825
268.655075
268.6941
268.699825
269.3166
269.3235
269.373375
269.382875
269.3977
269.41855
269.4228
270.12115
270.172525
270.22885
270.252
270.269475
271.0081
271.0173
271.03045
271.054
271.074725
271.766225
271.7862
271.79345
271.807925
271.8288
271.865175
271.867375
271.87575
271.880975
271.8979
271.9267
271.987825
273.1596
273.1652
273.186825
273.189375
274.58555
274.7557
274.78105
274.7984
275.002425
275.014075
275.01975
275.03675
275.0421
275.080125
275.0875
275.099525
275.1045
275.228875
275.87225
275.88395
276.29335
276.434075
276.4435
277.00755
277.02365
277.046
277.066375
277.083825
277.092125
278.19605
278.220575
278.802875
280.350975
281.462675
281.9044
281.94465
282.28825
282.980525
283.0134
283.26095
283.28235
283.3068
283.35915
283.52655
283.602825
283.625025
283.63925
283.669475
284.0301
284.26565
284.276375
284.287275
284.5733
284.591375
284.896975
285.039275
285.057675
285.092625
285.4594
287.046125
287.063575
287.081575
287.125
288.334175
288.35145
288.401525
288.4134
288.714475
288.721325
288.7451
289.089475
290.24705
290.263925
290.26805
290.3122
290.364625
290.41475
290.520825
290.55455
290.562825
290.606425
290.61355
291.192525
291.195975
291.223125
291.273975
293.7202
296.20195
296.226675
296.309175
296.329925
296.403125
296.42595
296.44515
296.45425
296.461575
296.521375
296.5505
296.58935
297.383175
297.391225
297.4183
297.428225
297.601525
298.958975
298.997925
299.011375
299.016625
302.0369
302.05325
302.0904
302.095475
302.18105
302.19545
302.2342
302.2394
302.283475
302.3472
302.3622
303.0447
303.048375
303.0521
303.09575
303.12315
303.131375
303.9221
303.937075
303.9774
303.9992
304.5612
305.134825
305.17135
305.191375
305.195375
306.707675
307.182875
307.228775
307.233525
307.25065
307.2544
307.278
307.8784
307.99275
308.58515
308.592
308.5976
308.6104
308.645425
308.696425
309.526975
309.555675
310.466175
310.4696
310.483475
310.4881
310.50495
310.512475
311.320075
311.3244
311.333975
313.14255
313.163375
314.1572
314.169475
314.185975
314.2706
314.315425
314.439025
314.4448
314.458225
315.6422
315.6933
315.701925
315.7238
315.768075
316.34065
316.344875
317.121775
317.248025
319.3812
319.4165
319.434125
319.43815
319.44175
319.451
319.454325
319.475375
319.481825
319.4899
319.514125
319.52145
319.761825
319.792975
319.79765
319.805675
319.830325
319.8348
319.96905
320.37635
320.379325
320.383175
321.7807
321.801275
321.805325
321.817625
321.822375
321.83875
321.8458
322.597825
322.609275
322.6195
322.62995
322.646
322.6618
322.684975
323.847575
325.5408
325.5653
325.577075
325.77775
325.78855
325.81125
325.8173
325.83235
325.8502
325.870625
325.94425
327.683025
327.692725
327.807775
327.8666
327.882175
327.885925
327.961075
328.09075
328.10765
328.12035
328.1412
328.73775
329.6672
329.670275
329.677025
329.976025
329.97945
329.98825
330.013225
331.5093
331.562375
331.602475
335.519725
337.03485
337.038225
337.043075
337.096275
337.112225
337.13325
337.300075
337.330125
337.376
337.413075
337.4214
337.4724
337.476225
337.480675
337.499375
337.55965
337.57075
337.5769
337.64825
337.665475
337.689175
338.0916
338.641425
338.779125
338.799475
338.812575
338.816375
338.836525
338.86515
339.08185
339.885425
339.888575
339.9073
340.090775
340.1272
340.139675
340.1509
340.165325
340.1709
340.9995
342.22805
342.25955
342.317675
342.324525
342.424025
342.438175
342.4516
342.4576
342.46095
342.4658
342.47225
343.027125
343.710825
343.73425
343.936175
343.963575
343.981925
343.9988
344.0124
344.01975
344.5308
344.7039
344.70975
344.7171
344.9293
344.933125
344.939625
345.437925
345.653825
345.899425
345.918875
345.9256
345.937075
346.807075
348.24755
348.2519
348.27315
348.45075
348.46625
348.4865
348.50895
348.5265
348.5279
348.531325
348.5424
348.5461
348.5539
349.239975
350.786375
353.00045
353.102325
353.2368
353.246325
353.26235
353.287925
353.296025
353.879625
353.88285
353.904275
353.917175
353.933725
353.954925
353.959725
353.9903
353.99945
354.479325
354.4835
354.564025
