2.582
3.72715
3.893375
3.9069
4.009125
4.797725
35.8591
41.8563
84.5022
99.863125
104.353175
118.202175
123.3219
124.031425
124.1836
136.514625
139.469375
139.53135
139.615275
139.7404
139.974325
146.181325
152.94325
155.18215
164.527375
180.827075
189.19305
190.103425
190.782675
211.842375
214.883675
217.76665
220.660425
220.69455
224.5618
224.5659
225.0966
234.593075
244.581275
247.6632
250.4279
256.59355
265.96235
265.970525
266.002225
266.028225
266.0355
266.289625
272.81645
282.46795
290.0241
301.130425
310.740325
316.570225
318.91955
326.727875
327.582575
328.6519
336.777175
339.12025
344.632325
350.88935
351.326
352.058675
354.27405
354.282325
354.33105
