0.026675
0.34155
0.6441
0.6734
0.786475
0.85735
0.99295
1.1604
1.1947
1.23475
1.312625
1.3606
1.4564
1.64535
1.703175
1.83295
2.18525
2.450025
2.859625
3.10245
3.1139
3.11665
3.11875
3.123875
3.125725
3.13165
3.132875
3.141325
3.15545
3.646825
3.97765
4.1849
4.286125
4.313275
4.571875
4.580075
4.584275
4.5881
4.590525
4.60055
4.624975
4.95685
4.9919
5.012375
5.051675
5.62815
5.77035
5.7979
6.018525
6.0792
6.099275
6.219775
6.3213
6.703075
6.721875
6.807225
6.818275
6.833175
7.238525
7.3745
7.407225
7.426675
7.43345
7.4364
7.440375
7.4457
7.450125
7.455475
7.784875
8.124275
8.383825
8.39355
8.412325
9.13755
9.171625
9.2689
9.288175
9.307725
9.451075
9.599725
9.7329
9.760875
9.923725
9.9667
10.0005
10.027925
10.187375
10.489525
10.536675
10.61785
10.650525
10.91065
10.935425
10.964
11.1995
11.421475
11.560425
11.601375
11.6593
11.859375
11.910125
12.075
12.117125
12.1813
12.2743
12.4058
12.512625
12.57685
12.59375
12.6494
12.666775
12.673475
12.68015
12.691725
12.803425
13.27585
13.3556
13.39745
13.483925
13.571975
13.62
13.647425
13.8418
13.88825
13.92535
13.99325
14.4983
14.72655
14.80115
14.82655
14.83165
14.850675
15.15605
15.1615
15.16725
15.1736
15.182075
15.22295
15.526975
15.597825
15.625525
15.64055
15.75485
15.781925
16.097625
16.180975
16.206775
16.49845
16.5209
16.539875
16.582875
16.59185
16.8882
16.9461
16.98705
17.1361
17.576675
17.618825
17.7281
17.87195
17.915175
17.940325
17.96205
18.066125
18.080475
18.10975
18.394525
18.42675
18.711275
18.72085
18.741225
18.7595
18.970575
18.99235
19.136475
19.46425
19.5317
19.57755
19.5911
19.61465
19.63695
19.66525
19.7362
19.8885
19.90055
19.923075
19.94445
19.96995
20.743525
20.7938
21.11665
21.2242
21.371625
21.4896
22.00895
22.04245
22.39795
22.467225
22.499125
22.528025
22.555225
22.5802
23.239925
23.272325
23.289275
23.30095
23.3261
23.64305
23.673175
23.6791
23.683175
23.699025
23.72435
24.007925
24.0352
24.257375
24.26315
24.271475
24.292875
24.324125
24.431725
24.465275
24.670625
24.776625
24.7874
24.791525
24.800475
24.8129
24.950875
25.193875
25.38365
25.825925
25.847425
26.071825
26.08305
26.08995
26.10325
26.111375
26.123825
26.1323
26.36305
26.370375
26.3787
26.389675
26.399375
26.4171
26.444825
26.576825
26.58405
26.5904
26.5953
26.72925
26.781925
26.7983
26.8809
27.06885
27.0868
27.314875
27.5196
27.542625
27.7959
27.803125
27.80705
27.81325
27.821475
27.825725
27.83325
27.843175
27.86085
28.010425
28.138375
28.15035
28.1575
28.16475
28.1679
28.1761
28.185875
28.2021
28.226875
28.4766
28.4805
28.48415
28.487825
28.490725
28.497475
28.503775
28.522275
28.671
28.694475
28.754725
28.77445
29.208825
29.230625
29.536975
29.569675
29.603075
30.335375
30.6819
30.734775
30.976475
31.2944
31.598575
31.622
31.665125
31.695975
31.739525
31.854925
31.92335
31.95835
32.0311
32.123175
32.2173
32.254225
32.6537
32.720325
32.78125
32.857425
32.952475
32.993175
33.17735
33.356925
33.67035
33.771075
33.851525
34.1537
34.15755
34.171875
34.2061
34.239025
34.28365
34.36235
34.385
34.6548
34.73845
34.806825
34.86345
34.892675
35.068725
35.266375
35.553125
35.583525
35.712275
35.781875
35.854875
35.926475
36.139775
36.249475
36.27035
36.3579
36.3759
36.556075
36.563
36.5676
36.592325
36.74655
36.901
36.908825
36.917875
37.003525
37.03135
37.04335
37.06095
37.10725
37.148875
37.16025
37.180775
37.2166
37.230225
37.282375
37.585675
37.6178
37.65205
37.6653
37.8419
37.850675
37.85655
37.86105
37.870675
37.889175
38.0093
38.017475
38.02535
38.051875
38.686325
38.706925
38.725925
38.740325
39.014075
39.0514
39.063475
39.087375
39.0951
39.111275
39.297625
39.3867
39.401425
39.42935
39.521875
39.8558
40.038225
40.085775
40.361025
40.47
40.546
40.699225
40.756125
41.07295
41.25875
41.7481
41.801975
41.8572
41.93265
42.3645
42.435325
42.508625
42.74945
42.77245
42.825225
43.0859
43.5728
43.6007
43.637625
43.72095
44.0566
44.14075
44.546825
44.5915
44.645425
44.922075
44.932725
44.937
44.948475
45.191725
45.218425
45.2422
45.33645
45.5994
45.63355
45.772425
45.914475
45.9502
46.1568
46.36575
46.45975
46.83535
46.8854
46.99495
47.052475
47.8006
47.81655
47.826025
47.84535
47.883075
48.1395
48.148375
48.153
48.1572
48.16125
48.4394
48.521175
48.579475
48.6851
48.745075
48.920275
49.113125
49.138375
49.224475
49.42125
49.634675
49.73965
49.777925
49.8164
50.023925
50.25695
50.28855
50.4249
50.539075
50.550475
50.56235
50.575525
50.5824
50.5892
50.6129
50.741625
50.95575
51.503225
51.563975
51.85285
51.92865
51.955675
51.994025
52.02805
52.7162
52.74295
52.772125
53.152625
53.179725
53.2071
53.388075
53.45705
53.534175
53.849275
53.86975
54.10015
54.194225
54.216475
54.2261
54.2333
54.52145
54.53285
54.5368
54.540775
54.543425
54.545975
54.5494
54.55205
54.557975
54.8263
54.8599
54.888
55.094575
55.30375
55.3169
55.327575
55.33565
55.3413
55.34845
55.354625
55.50375
55.55845
55.680475
55.8526
55.861275
55.863375
55.905925
56.221475
56.27015
56.344125
56.387525
56.445125
56.87685
57.336725
57.665825
57.702925
57.8939
58.067075
58.13935
58.265425
58.30695
58.31705
58.32425
58.346125
58.64005
58.67745
58.727125
58.804425
58.83225
59.3508
59.3849
59.39
59.3991
59.41765
59.44475
59.818325
59.82735
59.9279
60.205525
60.407225
60.7863
60.8431
60.90535
60.9141
60.9173
60.922475
60.926875
60.9351
60.945875
60.964675
61.124425
61.142325
61.153575
61.189975
61.64635
61.6779
61.686775
61.703675
61.715025
62.0084
62.099125
62.125225
62.1972
62.2345
62.27555
62.493425
62.947325
62.998175
63.063425
63.360275
63.67745
63.990275
64.237675
64.494525
64.560475
64.747375
64.88285
64.9042
64.92605
65.079925
65.1001
65.10985
65.11815
65.132225
65.3958
65.427
65.463275
65.48705
65.49505
65.5236
65.695225
65.82365
65.82995
65.8327
65.833475
65.839075
65.842725
65.845925
65.8494
65.85205
65.859775
66.02
66.4253
66.5604
66.605375
66.7692
66.899425
66.936075
67.255975
67.286875
67.3074
67.324475
67.378525
67.9708
68.013475
68.17755
68.40695
68.477775
68.516775
68.5306
68.542
68.720125
68.75295
68.7838
68.790425
68.80055
68.819425
68.985875
69.016475
69.1527
69.23375
69.245675
69.25
69.25865
69.70725
69.839
70.015425
70.047175
70.060825
70.087025
70.224575
70.3643
70.465
70.631975
70.64835
70.671575
70.6918
70.726075
70.761725
71.10435
71.12885
71.149075
71.17365
71.439325
71.44635
71.45375
71.469225
71.527575
71.731025
71.741975
71.7483
71.755625
71.761975
71.770675
71.77765
71.782475
71.80885
71.843175
72.16275
72.1864
72.21065
72.23
72.2504
72.351575
72.44995
72.497275
72.84925
72.865925
72.8876
72.900375
72.905675
72.909975
72.91095
72.9147
72.9638
73.25195
73.268325
73.2724
73.274375
73.27965
73.28475
73.295925
73.325
73.47475
73.509975
73.57685
73.587625
73.5917
73.599425
73.864825
73.988725
74.101075
74.161575
74.202175
74.2744
74.3234
74.4956
74.735775
74.7652
74.7856
74.79065
74.792
74.797675
74.81735
74.837925
75.132975
75.194575
75.48685
75.5217
75.552675
75.5803
75.6241
75.780825
75.945575
75.9977
76.020775
76.21085
76.227975
76.2375
76.240375
76.250775
76.259375
76.26745
76.301525
76.471625
76.49415
76.5175
76.8076
76.818475
76.82725
76.841375
76.85155
76.8647
77.046075
77.17195
77.1963
77.214325
77.23185
77.453
77.561475
77.575175
77.599275
77.6319
77.921325
77.9461
77.973775
78.018225
78.126925
78.348875
78.3771
78.399025
78.4263
78.503975
78.5357
78.8517
78.8623
78.865625
78.8684
78.907925
78.95675
79.09535
79.336575
79.371225
79.390925
79.41145
79.4434
79.80065
79.80795
79.813825
79.817875
79.823275
79.843625
80.00745
80.0375
80.063075
80.09755
80.121525
80.30185
80.346775
80.4829
80.569325
80.64295
80.879625
80.953525
81.32915
81.558
81.7584
81.764125
81.769825
81.772975
81.7825
81.78685
81.7932
82.213075
82.7489
82.762175
82.7709
82.78105
82.800825
83.0985
83.1043
83.12195
83.1325
83.14235
83.236925
83.419025
83.43575
83.455275
83.669625
83.704925
83.721875
83.94935
83.9782
84.002175
84.0301
84.42125
84.43075
84.439125
84.75485
84.772625
84.778475
84.7869
84.79545
84.812375
84.838925
85.2477
85.2594
85.3966
85.42745
85.620975
85.951925
86.3501
86.56905
86.6397
86.649325
86.650325
86.65225
86.658775
86.67105
86.67395
86.70695
86.898675
86.90285
86.909225
86.91295
86.9163
86.9193
86.928025
86.929975
86.959575
87.217125
87.249225
87.258275
87.26865
87.2792
87.2906
87.52175
87.5377
87.562425
87.793875
87.842
88.088525
88.112875
88.13215
88.140175
88.179625
88.467375
88.48535
88.4938
88.52255
88.534825
88.557825
88.5764
88.613125
89.15285
89.164975
89.172525
89.185025
89.190525
89.21345
89.428125
89.4587
89.473575
89.483475
89.623975
89.642775
89.87905
90.140825
90.155975
90.16925
90.19275
90.438125
90.450125
90.811175
90.905075
90.954325
91.129825
91.379025
91.69225
91.758
92.01445
92.19115
92.30535
92.5091
92.6093
92.621225
92.8096
92.84465
92.86215
92.979425
92.988525
92.991125
92.999775
93.01505
93.03725
93.343725
93.368325
93.58595
93.601025
93.86515
93.96135
94.251225
94.5804
94.592225
94.59685
94.5992
94.602025
94.6076
94.610475
94.612775
94.62015
94.955825
94.97875
94.99075
95.28215
95.303125
95.58595
95.615625
95.9211
95.97685
95.985825
96.025275
96.4858
96.776425
96.82575
96.851125
96.864125
96.87085
96.878025
96.8942
96.9243
97.06415
97.2023
97.374775
97.71445
97.75225
97.9076
97.924025
97.931825
98.1721
98.268925
98.282775
98.309475
98.321125
98.383625
98.57355
98.578075
98.58195
98.583075
98.584475
98.58995
98.5936
98.5977
98.606875
98.906975
98.9199
98.96035
99.0341
99.06125
99.491925
99.65715
99.675275
99.7195
100.040725
100.26135
100.5122
100.587025
100.595475
100.607225
100.622925
100.938
100.96375
100.971625
100.97505
100.983825
101.173675
101.418375
101.794
101.840875
102.023625
102.646475
103.1742
103.37295
103.856375
104.1489
104.1765
104.200775
104.2131
104.2982
104.57725
104.89715
104.9611
104.99605
105.333775
105.348675
105.750425
105.91335
106.145575
106.15385
106.162775
106.166575
106.171925
106.1789
106.18095
106.188525
106.19815
106.2456
106.275125
106.45815
106.51485
106.53585
106.555525
106.73915
106.881
106.916775
106.974625
107.19645
107.291275
107.3734
107.431575
107.900225
107.945125
107.9688
108.313125
108.3372
108.37565
108.69335
108.70985
109.484475
109.5738
109.714725
109.82205
109.828625
109.841075
109.846225
109.865625
110.058
110.174225
110.183125
110.202725
110.282925
110.55635
110.5666
110.5703
110.57885
110.584225
110.602275
110.92325
110.9735
110.984575
110.996775
111.3157
111.359
111.3657
111.38665
111.59285
111.611775
111.6332
111.75175
111.7709
112.14005
112.14995
112.155475
112.1692
112.195125
112.880625
112.91025
112.95675
113.045125
113.059525
113.066325
113.069575
113.08555
113.703675
113.723375
113.77175
114.097225
114.1516
114.298725
114.3721
114.383925
114.4034
114.422275
114.728775
114.848175
114.979875
115.022825
115.10065
115.166275
115.251525
115.279125
115.468125
115.7341
115.7897
115.932075
115.954275
115.96665
116.178175
116.253325
116.840925
116.88115
117.0551
117.113625
117.440725
117.46145
117.498925
117.76825
118.058375
118.06575
118.1613
118.199025
118.403975
118.836875
118.911275
118.9768
119.0389
119.0492
119.051225
119.337925
119.5922
119.740925
119.98405
120.135825
120.274875
120.29095
120.30075
120.304275
120.5575
120.5689
120.587225
120.850425
120.934925
120.980775
121.022625
121.4245
121.44545
121.9365
122.4321
122.441125
122.449375
122.452675
122.455825
122.460075
122.4625
122.468625
122.47845
122.5003
122.50725
122.9572
122.979025
123.445925
123.568725
123.652575
123.6673
123.863725
123.878025
124.121175
124.1353
124.14195
124.1867
124.4589
124.46765
124.483375
124.486525
124.497375
124.5056
124.536075
124.873575
124.893625
124.925725
124.940275
124.94855
125.276375
125.31015
125.323475
125.35855
125.4733
125.5021
126.0858
126.0943
126.1011
126.119775
126.1561
126.286825
126.292925
126.29745
126.3001
126.30255
126.31225
126.31815
126.69725
126.82195
126.833325
127.198475
127.347775
127.411225
127.7176
127.7531
127.755675
127.8014
127.81935
128.101325
128.11775
128.11935
128.12935
128.24965
128.5585
128.5991
128.77735
128.861025
128.95065
129.002425
129.206525
129.219425
129.233175
129.26325
129.2947
129.317775
129.341925
129.438325
129.7696
129.999125
130.00465
130.01435
130.038775
130.056425
130.3174
130.3222
130.3247
130.32725
130.329325
130.3328
130.334975
130.339175
130.340175
130.345275
130.348225
130.615625
130.65765
130.725675
131.1535
131.185675
131.307875
131.35355
131.663275
131.68415
131.691925
131.7019
131.71045
131.801725
132.032475
132.037425
132.043375
132.049175
132.0557
132.0643
132.076725
132.43885
132.493425
132.5256
132.659
132.89815
132.919725
132.940875
132.952975
132.976875
133.3126
133.4103
133.450825
134.025525
134.040225
134.043325
134.04565
134.04945
134.061375
134.0681
134.417925
134.431225
134.45075
134.518925
134.642675
134.794525
135.017225
135.032375
135.0494
135.411475
135.5031
135.733525
135.945275
135.9682
136.083575
136.3833
136.6779
136.728825
137.2377
137.27545
137.707625
138.133425
138.274725
138.433575
138.9149
138.943075
139.10815
139.274875
139.284375
139.297325
139.300675
139.307
139.31625
139.359325
139.811725
139.845775
139.85615
140.067625
140.07265
140.082225
140.088725
140.0978
140.107925
140.5309
140.537875
140.550575
140.5626
140.586425
141.0662
141.0739
141.084625
141.087325
141.0896
141.092575
141.099725
141.1073
141.1389
141.4246
141.5345
141.56195
141.584475
141.779725
141.837675
142.076675
142.169425
142.216325
142.23475
142.266825
142.501325
142.6027
142.88435
142.93265
143.02335
143.18295
143.20875
143.2257
143.449075
143.8688
144.269275
144.3704
144.3941
144.4136
144.586025
144.62125
144.638875
144.955425
145.343875
145.35775
145.361375
145.368625
145.653775
145.726975
145.731575
145.746575
146.08195
146.36645
146.6425
146.852575
146.9021
146.904775
147.227225
147.39025
147.5734
147.6149
147.634225
147.646075
147.6555
147.66975
147.673225
147.689225
147.711675
147.84945
147.877925
147.9024
148.329725
148.36035
148.4555
148.7495
148.77225
149.002
149.00795
149.2961
149.6507
149.66245
149.737225
149.825575
150.153
150.164875
150.168725
150.178125
150.189825
150.199975
150.366575
150.38025
150.394875
150.437425
150.573675
150.958275
150.979575
150.983275
150.98865
150.997375
151.205725
151.257025
151.274275
151.2829
151.29925
151.32305
151.350275
151.617175
151.629675
151.639025
151.646375
151.65215
151.658725
151.774975
151.7811
151.83675
151.919725
152.066175
152.08055
152.121425
152.193225
152.406575
152.438075
152.453475
152.5091
152.672475
152.96435
152.9859
153.12855
153.2523
153.4359
153.46275
153.4705
153.532325
153.573775
153.851275
153.86485
153.904575
153.9367
154.350975
154.3528
154.375
154.40565
154.42275
154.46215
154.896825
154.90145
154.939475
154.96275
154.9881
155.276625
155.28605
155.2989
155.318975
155.458425
155.667
155.69885
155.804175
155.848675
155.86885
155.881025
155.9041
156.03405
156.0769
156.105875
156.261975
156.499625
156.567025
156.5856
156.625025
156.6749
156.685025
156.711625
156.735275
157.024375
157.0502
157.070375
157.099
157.1109
157.7189
157.7508
157.761675
157.771525
157.81955
157.9184
157.936275
158.033575
158.053325
158.069525
158.1504
158.18625
158.194525
158.454875
158.489375
158.57635
158.65145
158.9997
159.007175
159.029525
159.0418
159.0534
159.06925
159.420975
159.4644
159.481925
159.489675
159.5067
159.51985
159.533825
159.55945
159.8108
159.892775
159.916975
159.932475
159.9494
159.955025
159.96595
160.03525
160.15195
160.234525
160.33635
160.97515
161.022625
161.035075
161.044025
161.068225
161.0743
161.10405
161.473375
161.622375
161.637175
161.666775
161.682625
162.01565
162.0924
162.11
162.221625
162.341
162.34925
162.3573
162.366675
162.398425
162.9453
163.0902
163.112375
163.142325
163.159825
163.184925
163.502625
164.15985
164.206825
164.22835
164.2577
164.55425
164.64945
164.894875
164.9069
164.914825
164.9705
165.075475
165.50705
165.526325
165.5338
165.5378
165.550175
165.57495
165.606875
165.6458
165.788125
165.82665
165.85
166.1506
166.185325
166.2143
166.292375
166.558375
166.571575
166.5883
166.609725
166.623075
166.7596
166.87595
166.887075
167.1749
167.334875
167.427375
167.436475
167.44245
167.44815
167.473675
167.63445
167.961425
168.28325
168.28915
168.29065
168.306725
168.33155
168.42745
168.441275
168.4673
168.857725
168.8673
168.877675
168.8851
168.892475
168.903575
168.940775
169.26285
169.300225
169.36165
169.405675
169.76665
169.783975
169.83665
170.1027
170.13795
170.275075
170.29955
170.313475
170.32675
170.46025
170.48535
170.696575
170.70605
170.708325
170.713
170.728075
170.780025
170.86935
170.99025
171.303125
171.333025
171.634225
171.693975
171.9666
171.971375
171.977
171.985525
171.990025
171.992825
171.9956
172.00335
172.029
172.221725
172.316825
172.453675
172.51695
172.905375
173.28335
173.305225
173.3163
173.3271
173.636375
173.658375
173.730675
173.754475
174.1126
174.178225
174.20935
174.30465
174.862275
175.196775
175.337275
175.7992
175.91465
175.9478
175.952825
175.96475
175.9783
175.99215
176.00475
176.059625
176.33895
176.340725
176.343825
176.34735
176.3495
176.352125
176.35555
176.35965
176.68485
176.6934
176.702875
176.712575
176.72285
176.730075
176.73705
176.746125
177.03915
177.05585
177.06735
177.09115
177.167975
177.182775
177.437675
177.47175
177.50775
177.571375
177.66975
177.965125
177.97
177.97635
177.980125
177.986825
177.99985
178.0088
178.300675
178.331325
178.502625
178.719525
178.72965
178.739125
178.74805
178.756125
178.76635
178.78475
179.011325
179.05455
179.128725
179.29275
179.37395
179.3931
179.42375
179.525225
179.86765
179.879225
179.88985
179.904925
179.948325
180.186275
180.21765
180.27925
180.62935
180.65905
180.685
180.87855
180.90685
180.94885
181.103825
181.365175
181.476525
181.57055
181.6954
181.797825
181.827875
182.06955
182.139225
182.23465
182.310875
182.368325
182.38735
182.4255
182.51355
182.694
182.705975
182.71085
182.720575
182.73995
182.754075
183.0649
183.239475
183.34005
183.442875
183.481925
183.51255
183.572075
183.70995
183.895825
184.170225
184.19225
184.2174
184.241625
184.274075
184.313175
184.3894
184.42165
184.4417
184.45935
184.582725
184.618675
184.63825
184.721425
184.758475
184.897675
184.92755
184.94395
184.9557
184.9717
184.98905
185.30125
185.3122
185.330675
185.346025
185.3787
185.540175
185.73515
185.743375
185.75755
185.7586
185.7653
185.776575
185.8017
185.94935
185.962675
185.9868
186.46095
186.581425
186.608825
186.6799
186.797675
187.041675
187.134925
187.14675
187.154675
187.210325
187.234075
187.27955
187.69355
187.7035
187.708625
187.713175
187.72005
187.7382
187.765375
187.780075
187.9847
188.009675
188.035275
188.0478
188.055175
188.06225
188.071475
188.377225
188.5799
188.6002
188.60435
188.60945
188.617725
188.624
188.632925
188.648725
188.6766
188.68335
188.699075
189.084175
189.117475
189.17
189.21565
189.5864
189.70295
189.73635
189.7557
189.77955
189.87115
190.089375
190.277075
190.344725
190.523725
190.90875
191.2377
191.2726
191.304
191.3424
191.70215
191.737425
191.777525
191.804625
192.309625
192.362625
192.4086
192.4167
192.45245
192.771225
192.84575
192.8524
192.860225
192.877525
193.018575
193.094425
193.379675
193.464125
193.48975
193.511
193.818525
193.834375
193.841225
193.8483
193.88195
193.9092
193.933375
194.2464
194.286625
194.400125
194.433725
194.5134
194.552225
194.70785
195.0394
195.051225
195.2822
195.367875
195.524625
195.559775
195.58905
195.69155
195.843175
195.84935
195.85615
195.88585
195.926375
195.941325
195.960125
195.97
196.34985
196.3607
196.471025
196.4965
196.658
196.716175
196.731775
196.7866
196.80885
196.827525
196.8481
197.584675
197.738475
197.832875
197.86475
197.875925
197.914625
197.9402
198.081675
198.21155
198.503775
198.5606
199.00515
199.072175
199.30565
199.315125
199.318775
199.322275
199.326
199.3308
199.3342
199.798675
199.8213
199.8477
199.856275
199.86425
200.17105
200.20795
200.2675
200.391825
200.44585
200.471725
200.489175
200.500525
200.5646
200.6674
200.67675
200.907075
201.097975
201.13155
201.14255
201.165675
201.5918
201.6174
201.713275
201.739875
201.9767
202.0085
202.12375
202.4137
202.458325
202.4788
202.7567
202.770075
202.8185
202.902825
202.957275
202.96455
202.988125
203.048425
203.345025
203.5201
203.55235
203.56695
203.642525
204.289125
204.317075
204.3407
204.359225
204.48515
204.619625
204.662075
204.6854
205.03275
205.04705
205.09575
205.293275
205.31835
205.5769
205.60185
205.6066
205.6094
205.630675
205.640675
205.9331
205.98795
206.4714
206.4857
206.7576
206.7703
206.78535
206.79185
207.162425
207.234325
207.25875
207.652875
207.760025
207.777325
208.03195
208.099
208.123775
208.14965
208.1832
208.3314
208.3648
208.379375
208.572125
208.5775
208.587375
208.65985
208.6843
208.82565
208.862925
208.88545
208.93725
209.39855
209.542475
209.88215
210.09475
210.690925
210.699025
210.71285
210.732475
210.750525
211.276525
211.372425
211.395875
211.432725
211.48035
211.711375
211.725975
211.730425
211.734925
211.740475
211.743325
211.74815
211.752525
211.759925
212.06855
212.0787
212.09845
212.113025
212.123525
212.1278
212.137275
212.14515
212.15585
212.313725
212.32615
212.337125
212.67995
212.686025
213.115625
213.200825
213.342575
213.659675
213.731025
214.1141
214.125575
214.1343
214.14865
214.16695
214.456625
214.818775
214.8919
215.188
215.195975
215.2041
215.209475
215.2192
215.227325
215.852275
215.95965
216.212125
216.23205
216.2389
216.241725
216.24535
216.248575
216.2532
216.257775
216.2699
217.289675
217.292625
217.29355
217.2967
217.3007
217.306275
217.316775
217.323
217.3287
217.3376
217.58925
217.935525
217.941225
217.9445
217.946975
217.954125
217.95775
217.9614
217.976925
217.984025
217.995775
218.02395
218.26645
218.327525
218.4115
218.4642
218.6157
218.752175
218.88995
218.9192
219.1136
219.13315
219.1644
219.318075
219.342225
219.3834
219.4147
219.780775
219.941825
220.00425
220.0372
220.328875
221.053
221.057875
221.062875
221.068475
221.071075
221.07525
221.079575
221.418075
221.4454
221.45225
221.461275
221.475475
221.51
221.535
221.6687
221.80745
221.833975
221.996475
222.2891
222.306525
222.3301
222.357375
222.470875
222.4801
222.485925
222.4883
222.490925
222.493225
222.495625
222.4978
222.5023
222.508275
222.824675
222.836975
222.9111
222.955325
223.2292
223.26075
223.37805
223.5365
223.604375
223.704
223.714225
223.720075
223.727325
223.7415
223.967
224.4879
224.749775
224.95845
224.9677
224.976025
224.9937
225.0124
225.019775
225.256925
225.316325
225.414225
225.662075
225.921425
225.953375
226.276525
226.30285
226.32985
226.496375
226.823775
227.10365
227.41765
227.4363
227.458
227.513725
227.808625
227.862225
228.12615
228.20015
228.5502
228.5544
228.558575
228.5624
228.583625
228.63605
228.655575
228.6608
228.678375
228.68725
228.99795
229.0085
229.023075
229.036
229.045675
229.0641
229.322625
229.352475
229.36225
229.36685
229.3788
229.683475
230.14045
230.1628
230.198575
230.28925
230.3903
230.4057
230.494775
230.536125
230.7708
230.90745
230.9125
230.961275
231.015
231.03255
231.042975
231.343625
231.433625
231.72125
231.9023
232.04275
232.0447
232.05505
232.063375
232.078875
232.1069
232.3764
232.7703
232.9803
232.991725
233.002225
233.02335
233.045625
233.2805
233.309025
233.425625
233.474525
233.9146
234.00905
234.0267
234.0392
234.04955
234.20085
234.335325
234.340325
234.352025
234.646625
234.665475
234.674
234.756425
235.041025
235.0794
235.158275
236.013275
236.1587
236.2269
236.231275
236.239325
236.2467
236.2582
236.572625
236.58695
236.589325
236.61375
236.94375
236.956825
236.96245
236.968125
236.9913
237.392775
237.4134
237.440475
237.556275
237.567225
237.58065
237.816675
237.87905
237.9103
237.925325
237.932475
237.939925
237.94825
238.244525
238.26175
238.267225
238.28045
238.311825
238.70955
239.0529
239.061775
239.070725
239.07805
239.084525
239.093825
239.226675
239.22865
239.234125
239.237925
239.254325
239.67355
239.75695
239.8009
239.933775
239.948425
239.96595
239.983825
240.0471
240.28615
240.44555
240.461625
240.47745
240.615225
240.634875
240.939025
240.9743
240.991175
241.00375
241.024475
241.030175
241.247925
241.25775
241.265625
241.2711
241.276675
241.292975
241.621475
241.626075
241.6285
241.6383
241.74485
241.937025
241.97855
242.175025
242.1798
242.182475
242.185125
242.18785
242.1944
242.19765
242.2135
242.544725
242.575575
242.600375
242.60875
242.746825
242.95175
243.100425
243.17235
243.199775
243.2387
243.32645
243.867625
243.942425
244.02275
244.052625
244.3372
245.0958
245.125525
245.1397
245.155
245.3379
245.37935
245.3843
245.5093
245.51815
245.58245
245.7772
245.9039
245.961475
245.967675
246.198875
246.21905
246.593075
246.6283
246.638075
246.654975
246.98795
247.00475
247.028525
247.15365
247.2112
247.22765
247.23585
247.239
247.248225
247.2705
247.3005
247.411725
247.612675
247.6635
247.687975
247.70585
247.727625
247.931575
247.95675
248.09605
248.34365
248.775725
248.82165
248.8719
248.8983
249.107425
249.484425
249.581875
249.58735
249.593475
249.59665
249.60595
249.6102
249.61545
249.6226
249.641675
249.65355
249.677825
249.921075
250.03345
250.2642
250.60525
250.65705
250.732575
250.967525
251.2147
251.2997
251.32805
251.33765
251.345425
251.35855
251.3752
251.6317
251.648625
251.66475
251.762575
251.79685
252.020025
252.3631
252.40885
252.47095
252.579425
252.666125
252.827075
252.871725
252.9519
253.4259
253.469475
253.5198
253.584625
253.711125
253.82605
253.989125
254.18005
254.184925
254.3109
254.433125
254.635675
254.645175
254.65035
254.651575
254.656025
254.66005
254.66365
254.670725
254.68135
254.687075
254.82815
254.855275
254.8661
255.082025
255.340225
255.41855
255.431
255.955525
256.258425
256.375725
256.383125
256.387325
256.39255
256.402525
256.4196
257.107375
257.1682
257.372725
257.44195
257.4874
257.75035
257.888625
257.9226
258.13045
258.19445
258.233325
258.304325
258.342625
258.366275
258.413025
258.727175
258.752575
258.778575
258.93785
259.224075
259.2377
259.244575
259.249475
259.256575
259.26645
259.284125
259.516425
259.74
259.878175
259.9302
260.011
260.33895
260.604325
260.6223
260.832425
261.0014
261.063325
261.103625
261.50075
261.85525
262.10165
262.354275
262.3877
262.672325
262.676625
262.6789
262.683425
262.68595
262.68945
262.6973
262.717025
263.284475
263.337425
263.357925
263.365925
263.373575
263.408975
264.0931
264.126875
264.21895
264.550325
264.872225
264.885175
264.9027
265.081875
265.2044
265.24505
265.45425
265.469525
265.477225
265.483775
265.4982
265.743375
265.824125
265.8351
266.1631
266.190325
266.277175
266.45665
266.48415
266.488925
266.492125
266.4956
266.498675
266.502725
266.5399
266.891825
267.2523
267.26055
267.264275
267.2757
267.287075
267.2987
267.525225
267.749425
267.76905
268.0312
268.04655
268.053875
268.05685
268.06185
268.070725
268.084625
268.2086
268.229225
268.2491
268.790225
268.918925
268.96395
269.4733
269.50375
269.8631
269.913875
270.059575
270.102675
270.26475
270.3388
270.603025
270.851225
270.970225
271.468425
271.67245
271.6854
271.689525
271.71305
271.732575
271.946
272.318725
272.4817
272.51425
272.71005
272.81005
272.831675
272.8562
273.075825
273.6444
273.685725
273.697675
273.76845
274.0652
274.4753
274.61435
274.628
274.641925
274.97835
275.00735
275.031525
275.278825
275.29305
275.312625
275.322025
275.330975
275.347575
275.368725
275.37885
275.67305
275.68895
275.71305
275.71815
275.736575
275.7443
275.7785
275.78955
275.92205
275.961725
276.01715
276.031575
276.043525
276.066075
276.096275
276.45835
276.4811
276.504275
276.536825
276.637325
276.66065
276.69045
276.721675
276.7846
276.810125
276.90475
277.023175
277.057775
277.11935
277.12755
277.137525
277.1503
277.19455
277.22475
277.2403
277.278075
277.432875
277.522525
277.545475
277.591425
277.6436
277.7615
277.800825
278.011725
278.020475
278.026775
278.03175
278.039625
278.049675
278.070275
278.085825
278.11245
278.3075
278.3237
278.3269
278.33895
278.365775
278.4665
278.484225
278.53655
278.585175
278.712975
278.73625
278.7471
278.8672
278.884875
278.898575
278.958875
279.2266
279.289625
279.48975
279.5234
279.8518
280.1621
280.19
280.233725
280.26125
280.56175
280.600525
280.7771
280.78805
280.8
280.8137
280.83885
281.120225
281.137175
281.1724
281.86285
282.236825
282.26395
282.38975
282.497925
282.685925
282.783
283.087125
283.227225
283.238325
283.246775
283.56405
283.57695
283.58975
283.6133
283.694275
283.871675
283.969025
284.025875
284.485825
284.494875
284.583375
284.615525
284.638125
285.000875
285.022475
285.05235
285.28415
285.3872
285.64825
285.6791
285.70565
285.72815
286.022125
286.14055
286.28185
286.335725
286.352525
286.368
286.3859
286.487575
286.625375
286.771375
286.77825
286.780925
286.78175
286.785025
286.808125
286.84845
286.93735
287.247
287.26195
287.280875
287.29325
287.468275
287.4945
287.85495
287.908
287.936175
287.954475
288.4702
288.660925
288.671975
288.7019
289.057
289.170925
289.3315
289.500625
289.600525
289.93375
290.3835
290.6376
290.801025
290.821625
291.1501
291.338
291.394675
291.4925
291.70535
292.025375
292.13915
292.17985
292.291275
292.33125
292.36755
292.531125
292.556075
292.57685
292.76535
292.823925
293.0534
293.100875
293.21585
293.406
293.482725
293.508475
293.5914
293.654675
293.765525
293.8462
293.892875
293.9907
294.03455
294.1462
294.304275
294.50745
294.544825
294.7321
294.78185
294.83535
294.895875
294.97525
295.0157
295.0706
295.138675
295.1543
295.162625
295.237075
295.32925
295.683225
295.702675
295.742425
295.8178
295.88505
295.9306
296.0749
296.1593
296.3346
296.35745
296.559275
296.6159
296.663125
296.81715
296.88225
296.918625
296.9501
296.982975
297.125675
297.1421
297.194775
297.309525
297.337775
297.484825
297.5326
297.5542
297.63615
297.715025
297.841475
297.87905
297.925625
298.0308
298.05205
298.06055
298.0746
298.15745
298.45455
298.498175
298.510075
298.528225
298.5516
298.706225
298.7152
298.74375
299.03185
299.04495
299.05865
299.41165
299.46715
299.623375
299.929875
299.9473
300.041575
300.0495
300.070425
300.09195
300.13805
300.1561
300.390225
300.9292
300.955275
300.97015
300.99765
301.036175
301.04945
301.212225
301.3043
301.376525
302.025975
302.463525
302.4968
302.73395
302.792875
303.0732
303.08485
303.09525
303.118275
303.129475
304.22905
304.282775
304.3532
304.503975
304.669725
304.919525
304.9426
304.94885
304.956175
304.968225
304.986425
305.316075
305.3619
305.3745
305.40685
305.50555
305.72525
305.83075
306.00185
306.043
306.0474
306.0576
306.7191
306.8954
307.014775
307.064475
307.107825
307.12005
307.23235
307.2406
307.251375
307.52675
307.581275
307.7572
307.8466
308.021675
308.159175
308.831075
309.169375
309.302025
309.337575
309.61265
309.653675
309.671125
309.69455
309.7177
309.99355
310.23745
310.463
310.471325
310.4756
310.489025
310.492325
310.989925
310.99585
311.002925
311.0059
311.014375
311.060675
311.134825
311.287375
311.322475
311.4463
311.47215
311.8226
311.9594
312.0002
312.124575
312.185175
312.248325
312.263825
312.334575
312.578425
312.5868
312.598725
312.6153
312.64285
312.7514
312.886775
312.937175
312.949775
312.9785
313.00845
313.22595
313.287275
313.37415
313.3931
313.4096
313.7519
313.92775
313.960925
314.237325
314.33175
314.3558
314.500125
314.516
314.914025
314.94395
314.9755
315.267225
315.33265
315.370225
315.568175
315.775575
316.82385
316.85115
316.86955
316.897625
316.928575
316.93895
317.020825
317.4305
317.76415
317.954775
318.705575
318.893
318.96145
318.996775
319.076575
319.087275
319.1536
319.1843
319.321675
319.458475
319.530125
319.7368
319.75245
319.77035
319.7985
319.83865
319.860025
320.227575
320.27615
320.5869
320.6249
320.954275
321.0016
321.262575
321.283925
321.333825
321.388975
321.40705
321.656625
321.757975
321.7811
321.7999
322.104525
322.2115
322.223325
322.46935
322.844325
322.854375
322.866775
323.3311
324.032625
324.3774
324.4512
324.90945
325.5478
325.6037
325.941925
325.993875
326.1055
326.11885
326.209125
326.501775
326.63355
326.64435
326.70345
326.84045
326.90995
327.144975
327.521975
327.5733
327.764
327.977075
327.99735
328.1037
328.12975
328.141025
328.32835
328.37355
328.437125
328.476925
328.758425
328.80615
328.84265
329.1691
329.250225
329.704275
329.7141
329.72125
329.72845
329.73385
329.7406
329.7476
329.756575
329.771275
329.7757
329.78835
329.928725
330.288775
330.3094
330.553725
330.797875
330.98755
331.115225
331.544775
331.8925
332.44505
332.6825
332.929275
333.076525
333.098525
333.131625
333.195475
333.728575
333.764175
333.9641
334.002725
334.0908
334.46915
334.52565
334.5692
334.774975
334.7847
334.79065
334.7933
334.796275
334.7985
334.803775
334.807725
334.8383
335.022
335.08665
335.224225
335.27555
335.29205
335.302625
335.32645
335.3876
335.4453
335.567925
335.636975
335.697325
335.98125
336.006825
336.0296
336.04965
336.268
336.3415
336.36145
336.37835
336.4111
336.436875
336.44585
336.458975
336.641
336.8391
336.8726
336.9097
336.9337
336.96725
337.137325
337.15115
337.18025
337.3671
337.550125
337.72015
337.840025
337.89495
337.900675
337.908225
337.914825
338.133475
338.151875
338.61455
338.8267
338.908525
338.969225
339.006
339.44245
339.487225
339.7309
339.944825
340.056575
340.066275
340.427875
340.438525
340.446
340.44955
340.454425
340.460925
340.877725
340.932325
341.064275
341.2137
341.535275
341.6666
341.838975
342.0607
342.1511
342.210525
342.267175
342.3954
342.51895
342.763725
342.955025
343.2885
343.31025
343.392425
343.708025
343.816025
343.840375
343.866275
343.886775
344.104725
344.126425
344.240825
344.244675
344.2511
344.744975
344.778325
344.94485
345.082575
345.27595
345.3144
345.468
346.246075
346.464
346.646725
347.092525
347.187975
347.27435
347.497925
347.7718
347.85465
347.8833
348.0165
348.037525
348.16475
348.442275
348.8212
349.156525
349.2079
349.54515
349.612925
349.6369
350.5059
350.86785
350.884725
350.91415
351.155525
351.17375
351.207625
351.2314
351.257475
351.315575
351.535025
351.66945
351.846575
351.852925
351.866875
351.897725
352.189875
352.480975
352.495075
352.527075
352.5403
352.5792
352.668875
352.90475
352.961525
352.99215
353.08535
353.325525
353.77385
353.842925
354.045925
354.109825
354.136325
354.182525
354.46045
354.511275
354.531375
355.009075
355.1287
355.31745
355.34455
355.71605
355.725075
355.726425
355.736175
355.738775
355.741575
355.750025
355.760225
355.9282
355.9386
356.375825
356.848925
356.95745
357.0473
357.17755
357.20375
357.45055
357.534175
357.752025
357.826275
357.940675
358.067875
358.1056
358.117375
358.438875
358.4615
358.4705
358.474925
358.481425
358.487175
358.49575
358.512725
358.6088
358.6509
358.7726
358.887875
358.9096
358.928625
358.969325
359.158925
359.195875
359.23205
359.2685
359.304475
359.525675
359.55155
359.56115
359.566025
359.57555
359.8947
359.9011
359.9059
359.908425
359.91325
359.9168
359.920825
359.94445
360.174275
360.20995
360.226075
360.24955
360.299425
360.645825
360.6633
360.68475
360.804675
360.82405
360.869775
360.879425
360.89125
361.0996
361.1608
361.1755
361.19505
361.374975
362.20965
362.2745
362.2993
362.834625
363.311875
363.425225
363.433975
363.449625
363.523875
363.57885
363.6692
363.689275
364.192625
364.466025
364.713375
364.7404
364.765125
364.875975
365.00595
365.0708
365.2121
365.266475
365.5017
365.570925
365.617475
365.918825
366.0599
366.256325
366.7988
366.881725
366.96095
367.071475
367.606575
367.778425
367.8534
368.035375
368.2409
368.2877
368.3351
368.421425
368.450225
368.46535
368.715975
368.74765
368.79535
368.80465
368.81095
368.815175
368.833525
368.928475
369.05575
369.212925
369.229425
369.239975
369.25925
369.545875
369.5886
369.635975
369.886675
370.366925
370.393425
370.41965
370.430325
370.438625
370.563225
370.689375
370.8363
370.849475
370.85825
370.982525
371.215
371.76285
372.04165
372.0864
372.123475
372.148175
372.29355
372.412675
372.450375
372.6349
372.647925
372.86965
372.956075
373.253325
373.334875
373.350475
373.416075
373.480225
373.83795
374.142375
374.167975
374.2167
374.576525
374.5808
374.670225
374.751025
374.81155
375.184075
375.3731
375.436325
375.5487
375.5609
375.5667
375.590325
375.666025
375.71115
375.772025
375.874725
375.90205
375.9635
376.042875
376.274275
376.31395
376.3178
376.359825
376.676275
376.713
376.74295
376.90865
377.039425
377.040925
377.1453
377.188025
377.4002
377.4881
377.506375
377.531325
377.58425
377.645575
377.686375
377.703425
377.7276
377.90845
377.956475
378.056525
378.11485
378.26355
378.284875
378.292025
378.327025
378.381525
378.614375
378.62255
378.627275
378.637325
378.85635
378.893475
378.903625
379.605425
379.69665
379.91175
379.935775
379.9499
379.969275
380.36435
380.3929
380.404925
380.62035
380.6423
380.6749
380.8806
380.94975
381.19845
381.773475
381.8094
382.11495
382.831225
382.8949
383.259925
383.552175
383.58385
383.601275
384.110025
384.67455
384.70085
384.745675
384.819175
384.8379
385.346075
385.360475
385.4844
385.61705
385.8422
385.9071
385.95145
385.9793
386.19165
386.321275
386.37085
386.6941
386.7214
386.80345
387.169575
387.171325
387.177
387.1927
387.21325
387.40165
387.5007
387.556525
387.663275
387.896025
387.918525
387.95435
388.08355
388.104825
388.147225
388.3626
388.615875
388.647325
388.770875
388.882725
388.9201
388.97215
389.1767
389.2523
389.385825
389.42695
389.5881
389.63365
389.745625
390.142725
390.228825
390.31405
390.333
390.353125
390.43475
390.670825
390.6955
390.71395
390.91305
390.993275
391.01915
391.034175
391.047125
391.0694
391.292675
391.4154
391.439875
391.6115
391.752625
391.955
392.1883
392.229025
392.716175
392.7774
392.844775
392.964325
393.014275
393.161575
393.306225
393.685425
393.72695
394.10775
394.3126
394.62355
394.6927
394.759675
395.009375
395.04555
395.15675
395.19955
395.289225
395.364775
395.56175
395.6994
395.74095
396.088625
396.131375
396.58845
396.604725
396.619675
396.639025
396.670425
396.77215
396.8029
396.845975
396.91065
396.929425
397.0247
397.050075
397.05835
397.066975
397.09455
397.4636
397.608475
397.6751
397.9681
397.998775
398.1321
398.21945
398.487425
398.5318
398.5941
398.865725
399.4231
399.456775
399.60915
399.730575
399.88935
399.955875
399.997525
400.150625
400.282775
400.370675
400.50585
400.6802
400.781125
400.807675
400.870325
401.0136
401.24975
401.51905
401.564125
401.679225
401.8121
401.87395
401.90555
401.9411
402.0204
402.1005
402.182725
402.46575
402.5955
402.678475
402.730725
403.005975
403.015575
403.17435
403.447175
403.531875
403.562325
404.055575
404.062975
404.3294
404.346775
404.353425
404.360075
404.420975
404.68245
404.948925
404.97015
405.2499
405.39575
405.466925
405.856325
406.144275
406.19735
406.577775
406.792575
407.044175
407.3493
407.496275
407.61065
407.7504
407.9689
408.022
408.12055
408.338675
408.42575
408.51255
408.5865
408.63525
408.9599
409.0005
409.720775
409.90325
409.995375
410.267375
410.342425
410.39995
410.42255
410.842475
410.873975
410.910725
410.946875
410.970275
411.014725
411.036725
411.211625
411.334075
411.461125
411.532825
411.69775
411.8167
412.09815
412.134275
412.19965
412.22455
412.3675
412.57335
412.59625
412.61755
412.63205
412.639625
412.6459
412.647375
412.6715
412.7067
412.827175
412.874525
412.89835
413.05965
413.070275
413.140725
413.199675
413.3827
413.444975
413.541975
413.72205
413.778325
413.872575
413.98505
414.1544
414.404875
414.51995
414.54455
414.55395
414.6907
414.8321
414.9527
415.0841
415.105775
415.128275
415.15495
415.31
415.856975
416.164375
416.370975
416.572375
416.66275
416.828325
417.0817
417.404625
417.4756
417.774525
417.8749
417.90045
418.089575
418.096225
418.101225
418.549875
419.1449
419.1804
419.2558
419.314025
419.386925
419.44755
419.519175
419.542975
419.5602
420.124375
420.139225
420.172775
420.187025
420.271775
420.3209
420.6719
420.760025
420.779875
420.991975
421.203025
421.31235
421.33425
421.410375
421.46255
421.492025
421.678
421.68545
421.688575
421.6931
421.697575
421.740925
422.018575
422.04685
422.14195
422.173325
422.452725
422.458925
422.46415
422.47005
422.475425
422.4952
422.770075
422.814075
422.89625
422.9346
423.17575
423.17735
423.18595
423.193825
423.220925
423.311675
423.482525
423.544675
423.6403
423.92265
423.971275
423.98985
424.09325
424.1484
424.311475
424.3627
424.653275
424.685475
424.718925
425.118125
425.132525
425.1781
425.312525
425.381675
425.4128
425.48015
425.690725
425.90195
426.247825
426.308225
426.371375
426.419025
426.43495
426.446625
426.479025
426.559575
426.84025
426.8835
427.1925
427.27425
427.292925
427.777
427.80355
427.820825
427.853325
427.879475
428.148775
428.324225
428.35515
428.381925
428.607675
428.667375
428.797275
428.881725
429.194125
429.304325
429.6032
429.636975
429.67135
430.2118
430.2234
430.228425
430.23985
430.24855
430.569825
431.30535
431.36095
431.38675
431.4282
431.738625
431.9011
431.920875
432.085775
432.08725
432.2613
432.310875
432.64945
432.725625
432.89045
432.9999
433.021525
433.027675
433.197325
433.2827
433.3001
433.323725
433.413325
433.449725
433.45625
433.46125
433.47125
433.5278
433.5496
433.5704
433.607275
433.6174
433.6216
433.6359
433.722175
433.7877
433.804325
433.868575
434.274175
434.2827
434.28555
434.2894
434.291775
434.2938
434.296025
434.2996
434.301675
434.307725
434.32155
434.527325
434.650675
434.820975
435.06055
435.3577
435.491125
435.711275
435.76775
436.45795
436.552175
436.746425
436.83125
436.8372
436.839925
436.8427
436.84565
436.849625
436.853025
436.85875
436.86195
437.40625
437.6852
438.0129
438.05555
438.10115
438.15835
438.17035
438.1853
438.392175
438.42835
438.44885
438.711425
438.790925
438.833575
439.131125
439.176575
439.498375
439.632075
439.651125
440.3576
440.382275
440.596275
440.793425
440.8852
440.890325
440.89485
440.89965
440.901125
440.903
440.911575
440.927775
441.35825
441.374975
441.39665
441.762475
441.76685
441.7695
441.771675
441.77435
441.77715
441.779775
441.784725
441.7883
441.79365
441.80125
442.05945
442.094225
442.3216
442.781325
442.87845
442.96625
443.451575
443.471175
443.477425
443.49855
443.8388
443.8594
443.88965
443.909825
443.96215
444.339175
444.363875
444.797175
445.16385
445.53945
446.0517
446.208675
446.24815
446.356775
446.507625
446.7789
447.059775
447.174525
447.198925
447.220875
447.3494
447.3769
447.44025
447.55065
447.887825
447.926775
447.996525
448.3953
448.43305
448.480425
448.49075
448.8146
448.8662
448.878275
448.9084
449.2713
449.336525
449.33935
449.3743
449.6627
449.700425
449.70915
449.71395
449.736975
449.784575
450.202775
450.2374
450.25245
450.298575
450.672575
450.853625
450.8973
450.9612
451.0207
451.026825
451.040475
451.425325
451.676475
452.0107
452.0323
452.05495
452.1601
452.496175
452.69565
452.857575
452.913325
452.988475
453.047175
453.118775
453.202475
453.300025
453.527175
453.623125
453.663275
453.73135
453.76265
453.786475
453.83035
453.86555
453.886575
453.966625
454.0081
454.083025
454.118225
454.15385
454.202825
454.221
454.232425
454.242775
454.2495
454.404075
454.5198
454.583375
454.637575
454.64305
454.648875
454.66955
454.7125
454.759825
454.857825
455.068975
455.141525
455.1927
455.2231
455.257625
455.35165
455.451975
455.518475
455.605425
455.642025
455.789625
455.811875
455.863175
455.909925
456.0683
456.25325
456.3003
456.353625
456.3805
456.39545
456.42795
456.4627
456.4936
456.52885
456.6015
456.6463
456.722975
456.83845
456.84655
457.021775
457.20305
457.257475
457.3426
457.384475
457.425
457.4587
457.49795
457.5573
457.607625
457.67755
457.728025
457.834075
457.86485
458.044325
458.140575
458.17155
458.217975
458.31885
458.383125
458.4186
458.434725
458.447
458.471025
458.512575
458.5538
458.563775
458.646925
458.668775
458.6811
458.72165
458.8079
458.822575
458.922225
458.9421
458.9584
459.0813
459.251725
459.312625
459.403175
459.4125
459.5028
459.53165
459.600825
459.6617
459.73595
459.796525
459.865475
459.8976
460.1671
460.210575
460.313025
460.364225
460.400775
460.43445
460.47745
460.49425
460.5689
460.66355
460.680675
460.710525
460.7578
461.017225
461.063875
461.302925
461.43505
461.7498
461.7727
461.789775
461.864425
461.9084
462.1051
462.234175
462.5478
462.567775
462.58005
462.59925
462.706675
462.718175
462.723175
462.7489
462.783375
463.020525
463.3103
463.95965
464.124725
464.192025
464.2116
464.234575
464.48705
464.562925
464.7162
464.783425
464.864475
465.0249
465.04685
465.093225
465.35935
465.7337
465.7924
466.0251
466.1752
466.26125
466.286125
466.305025
466.393825
466.415775
466.430675
466.43975
466.4555
466.706475
466.746425
466.764125
466.8238
467.064675
467.28885
467.300225
467.312275
467.46465
467.536225
467.795325
467.858725
467.864675
467.869775
467.8729
467.875725
467.883175
467.8901
468.163975
468.178975
468.2029
468.2071
468.21845
468.2325
468.655325
468.708975
468.7432
469.031025
469.066075
469.24445
469.295075
469.403225
469.52285
469.557375
469.580675
469.758775
469.821025
469.84865
469.988325
470.057925
470.13005
470.370475
470.494425
470.8292
471.321425
471.479
471.559975
471.73965
471.9348
471.9559
472.27055
472.354375
472.377825
472.549075
472.65885
473.092625
473.15885
473.196025
473.3122
473.348975
473.411575
473.51485
473.6419
473.667725
473.690275
473.696875
473.7388
473.775225
473.911325
473.929025
473.9907
474.002725
474.033825
474.0888
474.109125
474.12025
474.1319
474.188675
474.228575
474.2525
474.298925
474.31995
474.328325
474.612125
474.6215
474.62545
474.629525
474.641075
474.687425
474.817025
474.870625
475.089975
475.26055
475.266825
475.28505
475.291875
475.2928
475.305475
475.447875
475.45275
475.455675
475.47735
475.62175
475.794025
476.131525
476.759125
477.243825
477.98695
478.00285
478.347875
478.414075
479.109725
479.247275
479.37735
479.6273
479.646675
479.724975
479.877225
479.8918
480.134375
480.170125
480.18445
480.2012
480.214025
480.53215
480.551075
480.642325
480.967375
480.976925
481.025975
481.51935
481.569675
481.582125
481.599475
481.925725
481.9436
481.951675
481.973375
481.9904
482.0278
482.2303
482.32585
482.348575
482.386225
482.51345
482.581825
482.741275
482.827475
483.064025
483.150275
483.220075
483.2901
483.378025
483.4698
483.645625
483.7459
483.846325
484.063
484.139775
484.212525
484.25
484.28705
484.426675
484.502925
484.573225
485.1455
485.167875
485.268875
485.296675
485.408425
485.42835
485.4691
485.526925
485.531375
485.53675
485.539825
485.7451
485.77745
485.80955
485.83885
485.9123
485.94225
485.993275
486.06365
486.127125
486.297
486.337625
486.364025
486.608475
486.61495
486.636675
486.6577
486.774125
486.783725
486.790475
486.834725
486.87545
486.946025
487.007975
487.03395
487.086075
487.1444
487.348525
487.358775
487.37
487.495575
487.617825
487.637575
487.686325
487.8571
487.94605
488.225375
488.370025
488.44935
488.463675
488.508475
488.722425
488.752625
489.016475
489.2913
489.8027
489.83415
489.84355
489.854725
489.87515
489.891725
490.14655
490.157475
490.170925
490.1996
490.3675
490.3758
490.3819
490.391325
490.560925
490.892875
491.020475
491.454025
491.4683
491.472225
491.476
491.68
491.7767
491.78955
491.7951
491.800875
491.8129
491.83345
491.8388
492.04115
492.13085
492.16575
492.209475
492.44035
492.588275
492.668725
492.706375
492.7318
492.73305
492.774425
493.136175
493.25565
493.269
493.5266
493.545725
493.556775
493.569875
493.614325
493.659075
493.898975
493.919575
493.927675
493.94405
493.96395
493.99315
494.32875
494.33105
494.33805
494.34685
494.36525
494.387225
494.687825
494.78245
494.808375
494.84635
494.876775
494.9312
495.440275
495.48825
495.5185
495.899175
495.901025
495.921725
495.945225
495.95805
495.975925
496.0171
496.3921
496.421775
496.434575
496.46045
496.473175
496.5184
496.6001
496.62985
496.7575
496.83835
496.9877
497.1929
497.208025
497.214375
497.242575
497.256175
497.293225
497.71405
497.739125
497.773175
497.8121
498.18955
498.206825
498.21455
498.226475
498.232425
498.238825
498.302275
498.600575
498.612025
498.6193
498.626425
498.65575
498.699525
498.747525
498.770875
498.809775
498.842825
499.216225
499.224275
499.25105
499.285525
499.321125
499.747125
499.79985
499.809075
499.818625
499.82945
499.85385
500.108725
500.266325
500.30485
500.418675
500.72665
500.815325
500.8351
500.8452
500.865125
501.056725
501.06785
501.08785
501.1204
501.2027
501.58645
501.59725
501.607075
501.640475
501.768075
501.828575
502.150325
502.449325
503.31715
503.450375
503.472025
503.572825
503.930875
503.9497
503.966625
503.984275
503.996525
504.03355
504.148975
504.2438
504.3128
504.386625
504.567975
504.631275
504.8512
505.116575
505.161925
505.17565
505.188175
505.5322
505.567225
505.597025
505.647875
505.69415
505.801575
505.998475
506.09605
506.203725
506.39595
506.53295
506.602
506.725675
506.892225
506.96705
507.265925
507.2795
507.294475
507.31755
507.3757
507.646
507.651025
507.6575
508.134325
508.16675
508.2068
508.23575
508.400625
508.690525
508.710025
508.7205
508.73305
509.09215
509.298925
509.3757
509.892475
510.183175
510.19475
510.2099
510.43005
510.510225
510.65815
510.781025
510.8303
510.987325
511.3792
511.50245
511.723025
511.78135
511.861325
512.052925
512.06525
512.1204
512.157425
512.24695
512.2822
512.6572
512.67115
512.784375
512.952625
512.9897
513.03355
513.051475
513.22705
513.236775
513.240825
513.248975
513.252225
513.257075
513.26825
513.60235
513.61385
513.6249
513.63155
513.64045
513.6591
513.73855
514.06605
514.2958
514.662925
514.67485
514.68255
514.690775
514.695375
514.703325
514.719225
514.83985
514.85365
514.86295
514.873175
514.882675
514.892275
515.2137
515.626175
515.6378
515.648
515.66475
515.677625
515.6922
515.699
515.7186
515.907225
516.61305
517.093875
517.456925
517.83035
517.8855
517.924125
517.933
517.945575
517.9533
517.9646
517.97205
517.983725
518.326475
518.364175
518.37715
518.404575
518.429325
518.642525
518.923575
518.963125
518.99715
519.08775
519.39815
519.408675
519.416175
519.47385
519.78995
520.129475
520.38045
520.57035
520.750375
520.8118
520.837275
521.008
521.26715
521.2769
521.42245
521.5252
521.5831
521.881425
521.98645
521.995125
522.008475
522.11795
522.1916
522.3378
522.40995
522.482825
522.557275
522.616075
522.6753
522.7185
522.7608
522.935275
522.955075
522.98015
523.0185
523.103875
523.368325
523.384875
523.397125
523.4038
523.41015
523.430525
523.530725
523.551275
523.564425
523.593325
523.644175
523.70725
523.743375
523.831525
523.85405
523.93165
524.213675
524.281825
524.2941
524.307025
524.60145
524.63365
524.6681
525.07325
525.203975
525.21895
525.229
525.2518
525.394925
525.404175
525.60905
525.62545
525.810325
525.83645
525.95475
526.031475
526.1547
526.204625
526.8778
527.018525
527.0959
527.109075
527.17155
527.3051
527.340975
527.398425
527.5718
527.604925
527.726575
527.808475
527.924925
527.9406
527.959725
528.236375
528.26965
528.348775
528.395875
528.440025
528.457
528.4698
528.5304
528.545425
528.594025
528.615225
528.622775
528.6685
528.9169
528.92225
528.933175
528.94325
529.036675
529.080825
529.1341
529.16015
529.381225
529.40265
529.83815
529.85785
530.149675
530.199075
530.46505
530.494175
530.73405
530.801975
530.9525
531.068
531.07535
531.082225
531.0925
531.099925
531.122125
531.141525
531.269825
531.493975
531.508225
531.5403
531.5603
531.91085
532.119575
532.15055
532.230375
532.411875
532.7405
532.766875
532.856625
533.0421
533.30005
533.736325
533.7636
533.777675
533.886325
533.8938
533.898
533.901975
533.905875
533.9084
533.9197
533.923
533.92835
533.931475
533.934975
533.944475
534.08895
534.103325
534.3322
534.47355
534.722875
534.754925
534.7701
534.9922
535.07095
535.16195
535.220625
535.346575
535.38655
535.8429
535.912375
535.9619
536.014925
536.038375
536.439575
536.60465
536.8037
536.87225
536.882375
536.89065
536.89455
536.906575
536.9792
537.186175
537.192325
537.199425
537.202725
537.206025
537.20835
537.210725
537.213725
537.21685
537.2322
537.244075
537.26165
537.40395
537.481325
537.52235
537.531225
537.5407
537.550275
537.67855
537.68595
537.692475
537.700225
537.7219
537.7739
537.866425
537.900925
538.180675
538.1968
538.213275
538.3787
538.396925
538.40815
538.561425
538.80885
539.2011
539.57495
539.5875
539.59175
539.597975
539.60635
540.028075
540.031525
540.0363
540.050125
540.05495
540.236875
540.302375
540.357625
540.36025
540.37205
540.40275
540.6314
540.638
540.6418
540.645725
540.659775
540.672825
540.692425
540.8194
541.03255
541.093275
541.16435
541.230775
541.342125
541.46595
541.6023
541.791825
542.328425
542.832575
542.870775
543.423775
543.70535
543.716675
543.720325
543.724875
543.727
543.7351
543.7439
544.077875
544.098875
544.397825
544.430375
544.458425
544.487625
544.67185
544.77045
545.02655
545.0378
545.045425
545.061375
545.3501
545.3846
545.38895
545.394125
545.39575
545.3977
545.398825
545.4018
545.4051
545.424525
545.641075
545.65095
545.6693
545.856775
545.89615
545.969725
546.4114
546.499225
546.696075
546.777025
546.912475
547.035125
547.075625
547.137975
547.325125
547.5325
547.565575
547.57765
547.63485
547.80815
547.9298
547.965975
547.973875
547.9867
548.02015
548.208375
548.251775
548.3462
548.3519
548.35455
548.355275
548.443475
548.60125
548.632725
548.9622
549.038125
549.055725
549.0843
549.113875
549.45845
549.50225
549.51235
549.52195
549.545625
549.57835
549.59845
549.667375
549.75165
549.765225
549.827725
549.8684
549.963025
550.194375
550.23715
550.50905
550.5299
550.5495
550.570125
550.94955
550.96185
550.9727
550.9905
551.17505
551.19405
551.217875
551.25815
551.52445
551.56215
551.875875
551.958925
552.050075
552.1459
552.1801
552.28425
552.326525
552.40475
552.489425
552.654375
552.81795
552.874125
552.933475
553.00545
553.091225
553.319575
553.391675
553.653775
553.91485
554.08425
554.12715
554.3793
554.393525
554.412625
554.4195
554.598525
554.6205
554.7281
554.86795
554.8939
555.033625
555.4005
555.654175
555.75595
555.8344
555.985775
556.069275
556.27435
556.469375
556.504375
556.597725
556.61055
556.613725
556.62815
556.68575
556.8903
556.9184
556.9308
557.280625
557.30625
557.323975
557.3314
557.3344
557.5122
557.8836
557.94395
558.085075
558.251275
558.3346
558.3636
558.42815
558.519275
558.658675
558.672125
558.89005
558.89895
558.917425
558.988175
559.162475
559.17165
559.188525
559.5138
559.54375
559.573675
559.760825
559.947175
559.99145
560.170975
560.35775
560.379625
560.381425
560.879
560.993875
561.193925
561.2899
561.29895
561.335825
561.575925
561.7328
561.830125
561.898625
561.9658
561.9905
562.09495
562.136625
562.1738
562.198625
562.252875
562.2749
562.291525
562.3153
562.36685
562.420925
562.8098
562.8182
562.82315
562.966275
563.0081
563.073575
563.320425
563.34645
563.39965
563.454875
563.4734
563.59705
564.1128
564.142975
564.17235
564.220775
564.337975
564.44615
564.636875
564.650375
564.65855
564.66515
564.6818
564.70785
565.125275
565.198775
565.53735
565.64295
565.703075
566.044875
566.062975
566.067025
566.07015
566.072075
566.07305
566.0758
566.08345
566.08495
566.087725
566.35165
566.35915
566.368175
566.3768
566.3819
566.3907
566.6585
566.664725
566.66555
566.668975
566.67175
566.6758
566.6793
566.684325
566.690075
566.698175
567.086425
567.508225
567.611525
567.658025
567.9576
568.196475
568.2174
568.2312
568.2484
568.263625
568.70215
568.707
568.708525
568.716125
568.720025
568.734525
568.7481
569.121475
569.12995
569.13795
569.141975
569.14635
569.152675
569.382675
569.570025
569.635075
569.97975
570.0923
570.257975
570.283675
570.289525
570.4429
570.7735
570.87295
570.991975
571.19625
571.2257
571.308025
571.4279
571.448275
571.472675
571.77455
571.791925
571.8073
571.828475
571.8834
572.498525
572.524225
572.541675
572.553425
572.675825
572.969025
572.99875
573.0063
573.0389
573.43995
573.6492
573.672025
573.901675
574.065625
574.13225
574.2341
574.271725
574.334825
574.3911
574.403875
574.4269
574.6116
574.706225
574.749375
574.7816
574.819275
574.838075
574.880675
575.00035
575.031525
575.1049
575.25715
575.329575
575.551175
575.5766
575.631625
575.6704
575.8063
575.9157
575.99805
576.04635
576.112725
576.159525
576.309375
576.457875
576.549875
576.5884
576.6752
576.7076
576.736025
576.834225
576.865075
576.897675
576.9127
576.9242
576.93105
576.954625
577.017975
577.03295
577.075875
577.220475
577.3577
577.584225
577.6788
577.7054
577.727725
577.74745
577.7912
577.8448
577.90295
578.06385
578.132475
578.23015
578.2489
578.289975
578.348875
578.4161
578.584575
578.633175
578.66855
578.7167
578.74185
578.7843
578.840625
578.892
579.181625
579.1985
579.2139
579.240875
579.42265
579.44845
579.521125
579.58905
579.645675
579.7746
579.816325
579.836275
579.862475
579.906025
579.9797
580.05225
580.06205
580.130825
580.188
580.370825
580.392575
580.411575
580.443775
580.46795
580.482225
580.488875
580.5061
580.557
580.6543
580.6826
580.690275
580.70495
580.739925
580.756
580.821675
580.8345
580.842725
581.22865
581.2523
581.27585
581.29965
581.4012
581.4873
581.527525
581.55555
581.96095
581.98725
582.01415
582.167
582.2629
582.8176
583.062025
583.0835
583.108225
583.139
583.16025
583.3571
583.4197
583.493875
583.760675
583.79645
583.864325
584.01905
584.185925
584.238775
584.33685
584.4429
584.53065
584.560975
584.601175
585.0075
585.013775
585.0202
585.0227
585.03045
585.034
585.0381
585.05815
585.24525
585.254525
585.26795
585.274125
585.277075
585.28095
585.2859
585.2913
585.449425
585.70675
585.72185
585.73125
585.74535
585.76165
585.784625
585.834025
585.840725
585.86725
586.179825
586.2788
586.73765
586.762025
586.7813
586.7936
586.79625
586.815325
587.113125
587.12545
587.133625
587.139675
587.1443
587.150325
587.153975
587.1796
587.387125
587.5915
587.689275
587.73215
587.738275
587.742275
587.748625
587.75175
587.753925
587.76125
587.97145
588.078825
588.079625
588.092725
588.09715
588.113075
588.340975
588.36815
588.514875
588.530825
588.54755
588.58015
588.9306
589.001775
589.12285
589.22525
589.243075
589.2468
589.250425
589.255675
589.263575
589.39895
589.668925
589.72735
589.741825
589.87475
590.002425
590.089525
590.153825
590.675275
590.74195
590.760775
590.773375
590.89815
590.999375
591.15135
591.272475
591.29585
591.49315
591.73825
591.780925
591.814575
592.17595
592.282925
592.303275
592.454075
592.586025
592.6273
592.934825
592.94215
592.954725
592.990625
593.026625
593.199775
593.20695
593.21565
593.2198
593.234175
593.24475
593.255275
593.282525
593.45495
593.48585
593.50665
593.6444
593.66165
593.994175
594.028125
594.377625
594.5503
594.57805
594.63985
594.7119
594.75975
594.95645
595.076025
595.109175
595.203225
595.23885
595.2597
595.2845
595.62
595.629575
595.6357
595.641525
595.646825
595.65095
595.657125
595.66245
596.0454
596.058025
596.309325
596.3324
596.649275
596.6609
596.6654
596.66845
596.6686
596.67105
596.674375
596.678925
596.681725
596.6848
596.707125
597.0748
597.0867
597.092775
597.45795
597.467025
597.470325
597.47485
597.478275
597.482075
597.678025
597.774975
597.83145
597.84375
597.84865
597.854825
597.86175
598.097725
598.2329
598.291875
598.3172
598.325925
598.3711
598.5623
598.72525
598.860675
599.2092
599.225625
599.2583
599.295275
599.6666
599.722175
599.814225
599.990775
599.994775
599.998
600.01185
600.024525
600.0418
600.1029
600.36945
600.39685
600.407075
600.426775
600.500325
600.52325
600.6795
600.761675
600.767
600.7819
600.787975
600.79645
600.807025
600.990475
601.035425
601.085575
601.1229
601.33005
601.424075
601.68575
601.718575
601.734675
601.743325
601.75175
601.79145
602.222
602.247325
602.266275
602.28965
602.585325
602.610925
602.6333
602.649225
602.682525
602.792925
602.921
602.950825
602.9643
602.970575
602.98105
603.020875
603.0452
603.269375
603.38205
603.400025
603.403675
603.4115
603.417175
603.4198
603.470775
603.782475
603.793625
603.79995
603.8086
603.854325
603.876175
604.146625
604.156825
604.163225
604.16955
604.181275
604.1883
604.20835
604.462125
604.4821
604.487925
604.5457
604.766875
604.8077
604.854425
604.892
604.896775
604.89795
604.900425
604.903975
604.929525
605.025225
605.302275
605.338475
605.458775
605.699
605.7079
605.7109
605.71445
605.7174
605.7198
605.72305
605.731875
605.816
605.85885
606.324225
606.33065
606.34445
606.70755
606.758825
606.7921
606.834675
606.880325
606.92215
607.0796
607.26945
607.480625
607.625425
607.833375
607.868925
608.042525
608.475275
608.501875
608.527025
608.548925
608.6416
608.652725
608.93185
608.93595
608.947125
608.955225
608.96
608.963775
608.96765
608.983375
609.01265
609.52925
609.7805
609.8358
610.121075
610.1476
610.201125
610.270725
610.282775
610.28925
610.3068
610.5207
610.53215
610.542925
610.54675
610.55675
610.582475
611.0283
611.075325
611.33105
611.335775
611.35455
611.3635
611.378075
611.39795
611.438925
611.467425
611.592975
611.646725
611.82715
612.030575
612.04205
612.05255
612.06795
612.0819
612.10215
612.2892
612.342225
612.3676
612.447425
612.7884
613.004775
613.2961
613.4191
613.557075
613.60245
614.0668
614.0884
614.09815
614.133425
614.51465
614.546675
614.56625
614.615975
614.68155
614.9549
615.00195
615.056925
615.103275
615.231525
615.422
615.556975
615.599325
615.635675
615.93135
616.146075
616.2117
616.242275
616.289475
616.3336
616.66195
616.7142
616.735225
617.032
617.0449
617.0708
617.107225
617.117875
617.535625
617.794575
617.80505
617.90455
617.91255
617.91605
617.9345
618.41315
618.862375
618.8857
619.1484
619.243825
619.27595
619.30405
619.319225
619.3623
619.566175
619.811825
619.838275
619.847275
619.850925
619.854225
619.855575
619.870125
620.34305
620.461975
620.746025
620.770375
620.78235
620.786125
620.79865
620.8932
621.456275
621.466975
621.4736
621.477275
621.490125
621.494675
621.49785
621.6849
621.92985
621.94315
621.958475
621.982025
622.342125
622.3816
622.397225
622.41145
622.8533
622.893725
623.147225
623.56395
623.5929
623.641475
624.128525
624.162725
624.167275
624.185725
624.20075
624.224475
624.597675
624.6682
624.719575
624.7287
624.735725
624.7466
624.90045
624.90685
624.917875
624.9212
624.9262
624.956225
624.982575
625.29125
625.296725
625.31225
625.3149
625.31715
625.32415
625.330725
625.57895
625.597575
625.602825
625.619825
626.069025
626.2624
626.497
626.5147
626.52355
626.53145
626.545075
626.56025
626.806425
626.830875
626.849975
627.191525
627.209625
627.240375
627.26765
627.34135
627.6686
627.692875
627.70435
627.7471
627.94725
627.990775
628.457675
628.577425
629.054325
629.1012
629.2569
629.452275
629.482325
629.783625
630.145425
630.1746
630.1841
630.199525
630.5654
630.5729
630.584825
630.7014
630.868875
630.910925
630.948525
631.1832
631.193425
631.19755
631.202375
631.207725
631.214675
631.605225
631.641025
631.862975
631.9034
632.1751
632.6188
632.6246
632.630475
632.66095
633.080375
633.128175
633.150375
633.471625
633.51335
633.539525
633.957525
633.9973
634.073925
634.52425
634.55525
634.75345
634.755775
634.779275
634.787975
634.8076
635.094625
635.5648
635.735375
635.828725
636.00125
636.0243
636.11385
636.145375
636.181225
636.444325
636.4802
636.5191
636.642475
636.7601
636.8442
636.8963
637.1232
637.241675
637.273
637.4318
637.4935
637.776425
637.89985
637.909625
637.917525
637.92665
637.938
637.95085
637.96305
638.069775
638.13495
638.18705
638.21885
638.245675
638.2931
638.36545
638.4307
638.56165
638.592975
638.677775
638.850225
638.905525
638.96925
638.980575
639.1078
639.16035
639.169625
639.192875
639.381325
639.421375
639.587275
639.687925
639.769175
639.809025
639.84465
639.922025
640.063975
640.473675
640.559
640.81235
640.817975
640.8204
640.825425
640.829075
640.8328
640.83615
640.991825
641.19335
641.200575
641.20755
641.210225
641.221
641.234425
641.532
641.87565
642.1441
642.149525
642.1548
642.15785
642.162125
642.169575
642.459725
642.571375
642.74335
642.8412
643.0313
643.2196
643.27335
643.60785
643.81675
644.105575
644.116675
644.126875
644.13275
644.13805
644.144375
644.149025
644.1643
644.178475
644.312475
644.6358
645.2394
645.258525
645.329875
645.47015
645.481075
645.4832
645.56845
645.575425
645.579425
645.58205
645.586425
645.5926
646.202425
646.384325
646.4473
646.4571
646.564
646.70305
646.895975
646.94605
647.094125
647.204525
647.21085
647.217375
647.23485
647.458125
647.51215
647.5407
647.606175
647.686975
647.792375
648.146175
648.18335
648.52665
648.597725
648.61505
648.666625
649.090825
649.116525
649.131675
649.431725
649.4563
649.485175
649.577625
649.655425
649.68855
649.9387
649.9951
650.058
650.228875
650.27825
650.31815
650.407775
650.44735
650.571725
650.8482
650.921175
651.263975
651.333025
651.4105
651.494325
651.499425
651.5026
651.508075
651.515825
651.697475
651.712025
651.8578
651.9518
652.1847
652.19915
652.214375
652.25235
652.461925
652.636625
652.64555
652.960125
653.01165
653.111875
653.1927
653.2932
653.318525
653.5364
653.789175
654.036925
654.0808
654.1134
654.140275
654.160225
654.3618
654.38305
654.4048
654.420225
654.6078
654.639575
654.785925
654.984525
655.08175
655.0936
655.128325
655.138075
655.355125
655.363625
655.382575
655.421175
655.4659
655.703125
655.71215
655.715575
655.717975
655.719125
655.719975
655.721825
655.7249
655.901225
656.057425
656.080625
656.0942
656.163225
656.204725
656.455375
656.51195
656.53775
656.84335
656.8817
656.892275
656.9188
657.232675
657.256575
657.525275
657.683875
657.7297
657.9039
658.00575
658.16855
658.2968
658.376375
658.480075
658.549375
658.581575
658.583625
658.709225
658.759425
658.88095
658.927425
658.99275
659.0166
659.420175
659.457775
659.5969
659.638825
659.7956
659.8073
659.820375
659.8868
659.905975
659.9605
659.96965
659.97565
660.14575
660.181175
660.1858
660.188575
660.189675
660.192325
660.1973
660.203375
660.23345
660.42
660.477575
660.53925
660.788025
660.847675
660.926375
661.13365
661.527275
661.5422
661.55505
661.66205
661.774725
661.918325
662.232875
662.409525
662.469225
662.504575
662.512
662.51795
662.522675
662.52605
662.53065
662.552075
662.5822
662.62915
662.679675
662.8388
662.89605
662.917025
662.9216
662.92605
662.9376
662.955375
663.02685
663.09165
663.10975
663.149175
663.20095
663.255675
663.400125
663.41705
663.451775
663.490525
663.54915
663.60205
663.710325
663.805475
663.84525
663.8666
663.888775
663.970025
664.031975
664.059125
664.114775
664.15565
664.212
664.341225
664.455575
664.495675
664.5026
664.51025
664.52265
664.6037
664.693325
664.7048
664.71235
664.739375
664.835725
665.016775
665.046675
665.09195
665.12875
665.373325
665.40505
665.4916
665.503325
665.52535
665.5787
665.589425
665.60225
665.61465
665.889575
665.910775
666.47035
666.489975
666.558575
666.5991
666.787225
666.8959
666.9301
667.00345
667.1544
667.22075
667.264925
667.3122
667.3402
667.3784
667.546725
667.62855
667.654175
667.687375
667.7395
667.7692
667.7709
667.8029
667.8101
667.8151
667.822075
667.8267
667.8329
667.8593
667.966875
668.018125
668.0548
668.101275
668.1612
668.224425
668.22515
668.2503
668.302225
668.322625
668.343475
668.373925
668.45045
668.492175
668.5646
668.7359
668.9464
669.0431
669.21455
669.306225
669.341925
669.5846
669.6312
669.644575
669.65525
669.6899
669.920475
669.9321
669.956725
669.964825
669.97655
669.99025
670.047775
670.089875
670.1018
670.186025
670.44855
670.6988
670.72625
670.8255
670.872625
670.8917
670.9432
671.143375
671.1549
671.1703
671.204
671.381325
671.39035
671.47545
671.52215
671.8403
671.889775
671.966825
671.97995
671.994325
672.163075
672.1817
672.26415
672.2849
672.2963
672.32975
672.583975
673.404975
673.506375
673.51125
673.518875
673.5281
673.53875
673.554575
673.7374
673.752475
673.78745
673.8332
673.876475
674.16885
674.416875
674.653575
674.6788
674.868375
675.03355
675.07145
675.122175
675.176375
675.209625
675.75425
675.758
675.766075
675.77335
675.79805
675.9919
676.13825
676.144475
676.15335
676.332325
676.386025
676.45535
676.498975
676.6302
676.78515
676.9445
676.964325
676.988525
677.308475
677.547225
677.94025
677.9783
678.3603
678.524975
678.645225
678.652175
678.66015
678.664
678.66825
678.6724
678.6771
678.6829
678.928975
678.93225
678.936675
678.9392
678.94495
678.9485
678.95225
678.956225
678.9616
678.96785
678.988875
679.288325
679.41065
679.778975
679.839675
679.884475
679.9241
679.9719
679.993175
680.10865
680.275375
680.346875
680.525875
680.818975
680.8237
680.827625
680.8316
680.8339
680.83615
680.838225
680.845275
680.85005
681.203725
681.335975
681.365825
681.6638
681.679575
681.9656
681.9903
682.01525
682.105125
682.44865
682.466475
682.482225
682.494375
682.500175
682.525775
682.8087
682.818725
682.82025
682.82205
682.824525
682.827125
682.831225
682.841325
683.09025
683.1171
683.14005
683.23885
683.453725
683.4978
683.7652
683.78005
683.78505
683.803775
683.813375
683.8273
684.151825
684.1643
684.288325
684.32585
684.4722
684.562975
685.064625
685.365375
685.3806
685.417525
685.4483
685.89185
686.065025
686.170325
686.6035
686.667925
686.744375
686.772475
686.781175
686.90605
687.046275
687.106875
687.320025
687.505475
687.6081
687.649825
687.782975
687.91665
687.963875
688.226
688.24855
688.2894
688.520175
688.656675
688.662325
688.6646
688.668525
688.6905
689.064525
689.071
689.080925
689.087075
689.103625
689.374825
689.409725
689.43595
689.458725
689.7635
689.8007
690.326625
690.34725
690.37205
690.5797
690.59495
690.598075
690.6013
690.609325
690.61385
690.638075
690.889575
690.8985
690.901425
690.907625
690.912925
690.930275
690.942125
690.973375
691.310575
691.323025
691.342325
691.364775
691.371625
691.376725
691.381925
691.688675
691.7333
691.7397
691.7428
691.745875
691.749525
691.7533
691.75915
691.765525
692.1474
692.161725
692.2235
692.514125
692.534625
692.56605
692.6089
692.819075
692.826875
692.836925
692.8524
692.863125
692.87445
693.131
693.168825
693.171475
693.1765
693.17935
693.1823
693.187475
693.1923
693.2136
693.49075
693.504375
693.517675
693.57975
693.59735
693.60495
693.610975
693.617125
693.623125
693.627425
693.6312
693.637625
693.64185
693.65315
693.665425
694.31255
694.367275
694.400325
694.423375
694.75175
694.76395
694.78845
695.05415
695.06025
695.06585
695.0701
695.076425
695.106825
695.5981
695.901875
695.91845
695.9349
695.94265
695.949475
696.054075
696.2656
696.2778
696.286275
696.2968
696.311725
696.3311
696.8724
696.893425
696.908475
696.932575
696.94255
696.954675
696.975025
697.004375
697.112075
697.1247
697.46045
697.4715
697.477825
697.4846
697.496475
697.5257
697.593625
697.646775
697.679075
697.990025
697.99845
698.0039
698.01095
698.032875
698.319125
698.462475
698.49725
698.52405
698.635
699.0063
699.11005
699.21535
699.371975
699.825925
699.9551
700.001225
700.111875
700.1177
700.140025
700.2885
700.33375
700.35305
700.359775
700.3944
700.481225
700.55005
700.65515
700.7265
700.74085
700.7567
700.874925
701.00085
701.017975
701.0844
701.215725
701.222675
701.234275
701.241625
701.24425
701.25275
701.4333
701.603675
701.720725
701.922575
702.018
702.05515
702.08005
702.1322
702.308
702.37605
702.526475
702.6243
702.885225
702.965
702.979525
703.084125
703.095125
703.17095
703.289075
703.465
703.4747
703.5075
703.540425
703.5667
703.705625
703.782425
703.8563
704.28855
704.34545
704.382975
704.393825
704.414875
704.461
704.5189
704.555975
704.650175
704.678675
704.7165
704.930375
705.2707
705.310075
705.4691
705.49385
705.706075
706.242775
706.473425
706.5197
706.7271
706.733225
706.739475
706.7436
706.747225
706.75455
706.92805
707.3535
707.371475
707.498825
707.52395
707.559875
707.62695
707.933525
708.0158
708.43235
708.57245
708.7679
708.77565
708.7873
708.797475
708.812025
708.84055
709.390275
709.60905
710.01445
710.4721
710.615575
710.6405
710.689
710.88625
710.9025
710.908525
710.91875
710.923575
710.97105
711.235625
711.315325
711.366775
711.492775
711.67905
711.948325
711.9946
712.0514
712.236225
712.51245
712.5401
712.573625
712.5918
712.602025
712.627925
712.8266
712.839275
712.992575
713.047175
713.126925
713.3805
713.403325
713.4425
713.461175
713.603125
713.6533
714.1301
714.146625
714.15615
714.168
714.328075
714.3371
714.34275
714.3513
714.357225
714.36405
714.66695
715.09925
715.31415
715.38515
715.3894
715.404125
715.441675
715.680625
715.782075
715.8604
715.876725
715.9012
716.046025
716.078075
716.376575
716.405625
716.66175
716.802025
716.846625
717.058025
717.079725
717.092575
717.108675
717.136175
717.41495
717.46175
717.4891
717.516275
717.552925
717.69855
717.8144
717.858325
717.868075
718.171325
718.1962
718.358375
718.4645
718.487425
718.513975
718.525475
718.535375
718.56945
718.6827
718.7348
718.8064
718.95945
719.1616
719.1692
719.179075
719.19085
719.198425
719.300475
719.319475
719.334
719.612675
719.7099
719.72195
720.10735
720.2342
720.401125
720.41215
720.796725
720.8364
721.233475
721.2514
721.26655
721.27745
721.278175
721.2979
721.30755
721.630475
721.69515
721.9386
721.969025
722.016625
722.217
722.3125
722.372475
722.38765
722.397525
722.40245
722.4142
722.729175
722.790075
723.0168
723.08105
723.590775
723.763925
724.017
724.4646
724.5634
724.64575
724.725175
724.73865
724.749925
725.004575
725.238375
725.4938
725.606125
725.6171
725.6314
725.64225
725.653275
725.89225
725.982775
726.023575
726.313575
726.5232
726.634225
727.147675
727.152975
727.159575
727.1624
727.437275
727.482075
727.538825
727.57415
727.858675
727.8769
727.8913
727.921225
728.265975
728.312725
728.38555
728.39375
728.40165
728.4066
728.4253
728.52145
728.7859
728.92245
728.926275
728.9285
728.93055
728.93285
728.93485
728.940775
728.943975
728.948075
728.952875
728.966
729.347475
729.64435
729.658775
729.669175
729.672425
729.6773
729.752175
729.889225
729.955525
729.9919
730.042975
730.3773
730.383775
730.400075
730.497575
730.514625
730.7045
730.761325
730.780725
731.070825
731.113925
731.47535
731.5301
731.892
732.260575
732.265075
732.2837
732.44675
732.5001
732.656875
732.668775
732.9346
733.009725
733.237975
733.316975
733.459775
733.5359
733.674025
733.715225
733.8739
734.099725
734.309925
734.55215
734.569325
734.595625
734.6334
734.68915
734.702775
734.830425
734.88985
735.1049
735.4898
735.516075
735.531575
735.546975
735.7425
735.74345
735.989375
736.000775
736.030925
736.09565
736.3821
736.389525
736.396125
736.404975
736.4129
736.43
736.550975
736.82365
736.835775
736.866675
736.907775
737.3003
737.3154
737.371225
737.663225
737.75345
737.77125
737.776725
737.80505
738.160175
738.169675
738.1808
738.186725
738.1944
738.216325
738.371025
738.430675
738.499425
738.847775
739.2209
739.24055
739.2738
739.484425
739.529525
739.561325
739.568375
739.879775
739.887075
739.891725
739.8972
739.90245
739.9121
739.92105
740.1593
740.175325
740.193475
740.205775
740.5893
740.618425
740.718675
740.7345
740.743225
740.769775
740.796325
740.903925
740.919
740.9248
740.943575
741.278425
741.2901
741.29805
741.31575
741.33445
741.53815
741.979725
742.209225
742.37205
742.443375
742.59035
742.623475
742.713675
742.8698
743.014875
743.069825
743.1705
743.18905
743.23935
743.504325
743.582525
743.624475
743.8262
743.83595
743.861325
744.0748
744.166725
744.18535
744.2125
744.31965
744.62285
744.699325
744.8313
744.955425
744.9633
744.97205
745.053425
745.085125
745.487075
745.51325
745.7594
745.85655
745.9596
746.060325
746.2151
746.62025
746.745875
746.792575
746.8142
746.867125
746.90225
746.992475
747.359275
747.374175
747.857525
747.90795
747.92715
748.23865
748.47525
748.5223
748.55355
748.952375
748.958575
748.96065
748.9618
748.968725
748.97355
748.983325
749.1576
749.1871
749.46645
749.53565
750.187825
750.2088
750.4274
750.6472
750.666625
750.8306
750.9752
750.9879
751.0037
751.532125
751.778225
752.01825
752.06905
752.12835
752.148225
752.30905
752.70645
752.736075
752.759925
752.803475
753.140875
753.15745
753.1584
753.1645
753.177225
753.1948
753.19985
753.203125
753.395825
753.4189
753.463
753.518825
753.613775
753.9797
753.985625
753.99115
753.995475
754.00825
754.00965
754.0309
754.353775
754.3572
754.3629
754.366925
754.370725
754.3773
754.557425
754.6966
754.859025
754.9343
754.978325
755.062325
755.10575
755.115125
755.13145
755.351925
755.784525
755.805575
755.82455
756.191375
756.2205
756.2351
756.68825
756.70645
756.724125
756.76835
757.155325
757.1703
757.18155
757.1889
757.21475
757.587525
757.604175
757.6636
757.964975
757.98135
758.0011
758.05685
758.284025
758.5506
758.640775
758.66735
758.676025
758.68325
759.0525
759.061075
759.0704
759.072975
759.08225
759.46545
759.6063
760.278825
760.3499
760.445025
760.49735
760.732575
760.757725
760.817425
760.86095
760.925775
761.05965
761.660325
761.6685
761.696825
761.706975
761.9667
762.08665
762.11595
762.15355
762.18275
762.194575
762.3083
762.34865
762.73205
762.8221
762.94505
763.029625
763.03505
763.0456
763.09165
763.2152
763.22475
763.235975
763.29675
763.45195
763.603825
763.68925
764.0209
764.0335
764.0483
764.054525
764.059625
764.06915
764.349125
764.722825
764.8788
764.907675
765.152225
765.17755
765.20745
765.23695
765.518275
765.5275
765.54155
765.815175
765.83465
766.178875
766.1946
766.213875
766.23315
766.391025
766.815725
766.924525
767.368275
767.404975
767.44215
767.513
767.5995
767.68395
768.488575
768.532475
768.5877
768.63565
768.854175
769.080775
769.100375
769.435125
769.7955
769.85755
769.87185
769.88465
769.89875
769.9201
769.938975
770.204625
770.225
770.23525
770.242875
770.250025
770.491675
770.508625
770.599125
770.633025
770.6722
770.799325
771.009925
771.01785
771.025
771.0275
771.031375
771.03415
771.0386
771.289825
771.605375
771.6223
771.64515
771.678375
771.694975
771.965075
772.056025
772.232125
772.3076
772.49255
772.725725
772.83455
773.138975
773.199675
773.306825
773.327625
773.333625
773.340575
773.343625
773.347175
773.3526
773.355025
773.361425
773.64355
773.776475
773.958075
773.9753
774.004275
774.306125
774.64965
774.77195
774.863275
774.953375
775.015525
775.052025
775.185875
775.505125
775.5334
775.54805
775.555075
775.61705
775.912675
775.918
775.9303
775.9397
776.178125
776.2698
776.395
776.623925
776.75615
776.81605
777.244025
777.257125
777.28755
777.64615
777.656225
777.995125
778.05235
778.07835
778.14835
778.373525
778.3825
778.637375
778.651275
778.66255
778.7181
778.94275
778.953425
778.956025
778.9633
778.967325
778.972525
778.973575
779.2684
779.2807
779.28905
779.303625
779.333725
779.5352
779.581275
779.607075
779.982525
780.0006
780.005775
780.021425
780.25235
780.268475
780.2745
780.278725
780.29835
780.42585
781.12865
781.189975
781.24305
781.3502
781.413575
781.545175
781.6453
781.6555
781.6901
781.70695
782.139825
782.155275
782.193725
782.323475
782.625825
782.686725
782.727125
782.97365
782.980125
782.984475
782.988375
782.99305
783.343075
783.355375
783.360575
783.363875
783.370825
783.379925
783.428875
783.44
783.8037
783.83755
783.878675
784.181225
784.363525
784.40065
784.41655
784.4843
784.978225
784.980875
784.982375
784.985675
784.989925
784.993025
785.0035
785.013575
785.04445
785.313125
785.754375
786.161675
786.168725
786.17735
786.18385
786.187675
786.19325
786.1979
786.207025
786.21695
786.223175
786.2437
786.493325
786.515625
786.729325
787.0374
787.086025
787.232275
787.6003
787.627
787.6539
787.893625
788.009775
788.02595
788.02935
788.043875
788.0508
788.061875
788.43725
788.44645
788.464325
788.50965
788.637275
788.92565
788.977475
788.99995
789.008925
789.040175
789.275725
789.320775
789.329475
789.342175
789.349075
789.364025
789.606325
789.639475
789.648925
789.6519
789.6584
789.66205
789.67165
789.685375
790.024775
790.03705
790.041775
790.078
790.101825
790.156875
790.171175
790.3186
790.54535
790.63055
790.779425
790.8868
790.90065
791.000975
791.089375
791.21715
792.422625
792.4287
792.43295
792.435875
792.4575
792.704775
792.72235
792.997325
793.0082
793.02515
793.1482
793.45825
793.4876
793.536175
793.844875
793.87855
794.124525
794.50255
794.539475
794.577125
794.5999
794.69685
794.703325
794.733125
795.1679
795.276075
795.294475
795.3056
795.677425
795.703275
795.72925
795.93535
795.990925
796.0299
796.309575
796.31595
796.338825
796.36695
796.4827
796.492625
796.517525
796.529275
796.6885
796.702275
796.707625
796.720725
796.7352
796.977975
797.01745
797.031925
797.0408
797.061775
797.5358
797.589975
797.77465
797.7898
797.83085
798.121425
798.129925
798.1343
798.14075
798.147
798.151175
798.15625
798.170975
798.485125
798.637575
798.9389
799.178
799.4406
799.516275
799.6309
799.646725
799.7113
799.8181
799.8418
799.8525
799.872525
800.534625
800.56925
800.91515
801.017425
801.0321
801.4328
801.635475
801.817875
801.867825
802.487575
802.52845
802.57375
802.723225
803.108525
803.144125
803.154725
803.1584
803.1617
803.1644
803.1675
803.473575
803.54795
803.635925
803.682775
803.859625
803.878775
803.892425
803.9201
804.20585
804.260925
804.278125
804.312675
804.331275
804.3502
804.79855
804.88015
804.924675
804.9454
804.95405
804.961225
804.97735
805.211125
805.220725
805.2297
805.234
805.23955
805.2545
805.26225
805.568025
805.6852
805.933975
806.290625
806.3111
806.334525
806.339
806.34155
806.3493
806.3757
806.596475
806.665425
806.8411
806.918025
806.98265
807.0502
807.0606
807.067025
807.08955
807.281975
807.5216
807.7806
807.831125
807.92605
807.940875
808.329375
808.7581
808.91425
809.153275
809.2351
809.2551
809.277975
809.2827
809.337775
809.4134
809.547925
809.5858
809.60315
809.6341
809.73805
809.796275
809.8618
809.902125
810.154675
810.23415
810.422025
810.45085
810.6445
810.736475
810.922825
811.278175
811.492075
811.690725
811.704175
811.907175
812.567075
812.6892
812.7764
812.79055
812.860625
812.8841
812.903325
812.996975
813.0125
813.353225
813.784725
813.9016
813.922225
814.0897
814.3303
814.34245
814.36255
814.433
814.7941
814.9759
815.033675
815.089175
815.20055
815.3324
815.3873
815.419025
815.430775
815.452075
815.4746
815.7687
815.874875
815.977675
816.225225
816.3078
816.518425
816.6816
816.807
816.8974
817.209525
817.26
817.45775
817.4746
817.49395
817.660725
817.666025
817.66965
817.67585
818.325875
818.345725
818.359225
818.428575
818.69615
818.720825
818.813875
818.828175
818.884325
819.089425
819.184525
819.234975
819.282125
819.2938
819.300325
819.305125
819.591275
819.96325
820.13405
820.172325
820.24435
820.40485
820.514125
820.55575
820.695425
820.74605
820.7858
820.931575
821.11805
821.192275
821.4387
821.472575
821.8307
821.9488
822.085925
822.168825
822.17545
822.183875
822.2605
822.327875
822.586725
822.607725
822.630925
822.638925
822.6566
822.864375
823.1275
823.138675
823.16425
823.437575
823.4902
823.508475
823.519075
823.5389
823.5479
823.6088
823.880375
823.890125
823.89245
823.896975
823.9018
823.9048
823.908225
823.91485
824.3229
824.328975
824.340725
824.773575
824.78565
824.8112
824.96515
825.015475
825.6116
825.622625
825.629525
825.634025
825.639525
825.643425
825.927275
826.001875
826.1641
826.17915
826.192425
826.2318
826.540475
826.5639
826.644875
826.76175
827.10855
827.3297
827.355525
827.387125
827.716525
827.749325
827.77955
827.894375
827.899475
827.90535
827.912375
827.9236
827.927525
827.95095
828.252375
828.2706
828.28855
828.54775
828.5622
828.6765
828.7034
828.7413
828.766325
828.988675
829.011175
829.031825
829.062825
829.1895
829.2707
829.3085
829.366475
829.3884
829.61035
829.738025
830.2207
830.54825
830.569225
830.5906
830.6124
830.67055
830.728175
831.07235
831.0829
831.093775
831.115625
831.315825
831.374125
831.38345
831.395825
831.426025
831.45135
831.8645
832.03585
832.1424
832.21555
832.6605
832.6815
832.696925
832.734225
832.751925
832.790375
832.917325
832.944475
833.005475
833.2053
833.29805
833.6368
833.777025
833.7964
833.79995
833.806575
833.812925
833.825075
834.07245
834.301025
834.5843
834.591775
834.59875
834.625825
834.85855
834.952925
835.013525
835.107875
835.13685
835.758925
835.867775
836.3563
836.3833
836.39885
836.61295
836.8061
836.82655
836.840025
836.845025
836.85605
836.865075
836.87565
836.906225
837.0774
837.088625
837.0993
837.11205
837.12975
837.149775
837.165175
837.19385
837.449525
837.4621
837.57965
837.82585
837.874
837.88065
837.894075
838.290625
838.32115
838.355625
838.4093
838.54225
838.78275
838.82695
838.902375
839.05015
839.07415
839.093275
839.362325
839.36805
839.370925
839.374975
839.3805
839.39655
840.08015
840.28185
840.6268
840.754825
841.01745
841.2378
841.673925
841.8371
842.151
842.185775
842.2578
842.33055
842.355425
842.64565
842.847325
842.865475
842.885625
842.8959
842.9011
842.9035
842.906275
842.9091
843.191725
843.209775
843.21465
843.223725
843.231475
843.245575
843.41785
843.685925
843.801325
844.169875
844.430875
844.8993
844.969625
845.55675
845.569575
845.577675
845.5822
845.5897
845.6029
845.618325
845.756525
846.00875
846.270875
846.330525
847.11225
847.24335
847.61735
847.66045
847.67645
848.511425
848.5127
848.525825
848.815225
849.516075
849.532625
849.558725
849.862425
849.880775
850.101725
850.14605
850.28605
850.541525
850.615225
850.902175
851.09415
851.14965
851.173375
851.25305
851.351075
851.377
851.395425
851.5676
851.6536
851.673975
851.68355
851.69985
851.715275
851.869475
852.146375
852.192925
852.4333
852.46525
852.6724
853.559775
853.6382
853.66725
854.0235
854.037175
854.046125
854.064425
854.48205
854.521125
854.756825
855.061225
855.0813
855.124175
855.135125
855.1582
855.306525
855.328575
855.35565
855.656225
855.690425
855.7361
855.98995
856.0118
856.029375
856.107025
856.194825
856.21445
856.238075
856.460775
856.6166
856.6687
856.7
856.7862
856.807525
856.83195
856.98185
857.013025
857.203225
857.3089
857.34835
857.411
857.8346
858.004775
858.01305
858.05175
858.278075
858.355375
858.3754
858.396075
858.56135
858.81265
859.163025
859.2888
859.34755
859.463725
859.4824
859.49875
859.504075
859.514125
859.528175
859.766475
860.041625
860.307825
860.41995
860.436375
860.4947
860.592275
860.6092
861.05625
861.15125
861.17715
861.490125
861.527325
861.54415
861.556875
861.608625
861.831525
861.8478
862.145375
862.175775
862.2109
862.268
862.28985
862.674625
862.8331
862.9497
863.045575
863.185025
863.33225
863.5414
863.566575
863.641725
863.84605
864.25515
864.286875
864.315175
864.3726
864.442
864.48975
864.632
864.7203
864.73375
864.7884
865.29665
865.312475
865.45505
865.48045
865.556275
865.56735
866.01485
866.021775
866.0242
866.02625
866.02815
866.032025
866.034225
866.043775
866.5809
866.609825
866.6807
866.98625
866.992175
866.998025
867.005425
867.008225
867.0113
867.015
867.020825
867.43285
867.4419
867.612125
867.7628
867.78205
867.82
867.916
868.096725
868.1343
868.202775
868.306925
868.55325
868.568325
868.585575
868.600375
868.616
868.83875
868.89245
868.921275
868.9283
868.9346
868.941675
868.954275
869.014575
869.2941
869.63805
869.83755
870.1163
870.3552
870.386775
870.4062
870.42505
870.789525
870.792975
870.798
870.80045
870.820475
870.825825
871.0576
871.31105
871.891825
871.9965
872.3062
872.3424
872.43315
872.526075
872.868275
872.8759
872.932075
873.048575
873.0922
873.27235
873.294225
873.30735
873.3278
873.82365
873.8508
874.103
874.129225
874.1411
874.160325
874.4636
874.492
874.4962
874.505375
874.681925
874.784975
874.842175
875.67055
875.757025
875.797775
876.113275
876.1358
876.1652
876.182375
876.192025
876.46515
876.475625
876.502425
876.523425
876.533925
876.69145
876.944925
876.96295
876.972075
877.0162
877.106325
877.333375
877.344575
877.677475
877.825275
877.925675
877.972075
878.082025
878.507625
878.647825
878.844875
878.953525
879.001025
879.0277
879.208525
879.255525
879.407025
879.627925
879.6381
879.711425
879.7198
879.755175
879.781625
879.896375
880.01225
880.2232
880.716325
880.925875
880.99005
881.198125
881.220675
881.286775
881.6851
881.91775
881.9266
881.9484
881.964775
881.990725
882.0323
882.22235
882.42055
882.42805
882.43785
882.4452
882.461525
882.47105
882.719575
883.107675
883.1155
883.167
883.1955
883.46645
883.5244
883.746375
883.8904
884.0949
884.1816
884.1971
884.212875
884.2152
884.228025
884.33965
884.571275
884.944825
884.984
885.20465
885.29855
885.57225
885.718725
885.731125
885.736
885.745825
885.96475
886.065925
886.305475
886.3227
886.331125
886.61515
886.6273
886.659775
886.997475
887.0224
887.0609
887.107825
887.266025
887.547525
887.984675
888.05825
888.086125
888.5219
888.545275
888.55755
888.565425
888.571475
888.586625
888.7756
888.785275
889.220725
889.323925
889.336175
889.654175
889.677825
889.980725
890.028075
890.0421
890.047725
890.239225
890.31785
890.322275
890.325425
890.33505
890.34035
890.561625
891.11795
891.151325
891.1822
891.2199
891.280075
891.2966
891.3067
891.321575
891.4642
891.470775
891.482475
891.48435
891.4867
891.497175
891.5066
891.713525
891.72825
891.844975
891.856275
891.9653
892.215475
892.22615
892.249
893.062675
893.274875
893.291775
893.302125
893.562075
893.7055
893.751375
893.79585
894.050625
894.07055
894.09255
894.129675
894.219225
894.49115
894.5004
894.5049
894.517475
894.775275
894.8058
895.439275
895.4453
895.470675
895.475725
895.48425
895.496725
895.836025
895.8424
895.8479
895.851475
895.860075
895.866025
895.894775
896.215575
896.23155
896.238325
896.26575
896.515875
896.544425
896.5533
896.563525
896.5779
896.80025
896.88585
896.887275
897.0353
897.194225
897.309325
897.3858
897.63185
897.733675
898.188025
898.19225
898.206625
898.21815
898.267225
898.572475
898.580225
898.5915
898.639575
898.648225
899.044025
899.22035
899.33635
899.349125
899.362275
899.3801
899.8483
900.01485
900.14285
900.314
900.361
900.46655
900.661675
900.6898
900.861775
900.94875
901.07885
901.145725
901.418975
901.519075
901.54205
901.73605
901.841425
901.8938
901.906225
901.921625
902.151775
902.446125
902.5589
902.62465
902.80115
902.848175
902.95335
902.977125
902.991225
903.271625
903.2835
903.287575
903.290825
903.2968
903.301225
903.479825
903.5783
903.601675
903.6307
903.903925
903.9104
903.916475
903.9279
903.9334
903.94465
904.300525
904.517825
904.68995
905.022125
905.2553
905.280625
905.340975
905.3696
905.5408
905.627375
906.19375
906.200975
906.202925
906.210625
906.218925
906.2237
906.23365
906.289075
906.39925
906.4198
906.43515
906.438675
906.443875
906.44755
906.453175
906.760425
906.84245
906.9111
907.0174
907.23865
907.2692
907.2924
907.333025
907.4537
907.583125
908.227525
908.3872
908.396825
908.40765
908.424025
908.69485
908.709825
908.719975
908.73445
909.026325
909.03165
909.03445
909.0388
909.04895
909.050625
909.05855
909.076675
909.306925
909.3857
909.388925
909.39145
909.39805
909.4187
909.7443
909.751925
909.7602
909.764
909.7762
910.302575
910.5167
910.608875
910.865775
910.87685
911.309775
911.34795
911.35795
911.3901
911.4014
911.62955
911.817375
911.853175
911.8694
911.87485
911.8851
911.9166
912.108025
912.17835
912.237125
912.3647
912.746275
912.751775
912.7626
912.768275
912.7809
912.793825
913.473325
913.501275
913.86735
913.98765
914.3696
914.44615
914.547825
914.671125
914.743325
914.87055
914.940675
915.08815
915.27605
915.335475
915.48445
915.507725
915.6905
915.890325
916.092025
916.13795
916.28625
916.6493
916.666025
916.6858
916.94635
916.9726
917.04245
917.397775
917.50475
917.729625
917.742825
917.889075
918.09105
918.234975
918.49505
918.525875
918.539175
918.56635
918.978525
919.014475
919.154475
919.1874
919.279875
919.37455
919.393025
919.691575
920.003575
920.029925
920.05735
920.10375
920.296375
920.31075
920.328275
920.3481
920.381375
920.58405
920.72995
920.784075
920.80835
920.911475
921.213625
921.239075
921.468825
921.525525
921.5374
921.8579
921.91425
922.1323
922.282075
922.380225
922.613575
922.763575
922.9422
923.018075
923.31725
923.330775
923.996075
924.0198
924.0594
924.402925
924.417725
924.4453
924.64305
924.656025
924.663925
924.673375
924.6772
924.67985
924.687225
924.6956
924.880225
924.96655
924.984875
925.00595
925.6096
925.6868
925.744325
925.780675
925.90945
925.9149
925.927875
925.93735
926.01345
926.164825
926.358175
926.44875
926.5264
926.619875
926.64095
926.740825
926.955725
927.095375
927.19585
927.5144
927.5209
927.54095
927.827425
927.863025
927.9001
928.171875
928.184125
928.2025
928.222225
928.598725
928.782375
929.005125
929.029
929.197525
929.249075
929.25505
929.26835
929.304775
929.3199
929.375275
929.4138
929.5353
929.543675
929.551325
929.557825
929.563725
929.569025
929.936675
929.9513
929.96535
929.975
929.9902
930.1842
930.225175
930.226975
930.23885
930.482875
930.577575
930.604775
930.846875
931.2373
931.471025
931.609475
931.73795
931.96645
932.016875
932.089725
932.170425
932.245725
932.29025
932.383875
932.52645
932.60225
932.696875
932.8494
933.029825
933.139025
933.1861
933.2453
933.420125
933.434975
933.48315
933.5096
933.661975
933.71595
933.731625
933.753725
933.7648
933.7817
933.83355
933.926525
934.0233
934.130725
934.171825
934.193425
934.31035
934.486425
934.51165
934.5366
934.579725
934.59705
935.0677
935.144075
935.1594
935.2544
935.276875
935.3715
935.43555
935.47955
935.491525
935.754525
935.7804
935.79025
935.831125
935.9408
935.958975
935.9675
935.9826
936.06835
936.077375
936.089625
936.19095
936.41315
936.461925
936.741825
936.788625
936.8034
936.82085
936.842675
936.910575
937.203175
937.211525
937.2188
937.225775
937.229
937.2342
937.239425
937.244275
937.25065
937.4624
937.467975
937.475625
937.484725
937.633775
937.690675
937.9107
938.0295
938.29205
938.4317
938.541925
938.651925
939.014725
939.061275
939.4661
939.467625
939.50545
939.809375
939.821
939.84195
939.86335
939.888575
940.19455
940.210525
940.292725
940.485775
940.518225
941.1319
941.1452
941.16615
941.385175
941.82365
941.9791
942.2443
942.26255
942.279925
942.292775
942.304025
942.432425
942.470825
942.488725
942.52425
942.561775
942.854725
942.8709
942.885825
942.903825
942.92555
943.13755
943.244825
943.61485
943.761225
943.7878
943.9326
943.9996
944.11375
944.2065
944.3334
944.435625
944.467975
944.547775
944.836075
945.22105
945.30315
945.393475
945.649075
945.6855
945.7138
945.759025
946.14435
946.15645
946.161575
946.174875
946.186775
946.34925
946.40185
946.6561
946.672175
946.704175
946.7592
946.776675
946.8017
947.005725
947.0486
947.0747
947.33655
947.338975
948.1005
948.1215
948.13205
948.16255
948.178625
948.2019
948.461725
948.4909
948.555975
949.08775
949.1206
949.8342
949.85415
949.865125
949.87225
949.890675
949.9073
949.92635
949.951425
949.9922
950.0743
950.26465
950.34255
950.348975
950.357475
950.385275
950.520675
950.574475
950.677775
950.687075
950.690775
950.695975
950.711275
950.718175
950.7282
950.86295
950.9835
950.995025
951.027925
951.053775
951.126175
951.184175
951.321625
951.353
951.375
951.509875
951.5502
951.578075
951.714875
951.74835
951.755725
951.764025
951.776125
951.781425
952.04235
952.125875
952.132325
952.142125
952.14995
952.15625
952.167325
952.22795
952.474875
952.4946
952.50805
952.88835
952.9277
952.981175
953.032075
953.0551
953.07915
953.097475
953.438975
953.461425
953.466625
953.49885
953.53665
953.98775
954.0081
954.0292
954.063675
954.1064
954.392925
954.42755
955.442375
955.604525
955.64655
955.7696
955.817825
956.028675
956.218975
956.246225
956.4979
956.5626
956.606775
956.638275
956.67045
956.68325
956.709925
956.73395
956.776225
957.032325
957.25655
957.3427
957.620825
957.743625
957.948075
958.00585
958.09515
958.587075
958.6879
958.696175
958.752625
958.820625
958.86875
959.202575
959.2091
959.21265
959.225675
959.4754
959.47695
959.503675
960.16095
960.22995
960.487725
960.68595
960.8224
961.32095
961.3294
961.3353
961.341525
961.357075
961.505425
961.596425
961.829
961.872625
962.470475
962.727625
963.3141
963.344475
963.40285
963.414675
963.554675
963.559675
963.56175
963.569275
963.57135
963.575
963.888825
963.8985
963.9091
963.9217
963.975275
963.99015
964.024425
964.226525
964.369225
964.65945
964.665175
964.6704
964.6759
964.6876
965.0701
965.076825
965.079675
965.084125
965.08915
965.096425
965.3884
965.4061
965.412525
965.490875
965.5224
965.844525
965.9729
966.128325
966.292475
966.482975
966.5553
966.772325
966.9339
967.203
967.27245
967.48205
967.65205
967.72225
968.32075
968.362725
968.40655
968.43965
968.626225
968.67515
968.69495
968.722275
968.834775
969.113825
969.12555
969.558425
969.668425
969.8932
969.99835
970.08905
970.101025
970.115175
970.20955
970.215225
970.2226
970.232825
970.253175
970.39645
970.440875
970.532525
970.597225
970.661225
970.96715
971.036175
971.106425
971.386675
971.41
971.45905
971.6659
971.9331
971.94085
972.028875
972.1438
972.353475
972.38985
972.476725
972.5422
972.575425
972.628475
972.69945
972.7427
972.77055
972.816675
972.884525
972.9311
972.981775
973.0731
973.1076
973.1974
973.271
973.43405
973.643625
973.692125
973.869925
973.966625
974.06005
974.31585
974.33505
974.446075
974.6252
974.716975
974.7378
974.870175
974.905075
974.928925
975.356975
975.39285
975.588925
975.739675
976.055925
976.149475
976.2227
976.48265
976.6116
976.655975
976.76315
976.92935
976.963625
977.1067
977.133175
977.461075
977.710275
977.857175
977.9151
977.983025
977.998125
978.1227
978.23205
978.346725
978.3571
978.364225
978.375125
978.4099
978.54735
978.6589
978.9524
979.0574
979.12715
979.186575
979.401675
979.412575
979.4195
979.4248
979.434575
979.641225
979.777925
979.8166
979.941725
980.390925
980.4598
980.524625
980.556775
980.6465
980.7999
981.0183
981.040175
981.100225
981.184525
981.20635
981.30945
981.573625
981.627525
981.699
981.8924
981.990675
982.0527
982.1122
982.1343
982.17375
982.207175
982.2243
982.275325
982.316225
982.35015
982.3594
982.3652
982.374425
982.413975
982.439275
982.5255
982.54475
982.85315
982.8733
982.92165
982.9822
983.122975
983.27185
983.4284
983.5825
984.106075
984.3102
984.372375
984.40725
984.439925
984.792125
984.8463
984.884325
984.911875
985.00995
985.046325
985.18335
985.387375
985.425025
985.463575
985.495525
985.5487
985.72275
985.750625
986.04255
986.1197
986.130525
986.1453
986.184525
986.48675
986.54195
986.75115
986.860025
986.924275
987.0777
987.15815
987.18865
987.35565
987.36965
987.3911
987.483025
987.556875
987.898525
987.947225
987.9927
988.07915
988.1412
988.38305
988.51215
988.566125
988.5956
988.619225
988.652575
988.6801
988.774825
988.783475
988.796875
988.91325
989.3334
989.3428
989.359475
989.3716
989.3908
989.431275
989.4615
989.537275
989.713825
989.725975
990.039925
990.058825
990.0743
990.17655
990.53715
990.8794
991.042775
991.115225
991.468825
991.511075
991.573875
991.614775
991.842775
992.3292
992.3444
992.35085
992.3567
992.359375
992.3618
992.36825
992.371775
992.376725
992.3974
992.94965
