0.411
0.609775
0.62655
0.631275
0.6394
0.641975
1.038125
1.42205
1.426125
2.1913
2.19625
2.20095
3.4206
3.4232
3.429225
3.43455
3.932325
4.7863
5.250825
5.50465
5.5082
5.5139
6.98905
7.0921
7.859725
7.935575
7.938575
7.941825
7.94575
7.950775
9.292425
9.29635
9.298975
9.484
9.487775
9.492075
9.73965
9.755125
10.8721
10.879175
11.34615
12.3389
12.344325
12.360975
12.928275
12.933425
13.83
14.084425
15.24315
15.427575
15.430925
15.434875
15.85005
16.46425
16.4682
16.473025
16.688725
16.8631
18.632125
19.1691
19.44825
19.451725
22.3602
22.3629
22.365575
22.3691
23.38555
24.06265
24.122575
24.12725
24.13525
24.770825
24.7761
25.2517
25.4855
25.912625
25.91635
25.920975
26.465175
26.81785
27.037525
27.36815
27.4625
27.733075
28.87245
28.87635
28.880575
28.8875
29.45885
29.8408
29.845025
29.913625
31.152025
31.1712
31.2436
32.46115
33.10485
33.111525
33.11675
33.424925
33.505425
33.507625
33.56235
33.936075
33.9494
34.134
35.03335
35.589225
35.622725
35.657675
37.0809
37.15315
37.68215
37.685075
37.68815
37.6928
38.23575
38.23865
38.241625
38.245625
38.2501
38.26795
38.2859
38.47935
38.879875
39.023725
39.031925
39.579475
42.12985
42.1346
45.163125
45.196425
45.475375
45.6278
48.88165
49.70855
50.574925
52.7894
52.7927
52.799375
53.920975
55.687475
55.91465
55.918525
57.276875
57.665575
57.66895
57.673
57.70665
59.15965
60.0129
60.0179
60.02565
61.23915
61.7596
62.066825
62.338125
62.340925
62.3466
62.557175
64.048375
65.423625
65.935975
65.9396
65.94465
66.2668
66.277025
66.372775
68.389475
68.5839
68.5918
69.040325
69.048
69.1546
69.5046
69.50845
69.515725
70.6422
70.6457
70.65195
71.24585
71.25275
72.0845
72.795525
73.674975
73.6839
73.695225
76.853875
76.865275
76.990575
76.9954
77.002025
77.0183
77.892
77.895125
77.89835
77.902925
78.434425
81.9266
82.08145
82.390125
83.09615
83.137825
83.891025
85.14585
85.8451
87.157025
87.159575
87.162275
87.1652
87.17005
87.542025
88.18795
88.1925
88.85055
89.1262
89.133475
90.155275
90.159275
90.4108
91.042925
91.604775
91.611
91.96595
91.97005
91.97505
92.52765
92.873025
94.351925
95.2487
95.255225
97.956525
98.662125
98.696425
99.2
100.690325
100.719325
102.795125
102.8005
102.988625
102.993425
104.054025
104.05765
104.064475
104.849325
104.857425
105.258225
105.261175
105.2643
107.561125
107.5659
107.571525
108.39985
108.40305
108.40665
108.412475
108.7256
108.9084
108.914475
109.729925
109.7357
110.257725
110.2607
110.264025
110.269375
111.05675
112.0762
112.084975
112.278375
112.728475
113.73215
113.776925
113.7796
114.366125
114.44885
116.69615
116.700575
116.723025
116.99045
117.849075
119.812375
119.97085
120.6895
120.69555
121.869275
122.31955
122.809975
123.729425
124.35075
124.982
124.99
125.2592
125.265075
125.683325
125.689325
125.8618
126.196725
126.2035
126.687125
126.6899
126.69295
126.6967
126.871025
126.876025
127.06385
127.06815
127.07155
127.476425
127.480625
127.485675
128.1141
128.684125
128.68765
128.69165
130.556625
131.487275
131.490375
131.49635
131.979225
132.840725
132.95975
133.191025
133.3802
133.384125
134.303375
134.3075
134.312775
134.469075
134.938775
134.944675
135.0294
135.03625
135.5157
135.519725
135.555125
135.559975
136.276125
138.207275
138.699525
138.707325
138.721425
139.396975
139.743825
140.15355
140.60035
142.0559
142.5995
143.254325
143.25805
143.26345
144.209925
144.8993
145.24195
145.246275
145.466725
145.72425
147.165975
147.786175
148.834325
148.83765
148.84195
149.37365
149.81415
149.81775
149.86695
149.8714
150.74765
151.7631
151.7682
152.995
152.9981
153.002175
153.56385
153.718325
153.87695
154.311975
154.315675
154.7322
154.780125
154.9267
154.931975
155.452425
155.978275
156.54065
156.55075
157.3462
157.349675
157.354975
158.090475
158.443475
159.645025
160.03085
160.097675
160.1024
161.745075
161.7517
162.52895
163.02485
163.564375
163.568275
163.57405
163.617625
164.025475
164.988925
164.995025
165.1009
165.1053
165.1098
165.324175
165.434525
165.4379
166.655125
166.660275
167.08645
168.711775
169.671475
169.67445
169.67855
170.161675
170.1666
170.43515
170.67025
170.848425
171.227725
171.561675
171.90075
172.7471
172.753175
172.9668
173.787675
173.79155
173.79835
174.258275
174.2624
174.3393
174.6914
174.882575
175.1682
175.6573
175.6616
176.107075
177.1477
177.152525
177.335575
177.5722
177.57515
177.578225
177.5823
177.6825
178.010375
178.1653
178.6865
178.749925
179.015625
180.0298
180.035125
180.56365
182.686675
182.6902
182.692725
182.696175
183.31605
183.319075
183.32305
183.330575
183.387375
184.1683
184.33565
184.7966
184.7999
184.871625
184.876475
185.463875
187.2484
187.25205
187.256025
187.60015
187.601575
187.643425
187.6471
187.6512
187.83575
188.726725
189.70885
189.713275
189.718325
190.5019
191.0417
191.810125
191.81835
192.226625
192.231575
192.26295
193.450625
193.45385
193.45745
193.599525
193.6052
194.29805
194.3006
194.303325
194.307075
195.571425
195.57425
195.578525
195.963275
196.0806
196.84105
196.85095
196.8546
196.85895
197.369775
197.3735
197.3778
197.381825
198.58495
198.58845
198.592925
198.628325
199.591725
199.876325
200.33905
200.587075
200.82655
201.16275
201.192025
201.19495
201.1978
201.201525
201.2079
201.83355
201.840525
201.844125
201.84905
201.854125
202.404575
202.897675
202.901175
202.90465
203.366125
203.369875
203.37505
203.40875
203.934275
204.00675
204.01145
204.03295
204.411625
204.417075
205.198375
205.202325
205.20635
205.800775
206.6375
207.088925
207.319925
207.490925
208.56665
208.615975
209.1921
209.195025
209.19815
209.201475
209.421575
210.370575
211.772625
212.30695
212.311025
212.781
212.7856
215.2586
215.39745
215.88155
216.3727
216.3762
217.346875
217.574575
217.57925
218.1489
218.72205
219.200825
219.4513
219.4634
219.72715
219.73235
221.147925
221.15055
221.153575
221.1581
221.3161
221.5645
222.22345
222.228825
223.010025
223.7965
224.40575
224.49315
224.97185
224.976
224.9807
225.573425
226.430725
226.760625
227.877875
227.881125
227.8854
228.1364
229.188425
229.655225
229.67255
230.840925
231.54115
231.5453
232.0187
232.045225
232.5003
232.5058
232.612175
232.961675
233.186225
233.73715
233.7411
233.746225
234.30155
234.767
234.77215
235.0836
235.61765
236.11645
236.603375
236.65475
236.967225
237.44375
237.956725
237.9607
237.964775
238.34675
238.3503
238.354275
239.618775
239.706275
240.210325
240.904325
241.7264
241.78795
241.854825
242.4033
243.3684
243.372875
243.379225
243.386275
243.9144
243.917775
243.9213
244.292175
244.305975
244.309575
244.313425
244.3209
245.846575
246.1323
246.13455
246.136975
246.14
246.143575
246.14845
246.97545
246.978475
246.982325
246.9856
246.992725
247.353725
248.1104
248.150325
248.429375
248.763575
248.802075
249.0772
250.470775
250.475425
251.139425
251.63535
251.638775
251.645
252.062725
252.30925
253.45015
254.0417
254.045
254.04835
255.16405
255.1683
255.426925
255.551675
255.555875
255.561875
256.232
257.202325
257.2197
258.112175
258.1159
258.120325
258.28565
258.289575
258.906975
258.910225
258.913975
259.593725
259.5968
259.60105
259.859975
260.503425
260.709675
260.71365
260.717275
260.82535
261.20545
261.7361
261.7397
261.74495
261.984825
262.0059
263.6872
263.693125
264.085975
265.191025
265.399375
266.6021
266.61145
267.199475
267.303225
267.9474
267.9529
268.4051
269.214025
269.21995
269.951275
269.9542
269.9586
270.570575
271.205025
271.20805
271.21125
271.215625
271.6593
272.090625
272.0943
272.0971
273.083875
273.08675
273.089725
273.0938
273.51705
273.519975
273.523625
273.763875
274.257525
274.71055
275.763175
275.766925
276.433775
276.4371
276.517175
276.755425
276.75825
276.761275
276.7648
277.103125
277.1063
277.109825
278.435875
279.2411
279.592325
280.814
280.8173
280.821575
281.025325
281.271575
281.8466
282.180225
283.7611
285.205225
285.2089
285.213775
285.230775
285.234975
285.600175
286.233725
287.218575
287.3957
288.604725
289.4567
289.6632
289.696375
290.162
291.119075
291.5554
291.657925
292.3699
293.661725
293.75015
293.994325
294.0165
294.398475
294.9862
295.35655
295.747625
295.87625
296.17075
296.452925
296.891775
296.96555
296.967875
296.970325
296.97315
296.976475
296.981725
297.534825
297.5384
297.6138
297.617525
297.7795
298.17595
298.3966
298.399275
298.402125
298.405625
298.4106
299.381825
299.38445
299.387275
300.1069
301.6473
301.6512
301.798575
302.890825
307.027475
307.03525
309.559475
311.2576
311.9341
311.942925
312.958375
312.96225
312.966
312.9706
313.0249
313.360725
313.363675
313.92155
313.92525
313.928675
315.49275
315.504075
316.9631
317.7473
318.1756
318.2405
318.710175
318.714575
318.7222
319.0638
319.736375
321.3401
321.738325
322.267175
322.27
322.2735
322.279
322.96235
323.48345
323.4867
323.490075
323.493425
323.498875
323.6259
324.0941
324.0971
324.100525
324.110975
324.11205
324.52095
324.524675
324.529025
324.53735
325.536625
325.632325
328.241875
328.245325
328.249975
328.518325
328.521225
328.524425
329.3559
329.3797
329.527125
331.4801
331.487125
333.2005
333.20405
333.207975
333.742475
333.7504
334.7197
335.173775
335.30815
335.311875
335.31595
336.957775
336.961725
337.881075
337.885
337.890725
338.1042
338.358125
338.36115
338.364675
338.511975
338.517025
339.5585
339.56345
339.56845
339.941475
339.9942
340.286025
340.289675
340.557625
340.869325
340.881775
341.7664
342.157225
342.1642
342.192275
342.248075
342.69975
343.19305
343.4132
343.83925
343.84635
343.864525
343.868325
343.8771
345.4321
345.540075
346.92365
347.363
347.36945
347.5495
347.559
347.9184
348.4199
349.25715
349.868825
350.279575
350.7117
352.10055
352.6224
352.95095
353.550975
354.844525
355.25155
355.2571
355.4723
355.500875
355.50415
355.507725
355.70935
355.7137
356.885625
356.93515
357.10435
357.559975
357.56505
358.210075
358.21505
358.608925
358.7094
358.7128
358.717425
359.001125
359.00505
359.0341
359.48985
359.5138
359.922925
359.9261
359.92955
359.933975
359.9549
360.02745
360.357475
360.361125
360.366025
360.4172
360.578375
360.8738
361.542975
362.431625
363.201425
363.64895
363.687825
364.00995
364.011725
364.596775
364.59975
364.60295
364.606675
364.61135
365.204925
365.20795
365.211275
365.215725
365.6275
365.63055
365.6341
366.86425
369.678625
369.682375
369.68745
371.712675
371.716
371.71965
371.7238
372.490125
372.4929
372.4958
372.49965
372.503875
373.27675
373.3584
373.401
376.046025
377.535225
377.653025
377.656425
377.66025
378.22
378.5573
378.7535
380.8607
381.321
381.324475
381.328
382.207175
382.654975
383.468475
383.536
383.797725
383.8018
383.806675
385.5195
386.49925
386.50365
386.789625
388.50675
388.7735
388.8185
389.0428
389.351525
390.384725
390.389925
390.39785
390.8478
391.56365
392.1127
392.84365
392.853375
393.531275
393.870275
394.710975
396.7392
396.742875
397.126525
397.2907
397.420775
397.424075
397.42785
398.50405
398.507525
398.511225
398.658475
398.662625
401.9048
401.908475
402.0441
402.0474
402.0512
402.091875
402.74835
402.75215
402.757925
403.1818
405.157475
405.29865
406.136
406.139375
406.142875
406.148075
406.624375
406.62825
406.63275
407.0045
407.497875
408.22225
408.225275
408.345
408.348075
408.351375
408.355775
408.513325
408.51615
408.519225
408.68425
408.689525
408.76375
408.810975
409.029125
409.03495
409.965625
410.373825
412.2247
412.3586
412.361625
412.364925
412.370525
412.384975
412.39805
412.680625
413.032475
413.037975
413.2832
413.460375
414.0126
414.0155
414.018725
414.0263
414.404125
415.817975
416.67055
418.820275
418.846825
419.154475
420.091775
420.300825
421.446875
421.66615
421.71755
421.721575
421.72625
422.581275
422.720675
422.731675
424.64935
425.276025
425.2793
425.28285
425.315925
425.505425
425.509425
425.514375
427.3624
427.3655
427.369275
427.37665
427.44215
427.707925
427.815975
428.774925
429.6249
429.687125
430.107625
430.272775
430.27695
430.86495
430.868075
430.8716
430.87645
432.102575
432.1928
433.509975
433.51285
433.515825
433.519625
433.865875
434.2631
434.40595
434.40925
434.413075
434.8031
434.804725
435.057225
435.0632
436.6417
436.645475
436.941175
436.94515
436.9507
437.8625
438.435375
438.56935
438.57265
438.5763
438.58115
438.841025
438.850975
439.274325
439.7375
439.740875
439.74525
440.4573
440.460975
440.464725
441.043925
441.047975
441.33425
442.2578
442.306
444.8834
444.891175
445.7804
446.9457
447.41155
449.028275
450.336725
451.649325
452.459325
452.460975
452.5333
452.57695
452.83075
453.27245
453.746075
454.725575
455.33875
455.79535
456.74755
457.39925
457.692075
457.712575
458.819075
458.82145
458.8238
458.8267
458.83005
458.83485
459.42055
460.681825
460.685
460.688875
461.0366
461.039575
461.04315
461.423
461.427075
461.58645
461.59215
461.6188
461.778
461.84355
462.79805
463.642425
464.54905
464.55165
464.5571
469.49955
469.619925
469.89795
469.9078
470.145325
470.3791
470.3857
472.1864
472.355075
472.416375
473.954425
473.95785
474.19005
474.19275
474.19555
474.199025
474.5902
475.381275
475.383775
475.38655
475.38965
475.7257
475.729175
476.095475
476.098725
476.10255
476.62765
477.1739
477.388325
477.391525
477.3946
477.397875
477.40385
480.88955
482.8995
483.4023
483.435875
484.09185
484.228575
484.573875
484.7413
484.9207
485.680775
486.35075
486.353275
486.355875
486.3589
486.363525
487.259225
487.619025
487.623025
489.239825
489.24505
490.499125
490.65815
492.319175
493.233925
493.542725
493.54545
497.266225
498.5545
500.06365
501.528
501.5311
503.674775
504.647725
505.21085
505.278625
506.28845
506.7752
507.94215
507.963425
508.4033
510.422125
510.784
511.437775
511.44115
511.444575
511.44875
511.58335
512.876825
513.1574
513.5026
514.4009
514.70545
515.1005
515.1056
515.9279
517.121275
517.736275
517.74045
518.36445
518.381275
518.56735
518.597675
520.269075
520.50755
520.517975
520.6234
520.665175
520.701525
522.9132
522.916775
522.9204
523.593525
523.5969
523.600675
523.841875
523.845525
524.1813
524.595225
524.811775
525.4988
525.50215
525.520775
526.108875
526.445675
526.52685
526.531025
526.5879
526.8982
527.069825
527.0787
527.514175
528.474075
528.477175
528.4817
528.8964
528.9172
529.385625
529.625675
529.998625
530.0035
530.606025
532.715175
532.72255
534.39285
534.925675
536.557125
536.92885
537.12565
537.389725
537.5565
537.559325
537.5623
537.565625
537.57095
537.5768
538.702575
541.78515
541.80305
541.8085
542.200575
544.994325
544.997475
545.000825
545.5717
545.952025
546.09125
546.938075
548.125325
548.16395
548.975925
550.00485
550.3327
551.046025
551.97315
552.655375
552.74155
554.965975
554.96985
556.0672
556.340525
557.371175
557.7713
558.246275
558.352025
558.4028
558.774075
558.778625
559.091525
559.09675
559.432975
560.43325
560.436975
561.833
562.444675
562.44965
563.287
563.32115
563.9899
564.077925
565.03115
565.6758
565.7011
566.0101
566.32975
568.166825
569.232525
570.229575
570.61345
571.26065
571.264175
571.26825
571.77825
573.36005
573.909725
574.006225
574.19225
574.20145
574.396675
574.815975
574.871325
574.887475
575.2237
576.5153
576.66635
576.670875
576.7202
577.131
577.1335
577.1363
577.1394
577.143375
577.72795
578.18775
578.190625
578.1936
578.252425
578.6523
578.92985
578.9341
579.334925
580.6444
580.646875
580.64945
580.65245
580.65605
580.717125
580.7207
581.063175
582.039325
582.0445
583.03075
583.254575
583.710675
583.714775
583.757325
583.775025
584.327525
584.331375
585.656675
585.6618
586.083025
586.120225
587.311075
587.6001
587.621625
588.629425
589.562025
592.2001
592.424425
592.445325
592.78585
592.7903
598.493925
598.936
599.542275
599.547325
600.01655
600.73735
600.9378
600.9414
600.9455
601.02935
601.88285
601.925125
602.426175
602.431475
602.844075
602.846925
602.9522
602.95615
603.971
604.354025
604.35875
604.794925
604.97165
605.849625
606.52195
606.5348
606.9541
609.413775
609.8983
611.2257
612.155175
612.1593
612.16515
612.17575
612.466025
613.767275
613.772825
614.672625
615.14635
615.31655
615.96035
616.2961
616.72615
617.454325
617.4589
617.525425
620.28325
620.51005
620.5135
620.516925
620.521675
620.978325
620.98855
621.243975
622.791225
624.163475
624.92835
624.96575
625.5009
626.92545
626.930125
626.9679
627.86535
628.055525
629.55115
630.017775
630.41675
631.087325
631.107875
632.0707
632.07205
632.0759
632.7344
633.10155
634.074625
634.823475
636.07955
636.306025
636.34195
637.454725
637.937325
638.0022
638.803325
638.806825
638.81115
638.8202
639.189575
639.320425
639.322925
639.3257
639.328975
639.33295
639.723625
639.730525
640.19555
640.1993
640.207175
640.738775
640.741675
640.74465
640.7486
641.156675
641.171175
641.175525
641.45955
641.463625
642.2049
642.901325
642.90555
643.008325
643.3828
643.38915
643.40835
644.153325
644.638025
644.692575
645.04065
645.561175
645.711975
647.312825
647.316
647.31925
647.323075
648.3223
648.33725
648.7749
650.167625
650.93705
651.644525
652.893775
653.32215
654.760325
655.353175
655.3572
656.512075
656.5158
658.30055
658.304675
659.156325
659.16035
659.308225
659.320575
661.30285
662.325175
663.8367
663.83955
663.8426
663.85035
664.633125
664.636675
664.6415
665.7188
666.85155
666.912825
666.939075
666.954225
668.1097
668.1129
668.11635
668.472625
668.68895
668.9335
669.707925
669.71215
669.970425
669.97405
670.34065
670.346925
670.450425
670.644425
670.707775
671.22105
671.27135
671.27535
671.2799
672.1518
672.155075
672.1643
673.079575
673.08305
673.35835
673.862275
673.8722
673.878075
673.98475
673.99115
675.305375
675.30925
676.122825
677.093375
678.506925
680.6084
680.61005
680.610725
680.6183
680.635975
681.281
682.762525
683.0476
683.35745
683.403125
683.4233
684.154325
684.2618
684.26535
684.2773
685.25535
685.46555
686.027175
686.3971
686.415375
686.421175
687.002925
687.08175
687.08525
687.090725
687.1021
687.8125
688.214975
689.00125
689.006525
689.430425
689.433925
690.0911
690.09245
690.6585
690.662375
691.6084
691.612225
692.508475
694.531225
695.146
695.17685
697.481975
698.09455
700.080975
700.16525
700.9816
700.9963
701.0931
701.0992
701.45435
701.4905
702.3205
702.339775
702.431825
702.4426
702.96325
702.966925
703.0592
703.061725
703.0644
703.067525
703.0717
703.0784
703.45025
703.456
704.225725
704.22965
704.287125
704.289825
704.2924
704.295725
705.1123
705.464825
705.47065
705.672525
705.676725
705.68245
705.720125
705.93005
706.6557
706.667725
707.27255
707.762625
707.76385
707.874675
709.0385
709.04285
710.1028
710.10885
710.489125
711.8655
712.545525
713.48725
713.9279
713.941725
714.0659
714.070525
716.2647
717.37845
717.717
717.72145
717.725325
718.693075
720.50685
721.94845
723.25485
723.864975
724.2313
724.5966
726.185025
726.1892
726.6848
728.90345
730.463875
730.468475
732.01735
732.268625
733.3741
733.388475
734.4183
734.542025
734.5474
735.1102
736.020675
736.227825
736.894975
737.291475
737.29475
737.50335
737.507775
737.8378
738.245525
738.753625
738.760125
739.461925
740.54105
740.54495
741.220425
741.5791
742.196275
742.6069
743.778625
743.9811
743.985225
743.98995
744.000775
745.1394
745.144625
745.481175
745.4853
745.5934
745.72125
746.96035
747.677175
747.681025
748.233925
748.524475
748.530075
748.53865
748.9175
750.60165
750.690775
751.0575
751.062725
751.6972
751.701375
751.971825
751.9772
752.342025
752.4133
753.258225
753.936225
756.028275
756.6057
756.901225
757.657025
757.6604
758.0368
758.495
758.795575
759.0192
759.0227
759.026575
759.533775
759.913975
760.545975
760.80265
761.681625
761.862075
762.19765
762.201075
762.407275
762.410475
762.413675
763.0324
763.188525
763.561125
765.24475
765.259675
765.887225
765.89105
766.1341
766.140075
767.147025
767.151475
767.4156
768.16445
768.220775
769.17745
769.7052
770.191775
770.197075
770.705
770.70825
770.711725
770.71675
772.01695
773.08835
773.547975
773.5999
774.60705
774.79905
774.839325
775.482575
775.888175
776.068225
776.38025
776.629125
776.6898
777.185675
777.189475
779.077875
779.0832
779.3121
779.8274
779.92165
780.066775
781.347975
781.93935
781.9667
782.6236
782.62815
783.520175
783.7633
784.066975
784.51015
784.5705
784.57425
784.579425
785.151425
785.167825
785.171675
785.174575
785.180275
785.8351
786.067075
786.424675
786.6402
787.158175
787.174875
787.312675
787.708425
787.7696
787.772925
787.7768
787.78145
788.46035
788.80485
788.80845
788.812525
789.265325
789.2684
789.2716
789.27555
789.29415
791.57835
792.574625
792.594025
792.79205
792.859525
793.479725
793.483825
793.659575
793.852625
794.056775
794.060625
794.064825
794.3455
795.42065
795.513225
796.119725
796.12295
796.126225
796.6373
796.6406
796.6443
796.73835
796.889225
796.8931
797.253525
797.5714
797.845
797.8468
797.851125
798.206
798.209925
798.2157
798.8148
799.35635
799.59805
800.297725
800.582375
800.589825
800.767475
800.7746
801.03995
801.054775
802.687925
802.693475
802.735425
802.7513
803.304975
803.3404
803.726475
803.7795
804.619225
804.62245
805.0132
805.0159
805.018575
805.02195
805.343575
805.34695
805.35075
805.360475
805.785725
805.789375
805.7933
806.021625
807.177025
807.397
808.7479
808.750825
809.40955
809.413875
809.42345
809.4467
809.832725
810.0044
810.704275
811.5209
811.70965
811.716375
812.167075
812.5796
812.583525
813.054775
813.057725
813.060825
813.064225
813.296475
813.302475
813.428225
813.4313
813.434625
813.439325
813.7435
814.1183
814.12155
814.124975
814.236275
814.240875
814.43245
814.6257
814.8613
814.866275
815.32735
815.3311
815.5858
815.5882
815.5908
815.593775
815.59895
816.015525
816.018925
817.667475
817.6733
818.031025
818.43475
818.44
818.533525
818.5805
818.961475
819.779075
820.355
820.376375
820.380525
820.3893
820.44
821.0593
821.063025
821.2697
821.27345
821.27885
821.298
821.40415
821.4093
821.609475
821.831925
822.08565
822.4539
822.74475
822.747425
822.750375
822.75415
823.278425
823.3139
823.323975
824.223625
824.225125
824.42185
824.425675
824.4304
824.724575
824.824125
824.837625
825.515525
825.840375
825.8606
826.0556
826.435325
826.4414
826.590625
826.9816
827.075425
827.690175
827.693525
827.697175
828.73605
828.739775
828.742925
828.75235
829.440625
829.444925
829.752975
829.7576
830.481925
830.52675
830.75375
831.5424
831.553475
831.9618
831.99225
832.943575
832.9458
832.947625
832.9596
833.325225
833.3309
833.77695
833.780525
834.484025
834.6524
834.6571
836.605975
836.6119
836.876075
837.0953
837.555825
837.559275
837.562875
837.9215
838.3025
838.306825
838.595625
838.859025
838.863825
838.893875
839.376775
839.380075
839.4226
839.42515
839.42795
839.4313
840.837275
840.84475
840.858075
841.835275
841.8431
842.262925
842.689325
843.121325
843.3847
843.7702
843.774075
844.529825
844.7364
844.739525
844.743075
844.833875
844.837525
844.841975
845.286575
845.7575
846.914825
846.918825
847.036975
848.6504
848.661175
848.664425
848.67865
849.026675
849.02915
849.031875
849.03495
849.041575
849.214925
849.217975
849.31295
849.31585
849.3191
849.32445
849.5134
849.517225
849.552225
850.1835
850.266
852.2513
852.8823
853.21865
853.232375
854.0549
854.18225
854.745625
855.03015
855.034025
855.039625
855.415675
855.418975
855.4223
856.0477
856.42285
857.303225
857.3077
857.32675
857.998425
858.34675
859.56275
860.190875
860.2648
860.302375
862.26155
862.2656
862.65845
862.8347
862.84035
863.062725
863.281425
863.28625
863.292425
863.42265
864.55045
866.471875
867.6307
868.222875
868.22865
868.26895
868.99855
869.22945
869.729475
870.1482
871.01275
871.01645
871.0208
871.10035
871.475225
871.47915
871.48425
872.82115
872.866175
872.92065
876.092925
876.315
877.186125
877.19075
877.200225
877.433825
878.059975
878.74885
879.107725
879.3262
879.393975
879.40215
880.7185
880.72165
880.72475
880.985425
881.14305
881.446925
881.451375
881.456675
881.508575
882.422425
882.427
882.444275
883.1043
883.27035
884.15375
884.1575
884.5737
885.395425
885.404825
885.77045
885.773675
885.7771
885.7825
886.017325
886.519725
886.522425
886.5254
886.529175
886.536125
886.5412
886.5915
886.596825
887.2972
888.55875
889.3361
889.7172
889.719175
890.102525
890.1062
890.110325
890.66915
890.9502
893.1584
894.05125
895.325425
897.43785
898.000925
900.153475
900.79425
901.381
901.430125
901.437625
901.97785
902.898275
903.07695
904.0245
904.02915
907.69975
908.185125
908.1941
908.9541
908.9706
908.974325
909.172025
909.17585
909.18045
909.186975
909.6052
909.6079
909.61075
909.978125
910.378
911.087425
911.724325
912.900375
913.559825
914.3498
915.21715
916.888375
916.90325
918.080425
918.08475
918.60675
918.632925
919.0005
920.9377
920.942125
920.95075
921.85515
924.49185
925.05635
925.876
925.9602
926.400425
926.424225
926.444575
927.0579
927.2252
927.42985
927.434425
927.632025
927.722125
927.988375
928.161375
928.16455
928.1682
928.641975
928.6485
928.9453
929.2592
929.262525
929.266125
929.81995
929.824625
929.8351
930.998775
931.7372
932.53895
932.6096
933.095025
933.47095
933.477875
933.816525
933.823
934.627675
934.63085
934.634275
934.63935
934.976025
935.331975
935.831225
935.937375
936.44335
936.719375
936.721125
937.71475
939.534325
939.86275
939.866875
940.136175
940.139625
940.143925
942.993625
942.997
943.01395
945.89695
945.90345
947.30305
947.82715
948.8743
950.392225
951.7913
952.136575
952.72585
953.0029
953.925425
953.929125
954.125675
954.27175
955.006275
955.0116
956.87195
956.87875
956.9063
956.9215
956.92575
958.615675
959.12975
960.89475
961.31025
961.704725
961.7079
961.711825
961.716375
962.3331
962.337475
962.8903
963.8323
963.8354
964.194675
964.19755
964.199475
964.2006
965.75175
965.775225
966.218525
966.907625
966.914775
967.13
967.13815
967.1499
968.692575
969.06525
969.935825
970.078275
970.082075
970.086325
970.935375
971.141475
971.2569
971.818075
971.984275
973.265
973.416525
973.47395
973.9939
974.36275
974.374225
974.381975
974.4814
974.8043
974.97885
975.091275
975.122525
975.976525
976.20325
976.31695
976.342025
976.918725
977.132675
977.479525
977.548925
977.55555
977.5639
977.62655
977.71955
977.82255
977.913425
977.933925
977.995975
978.407175
978.41185
978.572
979.114125
980.049625
980.238175
980.26035
980.29605
980.444575
980.778675
980.88925
980.94565
980.952425
981.059825
981.413925
981.5465
981.78755
982.411925
982.419125
982.422925
982.427775
982.55425
982.5574
982.560825
982.910025
983.1084
983.19375
983.51775
983.593375
983.9241
983.950075
985.1196
985.800775
986.0251
986.04825
986.392225
986.6564
986.95275
987.195925
987.207525
987.49735
987.55195
987.597725
987.609025
987.613825
987.629275
987.780575
987.9374
987.945625
987.950225
988.026675
988.1006
988.365475
988.370975
988.68115
988.737475
988.739725
988.74205
988.744775
988.7482
988.86325
988.867075
989.09505
989.098125
989.101725
989.1083
989.153925
989.157325
989.3346
989.337875
989.4931
989.78385
989.786575
989.789475
989.96475
989.9679
989.97135
989.99835
990.2307
990.34215
990.974475
990.977625
990.980425
991.32335
991.346875
991.3622
991.946275
993.145975
993.9194
