11.15385
11.1868
11.350675
30.78505
31.878875
35.46095
35.637825
35.90275
36.246925
99.612625
115.206525
155.8528
243.211825
293.45285
294.085075
294.463675
296.52615
297.560075
297.683075
305.385125
305.4173
307.240675
312.022525
313.06325
319.18045
322.813425
326.086925
335.331025
335.647875
342.15685
342.507425
348.144825
357.2738
357.289475
364.7224
364.788125
374.76375
382.070725
400.335525
401.06225
419.64045
423.437625
448.515275
453.08375
453.331125
453.80325
454.735975
455.7134
455.756425
455.796775
455.9525
456.189875
457.0177
457.40525
457.6585
457.864875
457.88375
458.27135
458.720875
458.93665
459.136675
470.062925
471.88345
472.557975
484.2195
484.23915
485.331825
504.74685
505.5433
509.52415
510.69975
520.03325
521.20775
522.440275
523.45545
525.5055
525.548425
526.280875
527.0339
527.041675
527.0825
527.4408
527.55515
527.664475
527.76865
528.26115
530.7824
532.07295
532.409375
535.192875
540.603875
540.85465
545.645225
545.684425
545.686275
546.284075
546.45925
546.5421
546.69565
547.008625
547.90225
548.09965
551.93195
561.792425
569.5796
573.9767
576.67455
577.3211
577.794525
577.964575
578.659275
579.3361
579.44455
589.814275
589.86045
590.8544
598.490125
606.657975
635.2799
635.57865
636.456225
636.760025
636.82925
646.57395
650.249625
657.3015
662.324075
666.144225
669.22765
670.875425
675.91065
676.019325
685.4307
685.9294
698.334725
702.947625
702.953675
703.1391
722.687425
723.251525
733.635725
734.507725
734.57995
759.59415
759.6358
759.6398
759.950975
810.942425
850.535925
859.46865
860.213675
877.319675
877.46255
877.465375
877.6131
879.170675
879.3983
884.52565
884.674525
885.397025
885.6333
899.49105
899.77925
900.99465
901.352325
910.259375
912.062875
913.838425
915.45475
917.053025
926.2954
931.9029
932.002175
932.134225
932.834975
933.41395
958.938425
959.48535
965.660025
966.6221
966.954075
967.162
967.284325
968.5174
973.175525
973.2324
973.392025
973.562425
973.687
973.699575
974.3273
975.39305
975.50485
976.3964
976.893825
977.1814
981.7636
982.949575
983.1991
983.8909
984.1733
984.49425
984.57845
984.728675
984.8278
984.930075
984.985175
985.3913
985.9278
987.245525
