0.016725
0.059475
0.071475
0.1136
0.1413
0.193825
0.208925
0.282425
0.3765
0.643275
0.7952
0.926675
0.964025
1.02045
1.128625
1.1983
1.258175
1.342025
1.53785
1.552
1.577775
1.598875
1.6518
1.85625
1.964725
2.12335
2.155325
2.19295
2.2654
2.3563
2.485525
2.539125
2.5526
2.623375
2.63145
2.6364
2.693875
2.721375
2.7841
2.834625
2.90065
2.9394
2.9666
3.09125
3.4778
3.496875
3.53005
3.539575
3.589275
3.61455
3.621975
3.6519
3.663875
3.7153
3.7355
3.756625
3.797725
3.820425
3.84415
3.8928
3.966325
4.03805
4.1296
4.14855
4.206075
4.21865
4.236875
4.288275
4.3873
4.658525
4.708025
4.774425
4.8191
4.88585
4.9224
4.96655
5.00035
5.068075
5.19595
5.23985
5.3004
5.344075
5.408075
5.4498
5.462575
5.66335
5.74935
5.76785
5.8088
5.83315
5.887625
5.98655
6.020625
6.0557
6.0737
6.083475
6.096625
6.163175
6.24065
6.347775
6.458475
6.489925
6.501325
6.524575
6.564075
6.570875
6.5986
6.635525
6.727175
6.844
6.857275
6.8672
6.907675
6.91815
6.92685
6.988625
7.00555
7.0191
7.06825
7.09385
7.099975
7.137225
7.14315
7.210725
7.22155
7.26805
7.281375
7.3004
7.33485
7.35175
7.377525
7.387375
7.39835
7.4056
7.5
7.51275
7.5823
7.659925
7.671175
7.8966
7.9454
7.96565
7.981375
8.0273
8.0803
8.14205
8.1735
8.1796
8.3055
8.4084
8.44545
8.458475
8.497775
8.538875
8.545675
8.569525
8.612575
8.6781
8.71665
8.724975
8.74905
8.768575
8.77225
8.988525
9.09585
9.1254
9.2108
9.283875
9.3252
9.39115
9.58215
9.63695
9.690825
9.8195
9.876175
9.949875
9.95445
9.958425
9.9648
9.97835
9.9833
9.992775
9.99945
10.0081
10.01325
10.02005
10.0359
10.043775
10.079175
10.089125
10.094025
10.10795
10.11555
10.12075
10.1524
10.1935
10.2134
10.224475
10.228525
10.29145
10.306125
10.321
10.338075
10.3646
10.42355
10.447875
10.4568
10.6223
10.6812
10.74945
10.804075
10.839125
10.8692
10.88915
10.9117
10.93795
10.97055
11.0448
11.067675
11.112475
11.13755
11.142625
11.185475
11.20705
11.221275
11.235325
11.2422
11.2617
11.26725
11.30265
11.319425
11.35175
11.363975
11.4189
11.455275
11.50395
11.67485
11.72835
11.74895
11.832825
11.84295
11.8878
11.926825
11.94105
11.956175
11.968625
11.9745
11.989775
12.0381
12.070875
12.092375
12.137775
12.149175
12.285225
12.39925
12.524225
12.546625
12.577575
12.594325
12.629
12.665075
12.671475
12.678
12.722225
12.731175
12.7574
12.771125
12.78235
12.7917
12.80145
12.808575
12.822925
12.844575
12.88035
12.8997
12.9118
12.921
12.948475
12.95395
13.010725
13.0602
13.13745
13.222025
13.274125
13.282825
13.301725
13.356975
13.391475
13.46345
13.492125
13.532425
13.562325
13.588225
13.675025
13.688775
13.6929
13.71605
13.7214
13.79115
13.8208
13.828725
13.98285
14.067775
14.08905
14.120025
14.1349
14.184425
14.2547
14.3033
14.375275
14.438375
14.575725
14.643325
14.684825
14.73505
14.7597
14.77465
14.800125
14.806825
14.8262
14.86065
14.889775
14.898475
14.95375
15.010175
15.02815
15.045925
15.065125
15.1512
15.27885
15.300375
15.394675
15.584825
15.6683
15.689775
15.72715
15.755325
15.776575
15.798525
15.822025
15.84225
15.89395
15.95715
16.01395
16.036
16.0433
16.091425
16.104625
16.148475
16.17655
16.264175
16.30385
16.32025
16.33025
16.375925
16.509025
16.57915
16.66515
16.6813
16.71955
16.752975
16.7994
16.84165
16.89935
16.929675
16.9637
16.973125
16.9764
16.9801
16.984375
16.987925
16.997375
17.002125
17.01595
17.020775
17.136425
17.17105
17.2963
17.347225
17.414925
17.4707
17.638625
17.7201
17.73085
17.75295
17.757625
17.7689
17.781475
17.801525
17.830625
17.866275
17.904975
17.97625
17.988725
18.00635
18.107975
18.21265
18.270125
18.3071
18.359975
18.39355
18.408625
18.429925
18.450325
18.4684
18.506875
18.52795
18.567225
18.60905
18.64145
18.663125
18.701425
18.728
18.74025
18.75075
18.767075
18.842175
18.882675
18.90105
19.0214
19.034475
19.2717
19.448875
19.5113
19.766725
19.845225
19.96245
20.020225
20.070075
20.11735
20.135025
20.171
20.261375
20.29165
20.35685
20.48635
20.5348
20.6094
20.656325
20.68955
20.772925
20.828325
20.9307
20.965
20.9774
20.984475
21.1447
21.2381
21.292925
21.37915
21.477575
21.53865
21.54395
21.570225
21.610875
21.698225
21.702575
21.747
21.7518
21.756275
21.80345
21.8091
21.83395
21.8666
21.885125
21.961675
22.0098
22.042325
22.106025
22.156575
22.212725
22.299875
22.4094
22.48275
22.484125
22.4915
22.5336
22.558625
22.633375
22.72105
22.842675
22.883525
22.91315
22.956425
22.988275
23.00195
23.011425
23.01585
23.065225
23.080325
23.112325
23.13425
23.144575
23.153775
23.184575
23.190175
23.19955
23.239475
23.298275
23.424175
23.456725
23.488925
23.507875
23.537625
23.548575
23.564825
23.57635
23.60415
23.622075
23.685925
23.71145
23.74345
23.76775
23.795
23.845275
23.915675
23.961875
24.002375
24.04545
24.0517
24.10845
24.1484
24.265
24.3607
24.37675
24.399725
24.44965
24.46735
24.473425
24.492825
24.502375
24.54795
24.5727
24.607625
24.613225
24.66185
24.76215
24.808675
24.889575
24.925775
25.180575
25.2438
25.328075
25.366175
25.395175
25.446025
25.4958
25.532975
25.5395
25.5603
25.580575
25.588675
25.650775
25.668475
25.707825
25.72395
25.763475
25.77155
25.811525
25.92765
25.99185
26.0537
26.1687
26.2136
26.26025
26.265775
26.306725
26.347925
26.35515
26.375475
26.38755
26.39705
26.401775
26.4076
26.4456
26.45715
26.471225
26.4799
26.50505
26.53245
26.582225
26.627325
26.706075
26.71815
26.9632
27.044325
27.092125
27.198875
27.208475
27.30355
27.3514
27.3849
27.67325
27.849425
27.87535
27.9002
27.9169
27.945175
28.00235
28.0457
28.06105
28.1229
28.198525
28.26395
28.4436
28.52195
28.632825
28.807675
28.862075
28.91665
28.97525
29.097075
29.107925
29.11315
29.2378
29.24555
29.256125
29.277225
29.30485
29.326425
29.376525
29.389875
29.40265
29.446625
29.490825
29.55005
29.655175
29.71295
29.74965
29.765675
29.82315
29.9061
29.941875
29.95815
29.96335
30.02585
30.0555
30.069425
30.12465
30.1652
30.1906
30.208875
30.220475
30.3252
30.439625
30.493725
30.5298
30.603725
30.6943
30.7379
30.771775
30.8336
30.859525
30.9903
31.0711
31.137375
31.178175
31.29115
31.3919
31.431475
31.43645
31.46385
31.51455
31.5408
31.55475
31.604575
31.6441
31.735275
31.794875
31.881975
31.9079
31.915775
31.933525
31.96935
32.012425
32.035925
32.1148
32.1348
32.1641
32.190475
32.230325
32.248525
32.30575
32.32015
32.331075
32.34405
32.356525
32.386
32.396225
32.4249
32.438125
32.4699
32.50285
32.5581
32.72025
32.77715
32.825475
32.8951
32.915325
33.022475
33.0893
33.133475
33.148775
33.16035
33.202225
33.226275
33.2689
33.293075
33.32
33.3558
33.4223
33.442825
33.4489
33.510275
33.571275
33.680975
33.707225
33.734525
33.740175
33.755325
33.7683
33.772
33.77565
33.792725
33.8087
33.81575
33.822275
33.829925
33.839325
33.887625
33.901675
33.986425
34.016325
34.036325
34.04365
34.0742
34.091075
34.11395
34.1271
34.147475
34.169825
34.18035
34.194875
34.2003
34.21095
34.24145
34.267875
34.301675
34.318725
34.3248
34.36865
34.399025
34.406175
34.453275
34.487125
34.4971
34.512525
34.51825
34.52265
34.545125
34.55875
34.56355
34.577125
34.584425
34.59335
34.65305
34.670475
34.717275
34.7472
34.768675
34.79285
34.82225
34.838625
34.848325
34.8606
34.961225
34.98905
35.033425
35.073825
35.104175
35.2415
35.265125
35.302375
35.3163
35.3226
35.3494
35.357
35.367775
35.385175
35.393875
35.411375
35.422925
35.433525
35.446025
35.52025
35.53905
35.5465
35.577575
35.63655
35.671825
35.70335
35.7342
35.747025
35.776725
35.82885
35.859425
35.92205
35.9916
36.004325
36.11185
36.130075
36.146725
36.1548
36.17135
36.198475
36.2139
36.2211
36.337125
36.387875
36.419375
36.499125
36.541075
36.6145
36.794925
36.81785
36.8492
36.894425
36.91035
36.91945
36.966625
36.988225
37.0359
37.059675
37.2455
37.2522
37.27835
37.286525
37.354975
37.389525
37.446875
37.512425
37.5768
37.60345
37.659275
37.6939
37.72495
37.823
37.944625
37.9944
38.0601
38.11505
38.222125
38.295525
38.3811
38.50035
38.551575
38.567225
38.57595
38.60875
38.6162
38.795775
38.84445
38.88385
38.909975
38.93405
39
39.04595
39.1584
39.36075
39.503775
39.560875
39.649075
39.6599
39.792625
39.81215
39.885
40.0251
40.099375
40.172125
40.18835
40.24115
40.2487
40.28105
40.3178
40.376475
40.422125
40.4886
40.574275
40.65355
40.755225
40.7668
40.87125
40.890275
40.9833
41.0283
41.069825
41.114025
41.1271
41.1372
41.249775
41.3104
41.3204
41.400325
41.535275
41.8224
42.004075
42.0444
42.153225
42.2964
42.332275
42.419875
42.5733
42.868325
42.916725
42.97915
43.050225
43.0745
43.137775
43.186525
43.2095
43.223125
43.237525
43.25795
43.4008
43.431375
43.602675
43.614525
43.665625
44.049925
44.12825
44.195625
44.2458
44.398325
44.416725
44.48045
44.619725
44.675375
44.71025
44.716325
44.759075
44.853225
45.007425
45.044875
45.253025
45.2851
45.31435
45.3447
45.3631
45.41995
45.482725
45.633675
45.798275
45.899375
46.073575
46.08875
46.092875
46.12645
46.1853
46.22535
46.288225
46.298275
46.327975
46.402675
46.439125
46.473625
46.503275
46.523925
46.5467
46.55665
46.582375
46.6198
46.637925
46.6658
46.70855
46.729925
46.749625
46.76295
46.7954
46.812875
46.83835
46.85355
46.920775
46.973825
47.0008
47.0777
47.102325
47.14555
47.192425
47.269425
47.28065
47.30815
47.41445
47.435225
47.4527
47.50095
47.6967
47.769725
47.78785
47.795425
47.838875
47.85795
47.863025
47.9144
47.968275
48.038075
48.067425
48.079925
48.105675
48.10885
48.135425
48.2391
48.298625
48.3618
48.394
48.451925
48.5141
48.5263
48.535325
48.569675
48.580925
48.6147
48.685125
48.695
48.706325
48.714075
48.731
48.7361
48.74895
48.774875
48.793375
48.807175
48.8224
48.834625
48.8512
48.87085
48.955075
49.1222
49.147225
49.204825
49.266075
49.3073
49.3413
49.359275
49.386625
49.39505
49.40455
49.410025
49.4142
49.426625
49.441625
49.448275
49.46385
49.561675
49.595675
49.882125
50.052825
50.136425
50.21295
50.24325
50.265075
50.309675
50.32975
50.61355
50.6966
51.022725
51.06795
51.157125
51.194975
51.25055
51.2839
51.30645
51.318225
51.3452
51.355825
51.4005
51.4863
51.5542
51.8422
51.85875
51.8852
51.915675
51.953275
51.999075
52.141725
52.23835
52.39255
52.474825
52.556675
52.615125
52.6271
52.670375
52.8159
52.88235
52.887925
52.916425
52.92955
52.996075
53.040075
53.1034
53.153675
53.192425
53.22085
53.232575
53.262475
53.3388
53.346375
53.377
53.382525
53.45705
53.481625
53.523025
53.60395
53.7419
53.794725
53.81325
54.1034
54.127825
54.170975
54.184475
54.2577
54.40075
54.418
54.45005
54.464925
54.48385
54.512125
54.52555
54.530675
54.5346
54.540925
54.5841
54.595
54.62245
54.645475
54.685125
54.74415
54.767225
54.8125
54.866025
54.915025
54.9357
54.9683
54.991875
55.011475
55.018575
55.055875
55.1107
55.273125
55.454025
55.493875
55.500925
55.50435
55.51315
55.621625
55.801425
55.836875
56.0015
56.0904
56.386375
56.4742
56.506925
56.573525
56.637325
56.91245
56.99165
57.0521
57.087775
57.092875
57.170875
57.2271
57.271225
57.324975
57.353625
57.44485
57.504475
57.6443
57.68855
57.707725
57.752275
57.790425
57.86725
57.924175
57.951275
57.98245
58.01545
58.030725
58.09695
58.225975
58.43705
59.4403
59.473325
59.486625
59.495575
59.533675
59.5564
59.592775
59.6086
59.6265
59.66765
59.682125
59.73595
59.834325
59.89895
59.91485
59.936425
60.069725
60.140775
60.235875
60.252975
60.3379
60.366375
60.421975
60.447825
60.541775
60.570125
60.602625
60.66365
60.697875
60.741775
60.77905
60.840525
60.900325
61.0068
61.05315
61.096175
61.132225
61.144575
61.1707
61.17855
61.226775
61.239975
61.27475
61.299425
61.323225
61.4228
61.43805
61.4483
61.4803
61.4882
61.5303
61.621325
61.759275
61.773775
61.78055
61.8123
61.84695
61.87925
61.895475
61.93445
61.951025
61.97365
61.986225
62.004875
62.01125
62.03895
62.054575
62.081925
62.163575
62.3151
62.3987
62.4822
62.57445
62.596875
62.77915
62.8226
62.839525
62.894325
62.954675
63.0214
63.212925
63.269925
63.387525
63.395475
63.419675
63.445175
63.676775
63.7088
63.722625
63.73525
63.810075
63.8415
63.877725
63.9012
63.969925
63.996225
64.044925
64.0597
64.072675
64.07795
64.099575
64.1222
64.160525
64.17665
64.2031
64.29735
64.376475
64.62585
64.714025
64.765725
64.850225
64.990525
65.122125
65.16335
65.2013
65.2295
65.252425
65.276025
65.3097
65.324475
65.3296
65.34955
65.391925
65.40065
65.48305
65.51485
65.6004
65.7041
65.7339
65.7595
65.77345
65.796425
65.956825
66.005825
66.084425
66.22535
66.238625
66.244275
66.298425
66.5111
66.585175
66.63495
66.694625
66.747725
66.7754
66.832225
66.98805
67.051875
67.063775
67.113375
67.1537
67.336425
67.3895
67.44485
67.5702
67.616075
67.677725
67.997575
68.083125
68.217
68.3618
68.44015
68.544825
68.597925
68.633575
68.64135
68.64505
68.654725
68.6643
68.68475
68.68935
68.7022
68.731875
68.741025
68.800025
68.80755
68.840275
68.84675
68.8547
68.873275
68.925675
69.013875
69.073075
69.125125
69.148575
69.245975
69.311125
69.367375
69.416375
69.5544
69.60345
69.637825
69.65925
69.746375
69.77205
69.78355
69.8449
69.905
69.954975
69.99725
70.02995
70.18055
70.20525
70.354425
70.383475
70.54825
70.573225
70.619525
70.714875
70.96075
71.196
71.258225
71.275325
71.39085
71.48535
71.50905
71.513225
71.552
71.55785
71.5638
71.582575
71.6023
71.630225
71.70145
72.10225
72.232375
72.3623
72.3765
72.397
72.6411
72.749925
72.810225
72.91015
72.9384
72.944875
73.053475
73.1011
73.4434
73.478375
73.508625
73.624775
73.801
73.841575
73.922125
73.979975
73.99385
74.15485
74.184075
74.21445
74.2543
74.264075
74.283975
74.2977
74.371275
74.46535
74.4872
74.494775
74.518325
74.52345
74.5326
74.5787
74.617875
74.629975
74.69295
74.72065
74.73095
74.7515
74.7583
74.772925
74.78625
74.791275
74.94475
75.099725
75.25535
75.537225
75.633325
75.6945
75.7358
75.7644
75.8597
75.89
75.9694
76.0094
76.05055
76.091
76.2138
76.24605
76.271775
76.307375
76.33395
76.371425
76.39435
76.411125
76.527
76.5493
76.598425
76.614625
76.633025
76.645075
76.651725
76.68255
76.7115
76.73855
76.7531
76.830925
76.898675
76.986575
76.996825
77.0706
77.091275
77.1023
77.1073
77.1297
77.145475
77.17825
77.2054
77.214675
77.237
77.2478
77.2577
77.3023
77.319225
77.7342
77.798775
77.8553
77.901725
77.908575
77.92235
77.931625
77.940325
77.945475
77.9629
77.9973
78.0118
78.0643
78.17485
78.202675
78.243125
78.26785
78.2725
78.298675
78.3084
78.3257
78.39735
78.463475
78.4907
78.510875
78.585525
78.6774
78.714425
78.72845
78.77065
78.838325
78.890925
78.926525
78.966725
79.076575
79.083625
79.100025
79.1075
79.218225
79.277675
79.3028
79.31265
79.31935
79.3547
79.3589
79.3758
79.38595
79.399075
79.414175
79.442
79.469825
79.49265
79.51475
79.543925
79.58895
79.6245
79.638025
79.698025
79.74045
79.788425
79.867875
79.909425
79.96415
80.031875
80.13005
80.184625
80.26235
80.281125
80.30515
80.3363
80.361
80.368425
80.4126
80.463475
80.47895
80.5672
80.659525
80.676
80.699725
80.70435
80.7112
80.715725
80.79465
80.866625
80.919925
80.9353
80.98645
81.025075
81.043675
81.063425
81.07685
81.159975
81.187775
81.247225
81.294125
81.3158
81.323925
81.3705
81.480525
81.529175
81.5353
81.54645
81.577375
81.60165
81.636775
81.655325
81.678975
81.702775
81.710175
81.86545
81.951925
82.02785
82.1155
82.120825
82.14735
82.239725
82.307525
82.4752
82.556775
82.5909
82.620825
82.66945
82.746125
82.7842
82.875225
82.907625
82.9556
83.0103
83.063075
83.100375
83.22425
83.271
83.365725
83.38395
83.4001
83.41205
83.435225
83.461375
83.52825
83.5671
83.597775
83.60905
83.620275
83.632925
83.6383
83.647675
83.66375
83.66805
83.691125
83.70365
83.721025
83.73055
83.74815
83.7998
83.85125
83.89525
83.926925
83.9573
83.98885
83.9938
84.0836
84.13905
84.1569
84.167925
84.173
84.17725
84.18865
84.20085
84.212125
84.219375
84.2245
84.267875
84.2761
84.29885
84.312925
84.35885
84.38275
84.391875
84.41205
84.42105
84.445275
84.4641
84.482
84.5411
84.5892
84.62955
84.6865
84.7307
84.773225
84.8812
84.976825
85.007625
85.02935
85.04645
85.080975
85.09995
85.158125
85.21875
85.26445
85.382675
85.420475
85.4501
85.5326
85.548175
85.5522
85.5856
85.601575
85.64235
85.70475
85.842325
85.880175
85.919025
86.071775
86.1112
86.147875
86.234425
86.42075
86.438525
86.464975
86.5998
86.67565
86.7418
86.913725
86.9359
87.0112
87.135975
87.2664
87.338125
87.366725
87.385975
87.45655
87.4629
87.683825
87.800325
87.871825
87.880525
87.898075
87.910975
87.9289
87.94875
87.9543
87.97125
88.047125
88.174475
88.209425
88.261275
88.4012
88.658625
88.7949
88.818625
88.83505
88.872075
88.911575
88.945775
88.97865
89.00255
89.013975
89.0359
89.0661
89.305625
89.369425
89.422475
89.497625
89.515475
89.550675
89.5567
89.59425
89.6373
89.678075
89.922625
89.94825
90.02105
90.1086
90.11645
90.16755
90.207475
90.2724
90.36115
90.3966
90.4758
90.5492
90.6116
90.7084
90.812825
91.2461
91.508075
91.54825
91.7482
91.90705
92.10925
92.1949
92.271825
92.302825
92.453375
92.509725
92.516875
92.5496
92.788575
92.8202
92.85885
92.87875
92.902725
92.919775
92.926225
92.956225
92.96725
92.972625
92.979075
92.98755
93.050225
93.18825
93.210525
93.2488
93.303875
93.32725
93.3618
93.377025
93.38905
93.438225
93.5273
93.5698
93.589575
93.604775
93.649775
93.701225
93.7194
93.74115
93.7468
93.7587
93.76955
93.79415
93.8017
93.805125
93.83085
93.835475
93.847675
93.855275
93.86005
93.88425
93.920625
94.030975
94.123125
94.165275
94.175975
94.19855
94.24255
94.252425
94.26365
94.32835
94.353675
94.39055
94.416025
94.472175
94.522425
94.57885
94.610325
94.663225
94.708325
94.788075
94.819725
94.851975
94.91085
94.93895
94.9533
94.957675
94.97375
94.978525
95.0326
95.041725
95.0639
95.14965
95.1542
95.1576
95.188725
95.2122
95.256725
95.28455
95.314525
95.35215
95.41595
95.43715
95.496475
95.57385
95.6049
95.63745
95.65625
95.684375
95.7138
95.7519
95.851375
95.87815
95.886475
95.93615
95.95415
95.97185
95.9882
96.0007
96.0218
96.032475
96.061825
96.067225
96.100325
96.11205
96.115875
96.25605
96.2865
96.3892
96.423625
96.480575
96.525175
96.54525
96.582175
96.600525
96.627775
96.652775
96.687825
96.7286
96.7858
96.855425
96.892875
96.913725
96.926125
96.982075
97.002675
97.017225
97.032775
97.050175
97.061375
97.080725
97.1084
97.14935
97.185925
97.21215
97.261225
97.284525
97.31475
97.32255
97.3504
97.522625
97.576025
97.592025
97.6107
97.619
97.623375
97.626975
97.67765
97.724075
97.7335
97.755575
97.771175
97.808475
97.849325
97.861425
97.8883
97.89565
97.90625
97.915825
97.982125
98.085525
98.1209
98.212975
98.359225
98.5384
98.59585
98.622625
98.77645
98.812275
98.8598
98.889275
98.915
98.940025
99.053025
99.08435
99.12595
99.196375
99.392275
99.397575
99.4369
99.481025
99.5056
99.55285
99.620825
99.66515
99.682525
99.79325
99.8572
99.895925
99.92985
99.97105
99.987
100.030475
100.06935
100.11155
100.135625
100.14475
100.153825
100.181575
100.219375
100.289975
100.3764
100.39995
100.4186
100.437625
100.5034
100.519075
100.54895
100.5557
100.5721
100.5791
100.687725
100.7319
100.75175
100.767325
100.7854
100.79455
100.811875
100.81695
100.850675
100.902725
100.9432
100.96115
101.006575
101.043125
101.0615
101.1101
101.1594
101.201175
101.31455
101.3873
101.628675
101.6786
101.9362
102.081875
102.1019
102.1484
102.158575
102.194525
102.255675
102.4256
102.440575
102.4735
102.4856
102.5301
102.60705
102.719275
102.99745
103.085625
103.0969
103.105
103.165125
103.190725
103.2351
103.2642
103.410175
103.562325
103.692875
103.829375
103.86755
103.8971
103.90275
103.9319
103.972575
103.9931
104.070025
104.13355
104.18585
104.247875
104.308525
104.489225
104.629
104.733825
104.870975
104.92335
105.007925
105.294975
105.336275
105.3905
105.479875
105.527575
105.62135
105.745325
105.7928
106.053925
106.10945
106.172325
106.20815
106.238325
106.246125
106.26015
106.286125
106.2941
106.32805
106.830375
107.028525
107.2327
107.28085
107.357725
107.37195
107.408725
107.41715
107.433325
107.5507
107.564975
107.66335
108.4366
108.57615
108.642825
108.71885
108.7408
108.74485
108.758325
108.81735
108.8572
108.880425
108.959175
109.01925
109.0491
109.05715
109.1155
109.169825
109.195275
109.241575
109.298625
109.3098
109.361675
109.385375
109.423625
109.4454
109.4704
109.50455
109.513675
109.62815
109.66105
109.764675
109.810225
109.85795
109.88265
109.9109
109.957875
109.9635
109.967025
110.00345
110.0158
110.06165
110.101075
110.1105
110.133925
110.143
110.148175
110.217625
110.244875
110.270375
110.282
110.291975
110.3341
110.3414
110.381475
110.434225
110.521625
110.66135
110.715675
110.848225
110.86435
110.972675
111.02025
111.07715
111.081225
111.206
111.2354
111.313175
111.328025
111.377725
111.46535
111.504675
111.54215
111.575875
111.615275
111.663175
111.75765
111.985575
112.067625
112.1401
112.186975
112.276125
112.41985
112.473925
112.53715
112.658025
112.680775
112.7179
112.7817
112.915275
112.926675
112.957875
112.974925
112.99185
113.0139
113.129675
113.225325
113.38525
113.432575
113.5246
113.73055
113.7908
113.851025
113.877125
113.882225
113.91295
113.9358
114.037725
114.081925
114.088625
114.103875
114.1252
114.133075
114.1502
114.155125
114.208075
114.27535
114.30685
114.39185
114.444925
114.452725
114.4828
114.5127
114.552975
114.58675
114.60225
114.618525
114.6303
114.65855
114.68455
114.698225
114.708675
114.7553
114.78655
114.7962
114.8922
114.914375
114.9822
115.02685
115.05145
115.069925
115.095175
115.126525
115.189525
115.33635
115.3929
115.42295
115.464425
115.500075
115.5369
115.589125
115.604125
115.61085
115.645625
115.669225
115.7225
115.76455
115.80025
115.8359
115.863025
115.8723
115.88515
115.899575
115.905025
115.99975
116.026925
116.035975
116.0477
116.068875
116.0998
116.142625
116.189625
116.215475
116.23245
116.266325
116.287575
116.2932
116.2985
116.340075
116.36505
116.397975
116.421325
116.4529
116.472725
116.498825
116.512625
116.536525
116.564425
116.644925
116.726975
116.7708
116.895625
116.9611
117.036225
117.133925
117.165525
117.26955
117.337475
117.40355
117.445
117.46885
117.487075
117.499975
117.5105
117.537625
117.552425
117.637025
117.685575
117.70525
117.7483
117.761175
117.769875
117.786625
117.8021
117.819225
117.845275
117.858675
117.925075
117.9905
118.096
118.208425
118.266775
118.298325
118.3461
118.357025
118.37385
118.41655
118.436625
118.468425
118.48385
118.54835
118.634375
118.6456
118.73665
118.762875
118.80755
118.84395
118.8524
118.8872
118.942025
118.970175
119.062325
119.0779
119.086625
119.093625
119.098875
119.10975
119.17575
119.183375
119.1923
119.207925
119.2147
119.22155
119.32425
119.35655
119.37835
119.393
119.410825
119.446
119.477925
119.504375
119.55895
119.58825
119.5995
119.62795
119.690175
119.7984
119.885225
119.9122
119.92765
119.959875
120.0274
120.042275
120.0744
120.0806
120.0863
120.091225
120.1202
120.15035
120.161375
120.1851
120.217675
120.229575
120.252675
120.277725
120.300325
120.340675
120.3585
120.363725
120.388975
120.424825
120.467475
120.500675
120.523375
120.55835
120.57195
120.643375
120.669175
120.6973
120.72385
120.732375
120.754375
120.77955
120.79345
120.80095
120.83995
120.9121
120.968125
121.0332
121.0824
121.16365
121.205875
121.238875
121.26245
121.296575
121.38245
121.45155
121.493875
121.50585
121.642025
121.7371
121.775075
121.853875
121.873
121.905975
121.97095
121.992975
122.017775
122.0903
122.2186
122.240775
122.315025
122.4371
122.5106
122.535075
122.55635
122.5923
122.627425
122.65365
122.6728
122.6938
122.7005
122.727325
122.7454
122.789925
122.88895
122.985025
123.066175
123.169725
123.205425
123.336525
123.3576
123.433275
123.473325
123.525225
123.5543
123.60905
123.679075
123.71435
123.746275
123.7603
123.78965
123.8414
123.89115
123.916275
123.93755
124.0212
124.1516
124.20145
124.215975
124.240375
124.268825
124.290825
124.436225
124.48145
124.495925
124.535775
124.576975
124.6052
124.645475
124.68325
124.703025
124.73735
124.824875
124.958975
125.10305
125.39215
125.41915
125.4523
125.518075
125.530675
125.555825
125.611575
125.61925
125.660125
125.67055
125.727925
125.8415
126.058075
126.158975
126.3333
126.399625
126.44965
126.496675
126.51455
126.672225
126.709675
126.75065
126.808875
126.872425
126.937575
127.01085
127.0737
127.107875
127.191375
127.25205
127.413825
127.42125
127.53635
127.586925
127.606625
127.64335
127.671675
127.68075
127.698925
127.743325
127.846225
127.91095
127.95445
127.9777
128.057775
128.13285
128.171525
128.39465
128.782325
128.807325
128.846775
128.863
128.8724
128.89855
128.9445
129.02355
129.1073
129.121875
129.1322
129.140925
129.17835
129.188725
129.221425
129.2492
129.258175
129.274925
129.313175
129.321325
129.34455
129.3875
129.42345
129.430725
129.446125
129.452425
129.473325
129.47875
129.49835
129.517825
129.5394
129.5534
129.58755
129.6087
129.6413
129.6819
129.718375
129.7336
129.75875
129.77545
129.802
129.8444
129.905175
129.939225
129.977625
129.985875
129.9966
129.999825
130.071975
130.115325
130.132425
130.153
130.1914
130.23625
130.285825
130.358275
130.386
130.39165
130.448225
130.453475
130.468825
130.5537
130.62795
130.674975
130.733325
130.79215
130.8149
130.82765
130.887875
131.229925
131.313075
131.328875
131.440475
131.520625
131.534225
131.5628
131.5733
131.6472
131.72115
131.839
131.9018
131.937225
132.0976
132.119475
132.179975
132.192475
132.215825
132.279025
132.3099
132.3306
132.3844
132.38995
132.415975
132.433975
132.4623
132.581075
132.65595
132.6794
132.7122
132.7246
132.850975
133.1209
133.1667
133.171125
133.183675
133.23475
133.26355
133.29035
133.322025
133.387875
133.4296
133.55165
133.7046
133.77925
133.84625
133.875975
133.88015
133.967975
133.9738
134.0051
134.136175
134.393275
134.454625
134.501725
134.616675
134.69625
134.943775
135.002175
135.01715
135.035275
135.070425
135.08695
135.093975
135.17475
135.423625
135.46835
135.576825
135.663375
135.697075
135.74425
135.800575
135.8757
136.059675
136.1441
136.232625
136.316675
136.34675
136.44075
136.48635
136.50015
136.5669
136.649625
136.757
136.860375
136.88035
136.909875
136.948675
137.044925
137.093375
137.122725
137.195275
137.346575
137.38565
137.469975
137.5265
137.5819
137.62505
137.6619
137.6722
137.715675
137.74595
137.8063
137.810675
137.849325
137.88555
137.89905
137.959225
137.9871
138.02085
138.033925
138.1005
138.131025
138.16205
138.170025
138.21955
138.275425
138.335075
138.365075
138.4061
138.5118
138.5807
138.61515
138.6319
138.7896
138.893425
138.93615
138.965875
138.9785
139.061925
139.13445
139.189225
139.226475
139.2847
139.328475
139.354575
139.377175
139.40325
139.424325
139.4441
139.479775
139.4866
139.54945
139.564425
139.592125
139.648025
139.69865
139.758975
139.847825
139.899525
139.946875
139.981525
140.115625
140.19405
140.206325
140.2318
140.24285
140.24765
140.258975
140.3828
140.435475
140.509375
140.518425
140.5262
140.53475
140.583025
140.663825
140.761525
140.845825
140.906325
141.041775
141.0974
141.180275
141.195675
141.202675
141.256975
141.2791
141.304075
141.318625
141.328525
141.373175
141.395775
141.402525
141.43555
141.470075
141.59415
141.657825
141.711125
141.755425
142.035975
142.086475
142.1067
142.191475
142.291775
142.32665
142.371225
142.42735
142.4392
142.463825
142.46945
142.54765
142.62495
142.637275
142.6834
142.788
142.8794
143.03525
143.1093
143.202175
143.231375
143.26895
143.346725
143.46235
143.5313
143.549225
143.590475
143.605025
143.69565
143.78565
143.861425
143.8679
143.8715
143.89105
143.90065
143.9115
143.921825
143.932875
143.939175
143.9466
143.99935
144.022325
144.080325
144.16705
144.28595
144.354575
144.37505
144.384625
144.3893
144.397375
144.40565
144.437675
144.4505
144.470975
144.499375
144.517175
144.54315
144.5655
144.596125
144.645625
144.715325
144.78565
144.8188
144.8451
144.88395
144.89445
144.909125
144.941075
144.9852
145.058275
145.09505
145.109275
145.15625
145.25095
145.29995
145.332575
145.403725
145.414825
145.42665
145.46885
145.4819
145.540075
145.56385
145.691475
145.835475
145.867925
145.982875
146.021025
146.17495
146.2164
146.245875
146.263625
146.2694
146.281775
146.287925
146.298175
146.3115
146.327225
146.334625
146.350375
146.362325
146.3949
146.422
146.427475
146.432925
146.511575
146.59145
146.6366
146.702125
146.865925
146.901525
146.931025
146.938225
146.971725
146.981475
147.24385
147.298875
147.39085
147.4186
147.42485
147.49475
147.509475
147.5548
147.567525
147.613675
147.63415
147.638275
147.672775
147.689575
147.720025
147.7842
147.81505
147.8721
147.9202
148.16755
148.200775
148.27865
148.361475
148.423875
148.4534
148.4766
148.5872
148.63895
148.6531
148.664975
148.70515
148.7203
148.804725
148.909875
148.958625
148.966825
148.97125
149.242025
149.3117
149.348625
149.619475
149.650425
149.662375
149.666625
149.700875
149.7428
149.766875
149.928825
149.944825
149.989975
150.090425
150.17565
150.24745
150.2938
150.39285
150.657075
150.679375
150.70675
150.714
150.734525
150.7934
150.797375
150.833675
150.901875
150.9974
151.116
151.164875
151.244525
151.332
151.682775
151.753575
151.7748
151.795775
151.830675
151.84345
151.859625
151.864625
151.916975
151.931225
151.95905
151.966175
151.9914
152.005675
152.039725
152.050975
152.105875
152.15085
152.25425
152.29535
152.35855
152.3733
152.422
152.449325
152.460325
152.492075
152.511375
152.525375
152.533675
152.54725
152.560425
152.5998
152.611175
152.648125
152.6541
152.658025
152.793025
152.842325
152.849025
152.8969
152.9455
152.972725
153.0025
153.084875
153.0972
153.13425
153.1727
153.2063
153.250425
153.2705
153.280975
153.3024
153.31
153.345925
153.358075
153.374075
153.38915
153.4219
153.501475
153.5514
153.626125
153.715225
153.854775
153.99715
154.0317
154.050225
154.0793
154.1543
154.1756
154.185575
154.194325
154.2038
154.21895
154.233875
154.247375
154.2765
154.302625
154.3398
154.351275
154.36245
154.38585
154.4001
154.40475
154.440675
154.462075
154.4879
154.494725
154.516225
154.531825
154.544925
154.569925
154.587325
154.641475
154.678225
154.75125
154.780025
154.7934
154.815625
154.9345
155.117025
155.212325
155.224925
155.254425
155.3081
155.36105
155.400325
155.42825
155.484175
155.50025
155.586825
155.6202
155.6539
155.718075
155.7602
155.78855
155.852075
156.008325
156.05965
156.09115
156.19625
156.265
156.3928
156.411175
156.440425
156.449375
156.465125
156.478425
156.4971
156.51975
156.544525
156.59015
156.617175
156.6301
156.678325
156.6923
156.721525
156.7759
156.809325
156.8418
156.847775
156.868675
156.878475
156.924375
156.950875
156.992775
157.02155
157.1212
157.245775
157.34855
157.52485
157.5436
157.547275
157.67215
157.6965
157.735125
157.74635
157.7576
157.774775
157.94825
158.1043
158.1414
158.239225
158.3218
158.412675
158.43095
158.462675
158.521125
158.5654
158.584925
158.614075
158.70915
158.818175
158.88305
158.933075
159.04865
159.112475
159.2195
159.2371
159.303875
159.388525
159.4238
159.47
159.479375
159.5466
159.67425
159.689625
159.732275
159.807875
159.829825
159.84625
159.8953
159.9928
160.03585
160.056625
160.0863
160.139
160.14885
160.188875
160.26115
160.27795
160.295925
160.39535
160.4327
160.47425
160.481675
160.5408
160.57065
160.60675
160.685475
160.76
160.90155
160.922525
160.950875
161.034675
161.080225
161.214225
161.286475
161.332675
161.6562
161.872725
161.886675
161.901825
161.9254
162.147575
162.211
162.420325
162.56425
162.633725
162.6856
162.694425
162.699475
162.718275
162.727
162.744575
162.758675
162.82225
162.855475
162.9024
162.9638
162.971575
163.0054
163.051775
163.07165
163.086225
163.098275
163.14955
163.178475
163.324175
163.3529
163.368275
163.420925
163.4631
163.468925
163.483125
163.49005
163.517625
163.683475
163.72495
163.782425
163.812825
163.859675
163.868325
163.91965
163.970275
163.983
163.9889
163.993525
164.023275
164.061125
164.0791
164.08475
164.12015
164.12745
164.184975
164.209825
164.29095
164.307625
164.3632
164.455675
164.523775
164.5993
164.61735
164.63885
164.6622
164.672525
164.718775
164.754675
164.893025
164.94415
164.984225
165.048425
165.123275
165.188725
165.1942
165.2902
165.335125
165.399575
165.625875
165.64015
165.696725
165.72785
165.746525
165.761875
165.803375
165.844075
165.854
165.91975
166.00025
166.092175
166.120275
166.143775
166.179025
166.220975
166.2356
166.395925
166.592175
166.653725
166.7102
166.748775
166.776875
166.8204
166.975125
167.026325
167.05535
167.076125
167.1208
167.131925
167.16705
167.18975
167.202275
167.2086
167.31425
167.324675
167.377625
167.408175
167.4713
167.496175
167.558875
167.6257
167.6717
167.7449
167.7899
167.8263
167.871875
167.93375
168.02575
168.14115
168.22265
168.407
168.47105
168.503575
168.53915
168.55695
168.58945
168.6221
168.661525
168.672825
168.694725
168.703175
168.708575
168.739
168.809925
168.838225
168.861075
168.91565
168.965225
168.9821
168.9871
169.01095
169.0358
169.069425
169.09255
169.114775
169.1707
169.269
169.3675
169.374575
169.389725
169.4375
169.48235
169.542
169.580825
169.6003
169.6273
169.74135
169.790975
169.815525
170.130225
170.25855
170.349325
170.774025
170.8999
170.93925
171.032725
171.09185
171.114725
171.18085
171.283025
171.327875
171.398425
171.430675
171.4966
171.514575
171.550425
171.7261
171.80495
171.86305
171.9236
171.955325
171.9628
171.97295
172.0007
172.015725
172.035775
172.068125
172.11015
172.15225
172.17665
172.229875
172.367675
172.403425
172.502625
172.56445
172.62945
172.727275
172.866225
172.89505
172.966775
173.00885
173.03775
173.12555
173.1308
173.1727
173.218625
173.263275
173.30415
173.395875
173.40845
173.431
173.49125
173.5205
173.5448
173.654925
173.674275
173.82325
173.8903
173.931025
173.957275
173.983925
174.25095
174.351075
174.613875
174.6291
174.67065
174.738875
174.797275
174.87055
174.9
174.988175
175.0236
175.03965
175.09085
175.128375
175.166125
175.185025
175.19675
175.20335
175.218775
175.2291
175.267025
175.2998
175.37805
175.53615
175.682275
175.7809
175.833775
175.86745
175.95335
176.005725
176.0739
176.1655
176.2832
176.349125
176.39825
176.45825
176.485975
176.6163
176.696375
176.7483
176.76525
176.785975
176.79065
176.799375
176.8145
176.8202
176.83185
176.857775
176.8621
176.86785
176.883225
176.893425
176.8982
176.921025
176.95155
176.95805
176.970625
176.97765
176.999825
177.0387
177.076125
177.1435
177.226275
177.262875
177.331125
177.3541
177.371375
177.418275
177.439575
177.45815
177.468325
177.4834
177.50555
177.643975
177.718625
177.80305
177.812275
177.838575
177.89195
177.923
178.041875
178.11325
178.225625
178.285225
178.396425
178.459575
178.481325
178.535725
178.5865
178.68085
178.69555
178.7048
178.732575
178.74125
178.800975
178.804625
178.849525
178.876775
178.949675
179.00635
179.289425
179.3315
179.560125
179.607875
179.726125
179.749375
179.769475
179.809775
179.866525
179.912225
179.97905
180.0052
180.186525
180.23155
180.26025
180.267
180.27025
180.3508
180.4011
180.465525
180.504625
180.52745
180.58245
180.6708
180.71445
180.75395
180.777825
180.78425
180.907325
181.0109
181.021725
181.025725
181.08075
181.120925
181.1693
181.178625
181.1831
181.197225
181.206325
181.22505
181.242525
181.252725
181.253975
181.2682
181.2774
181.28465
181.29265
181.307025
181.312225
181.3243
181.341525
181.3771
181.393375
181.4097
181.440025
181.512075
181.5285
181.5576
181.565025
181.628125
181.66285
181.69565
181.753175
181.819325
181.8855
181.91365
181.91785
181.958375
181.98345
181.9926
182.003025
182.03605
182.055925
182.088275
182.118825
182.1351
182.193225
182.2269
182.2337
182.266325
182.321675
182.349125
182.363875
182.42385
182.514525
182.534725
182.54875
182.584475
182.596925
182.624475
182.666025
182.6786
182.69255
182.72895
182.749
182.7728
182.786675
182.7967
182.800525
182.8269
182.91905
182.9676
183.09025
183.123325
183.2164
183.246375
183.3236
183.3586
183.382325
183.388125
183.42755
183.49645
183.540675
183.553925
183.5796
183.585975
183.636725
183.641
183.81315
183.936525
183.979925
183.99585
184.0034
184.0357
184.064175
184.0863
184.1073
184.173975
184.23545
184.2548
184.293625
184.3558
184.415
184.4464
184.5249
184.76985
184.891775
184.920425
184.938825
184.947075
185.003125
185.122
185.199775
185.23205
185.253775
185.349375
185.451675
185.48975
185.578725
185.62525
185.6812
185.73335
185.8102
185.916075
186.129925
186.23895
186.26235
186.28365
186.364775
186.37465
186.406
186.41535
186.457825
186.480225
186.5024
186.510725
186.515675
186.5662
186.59505
186.622875
186.63965
186.6564
186.698675
186.75225
186.7801
186.886375
186.996275
187.13805
187.1771
187.206875
187.253225
187.34385
187.3645
187.388275
187.4321
187.446275
187.538325
187.715575
187.93675
188.053975
188.111525
188.1374
188.14165
188.18855
188.217
188.421425
188.533625
188.731575
188.95125
188.99925
189.025975
189.066275
189.113725
189.151
189.1862
189.201125
189.22425
189.284875
189.372475
189.407625
189.446675
189.71715
189.745125
189.8833
189.9353
190.01235
190.051225
190.0883
190.09795
190.14595
190.171675
190.186575
190.23265
190.36925
190.584025
190.673325
190.689825
190.759175
190.92115
191.0274
191.429075
191.4797
191.4891
191.497
191.506275
191.525625
191.567475
191.577075
191.5853
191.67075
191.8927
192.0632
192.163025
192.2246
192.253025
192.309375
192.3253
192.330325
192.335
192.462575
192.503425
192.578025
192.6151
192.6735
192.7896
192.8611
192.876825
192.911825
192.91645
192.94175
192.9895
193.022775
193.1196
193.2201
193.2582
193.307325
193.3289
193.3488
193.379
193.4029
193.445
193.565975
193.67605
193.740775
193.862125
193.954175
194.004525
194.036775
194.090925
194.096175
194.168725
194.189875
194.21315
194.225325
194.2662
194.27315
194.29915
194.3182
194.3598
194.376325
194.38975
194.428175
194.447525
194.47285
194.48965
194.510525
194.576225
194.676025
194.777025
194.809975
194.847275
194.9214
194.995075
195.02475
195.0546
195.0859
195.10695
195.12565
195.15385
195.1904
195.243775
195.392875
195.4011
195.457
195.494175
195.565075
195.5911
195.595875
195.6577
195.7111
195.7767
195.8343
195.8519
195.87295
195.943925
195.987225
196.0557
196.098375
196.122475
196.133675
196.14665
196.158025
196.285575
196.4284
196.554475
196.624325
196.6325
196.883675
197.0115
197.1019
197.17025
197.226275
197.2421
197.2592
197.308975
197.334425
197.5123
197.5729
197.865025
197.902475
198.035825
198.112425
198.217125
198.3011
198.41745
198.45495
198.461025
198.9246
198.937475
198.963025
199.0767
199.1206
199.1593
199.325825
199.384925
199.4159
199.66805
199.80825
199.845275
199.95645
200.05325
200.0903
200.1316
200.1452
200.15
200.158875
200.1625
200.1666
200.185525
200.204125
200.21735
200.222925
200.236425
200.252675
200.26025
200.28805
200.449425
200.60095
200.697775
200.926475
200.9907
200.999175
201.0055
201.058075
201.123775
201.14275
201.19115
201.219775
201.236975
201.252025
201.2699
201.322675
201.336
201.34335
201.362175
201.379125
201.395
201.46555
201.47695
201.4829
201.506525
201.56375
201.57955
201.614525
201.750675
201.9024
202.36915
202.427625
202.5387
202.618475
202.668175
202.726625
202.7459
202.7639
202.775825
202.78175
202.7868
202.80275
202.807725
202.84845
202.9258
202.974375
203.059325
203.1671
203.193325
203.2664
203.353425
203.385025
203.4158
203.42955
203.441525
203.445875
203.486425
203.497675
203.5041
203.52885
203.543075
203.54765
203.5523
203.5817
203.5993
203.652725
203.673175
203.688
203.6995
203.72075
203.982475
204.007525
204.0244
204.042825
204.0623
204.174075
204.24395
204.30665
204.3973
204.4327
204.441725
204.466575
204.489225
204.504525
204.51135
204.55725
204.592125
204.67885
204.72055
204.7693
204.851225
204.905975
204.95685
204.9823
205.083525
205.133375
205.167725
205.18975
205.212725
205.346375
205.510325
205.583
205.587025
205.668
205.745525
205.895625
205.9315
205.950375
205.955125
205.97285
206.0361
206.066575
206.15975
206.25835
206.288175
206.360975
206.417275
206.672925
206.7059
206.71665
206.73825
206.806025
206.88175
206.9895
207.087925
207.16055
207.247875
207.277375
207.302325
207.339075
207.43315
207.492825
207.566875
207.738175
207.7776
207.82
207.849425
207.9308
207.996025
208.17805
208.299275
208.42545
208.4704
208.540275
208.568825
208.73755
208.76605
208.775525
208.945175
209.01065
209.0596
209.119
209.146475
209.219
209.2332
209.23735
209.3155
209.366525
209.399275
209.538675
209.566025
209.612075
209.64845
209.74565
209.776725
209.847875
209.91675
209.986225
210.03715
210.049425
210.0538
210.096425
210.1042
210.10965
210.114825
210.125925
210.1844
210.24335
210.345425
210.35325
210.36915
210.4101
210.4206
210.45825
210.471425
210.4897
210.508525
210.56655
210.5832
210.619175
210.700925
210.718425
210.759875
210.767875
210.86
210.992975
211.001425
211.0213
211.1127
211.2202
211.2377
211.287425
211.374575
211.41295
211.470375
211.483575
211.504725
211.534775
211.57765
211.60695
211.6164
211.74125
211.797325
211.828375
211.8595
211.95775
212.0219
212.056175
212.218875
212.269425
212.404175
212.471725
212.541525
212.612225
212.6668
212.6923
212.715675
212.73105
212.808625
213.054725
213.1049
213.12695
213.220475
213.26355
213.3294
213.369775
213.385775
213.425325
213.4446
213.517525
213.54735
213.649425
213.712525
213.837825
213.90335
213.9546
214.017825
214.11175
214.33125
214.5062
214.551325
214.594375
214.60875
214.640125
214.64665
214.65525
214.663175
214.782125
214.907175
215.39985
215.459225
215.4793
215.49965
215.5663
215.5973
215.6607
215.701725
215.7099
215.7355
215.8031
215.86095
215.886225
215.941475
215.99165
216.1547
216.20695
216.214675
216.26495
216.30075
216.30905
216.320525
216.382525
216.42205
216.609475
216.707325
216.90725
216.9669
216.99755
217.0088
217.04215
217.052875
217.080225
217.1327
217.177925
217.3065
217.413125
217.557675
217.6282
217.66625
217.70765
217.8509
218.2572
218.32355
218.4072
218.4244
218.47735
218.697625
218.7604
218.8295
218.896775
218.93735
218.966225
218.982175
219.01475
219.0773
219.1091
219.125275
219.1612
219.1695
219.24825
219.31115
219.3296
219.3385
219.3967
219.413225
219.4271
219.446775
219.45155
219.490525
219.4979
219.566825
219.5744
219.59975
219.6646
219.715325
219.7668
219.8511
219.8742
220.047875
220.1118
220.1409
220.163875
220.2318
220.338675
220.3656
220.382775
220.392875
220.408775
220.42225
220.44855
220.46265
220.5033
220.54295
220.572275
220.5852
220.60385
220.6979
220.73065
220.7691
220.7763
220.856425
220.896675
220.974525
221.0232
221.038875
221.203275
221.273925
221.364225
221.5089
221.590175
221.6371
221.715375
221.8452
222.068875
222.105425
222.11025
222.148475
222.167575
222.185625
222.23405
222.265425
222.31855
222.333575
222.620325
222.6458
222.718
222.748675
222.79525
222.8339
222.88195
222.910275
222.974075
223.082525
223.233
223.274425
223.3746
223.4727
223.4979
223.578975
223.659
223.7211
223.73415
223.96225
223.998825
224.09975
224.133025
224.234625
224.272275
224.326625
224.343425
224.374775
224.3872
224.41825
224.4388
224.470275
224.53475
224.57235
224.597975
224.6568
224.714225
224.7471
224.777225
224.8877
224.986975
225.0452
225.08025
225.16705
225.28255
225.34425
225.3825
225.4579
225.4874
225.513
225.579625
225.6437
225.782575
225.8169
225.849575
225.870675
225.90355
225.931425
225.954775
225.9663
225.9784
226.005025
226.018275
226.058275
226.075775
226.0984
226.10665
226.110725
226.1182
226.46165
226.553975
226.572125
226.703625
226.8269
226.893225
227.00785
227.056975
227.1053
227.1277
227.142125
227.1937
227.200075
227.204175
227.242475
227.24755
227.253425
227.2573
227.30005
227.311275
227.339075
227.38545
227.431625
227.43765
227.463775
227.484475
227.502125
227.522175
227.531975
227.561775
227.571625
227.576825
227.644575
227.68395
227.752625
227.776125
227.819375
227.875275
227.89445
227.915525
227.969625
228.002925
228.1218
228.192875
228.236375
228.25835
228.3006
228.483475
228.549125
228.556
228.620975
228.635325
228.671825
228.692075
228.72075
228.730975
228.75275
228.7624
228.7841
228.78975
228.801875
228.82205
228.826775
228.8371
228.84565
228.88035
228.898025
229.07775
229.199525
229.25745
229.30155
229.342125
229.366725
229.379925
229.387125
229.429475
229.444025
229.48285
229.5494
229.563625
229.60005
229.634175
229.659225
229.699075
229.709075
229.715775
229.72465
229.758
229.8726
229.8854
229.89635
229.909675
229.925375
229.9303
229.9382
229.951925
229.968425
229.979475
229.997475
230.00945
230.014875
230.01965
230.297425
230.53055
230.56405
230.6036
230.62975
230.65545
230.664925
230.67485
230.699525
230.7448
230.766325
230.810025
230.83985
230.844725
230.922675
230.959825
230.9962
231.004425
231.0082
231.1477
231.17085
231.1928
231.21325
231.225625
231.23645
231.3134
231.38565
231.445975
231.459725
231.471375
231.502425
231.508875
231.515675
231.525325
231.5359
231.5482
231.5642
231.596375
231.626025
231.661225
231.77985
231.83455
231.841825
231.907825
231.947725
231.952075
231.9579
232.02665
232.03125
232.081925
232.132425
232.144225
232.16555
232.18775
232.2177
232.23615
232.266525
232.28265
232.428825
232.440725
232.44605
232.456
232.502275
232.517025
232.54865
232.56335
232.6036
232.6589
232.7372
232.81715
232.97255
233.018775
233.051075
233.06265
233.100525
233.104925
233.124875
233.195425
233.269975
233.3165
233.37895
233.385125
233.5275
233.56525
233.608825
233.636075
233.6673
233.6798
233.710725
233.7498
233.7607
233.794475
233.824225
233.836325
233.867675
233.900975
233.938725
234.057775
234.1353
234.191775
234.20595
234.2116
234.23065
234.29965
234.33855
234.352625
234.434225
234.450375
234.45765
234.480725
234.534425
234.566625
234.60895
234.64515
234.6645
234.82065
234.903225
235.131625
235.14965
235.175625
235.1796
235.1845
235.19035
235.2038
235.225
235.2323
235.25465
235.280425
235.297175
235.31335
235.32075
235.33495
235.348475
235.3638
235.54185
235.610825
235.6457
235.7839
235.81405
235.93935
235.99965
236.020625
236.08105
236.13145
236.1897
236.1961
236.2069
236.2379
236.2429
236.272975
236.282225
236.286425
236.301675
236.30715
236.3246
236.330075
236.344175
236.356825
236.362775
236.3731
236.3926
236.43225
236.441025
236.44655
236.499025
236.50355
236.516825
236.525975
236.5827
236.624775
236.6844
236.732925
236.79165
236.850825
237.05075
237.07275
237.08525
237.130575
237.1863
237.21315
237.22145
237.231475
237.241225
237.289025
237.3868
237.44265
237.491275
237.51855
237.53495
237.627525
237.66475
237.704025
237.778475
237.97655
238.002925
238.00765
238.0673
238.10635
238.120125
238.17725
238.214525
238.2565
238.27225
238.30465
238.37505
238.528325
238.59015
238.6533
238.7167
238.747625
238.7764
238.780825
238.8195
238.850575
238.941925
238.954925
239.0305
239.061475
239.10175
239.2191
239.227825
239.237325
239.242175
239.250275
239.26015
239.26515
239.33945
239.478825
239.571675
239.61765
239.63105
239.654525
239.755575
239.980475
240.005175
240.01655
240.05805
240.10985
240.143175
240.20075
240.278525
240.318725
240.39605
240.422525
240.4455
240.4833
240.5386
240.5851
240.8927
241.061075
241.17475
241.2396
241.2598
241.28
241.2868
241.31505
241.32165
241.325575
241.3538
241.366425
241.4079
241.41285
241.44195
241.465025
241.52
241.6948
241.724425
241.784175
241.87425
241.944525
241.95045
241.971375
241.978125
241.990675
242.00375
242.030725
242.03765
242.0578
242.120375
242.223725
242.237175
242.260175
242.3258
242.377325
242.3941
242.4417
242.535875
242.57135
242.58675
242.605125
242.65155
242.78375
242.842325
242.891875
242.926825
242.9605
243.010375
243.080175
243.157675
243.178625
243.3215
243.369725
243.401875
243.4161
243.425925
243.55035
243.6102
243.62555
243.63935
243.6667
243.7031
243.806975
243.85385
244.004825
244.060875
244.14165
244.155675
244.175775
244.196375
244.204775
244.2112
244.21435
244.2254
244.241825
244.251475
244.2578
244.322025
244.339075
244.3713
244.3849
244.428225
244.4703
244.52085
244.711725
244.76135
244.792875
244.8434
244.8781
244.91785
245.077075
245.09315
245.09975
245.1062
245.1125
245.147825
245.1543
245.159975
245.4932
245.618575
245.707325
245.91805
245.928975
245.939775
246.0111
246.102025
246.1332
246.140875
246.165675
246.2409
246.250575
246.2708
246.291075
246.29675
246.305
246.355775
246.39455
246.432275
246.4931
246.55115
246.56655
246.58085
246.59845
246.61145
246.630375
246.65615
246.68895
246.729825
246.745225
246.7526
246.8007
246.840025
246.883775
246.915275
246.936725
246.9724
247.017125
247.024275
247.033025
247.0394
247.05755
247.062575
247.067575
247.072575
247.10765
247.114075
247.2205
247.326675
247.4394
247.531425
247.54645
247.661775
247.707175
247.73535
247.778625
247.92585
248.085775
248.120225
248.130075
248.1414
248.164575
248.1845
248.21885
248.2246
248.232875
248.29245
248.312425
248.330275
248.33575
248.4472
248.454875
248.46385
248.647225
248.95935
248.999925
249.107075
249.131875
249.151425
249.1841
249.239825
249.246275
249.256425
249.260925
249.291625
249.357575
249.386025
249.457175
249.472825
249.535675
249.6193
249.6354
249.669125
249.748875
249.8341
249.878125
249.938875
250.068675
250.215475
250.263875
250.330175
250.4568
250.49535
250.575375
250.685275
250.779575
250.804025
250.8114
250.8248
250.8327
250.855175
250.8644
250.8704
250.90135
250.9341
250.9677
250.992175
251.0307
251.10485
251.136625
251.205875
251.233
251.306
251.462125
251.491025
251.504175
251.509075
251.528925
251.540375
251.544575
251.5697
251.574425
251.60485
251.61715
251.62985
251.649875
251.655325
251.71675
251.75305
251.7658
251.880375
251.9114
251.924425
251.943025
251.966525
251.976875
252.099825
252.227875
252.24995
252.29735
252.337275
252.348975
252.363125
252.380925
252.4834
252.625825
252.72245
252.7395
252.81335
252.8263
252.886
253.07725
253.12895
253.176625
253.2694
253.4084
253.4286
253.467275
253.52455
253.5529
253.573525
253.685275
253.71055
253.769125
253.78255
253.81275
254.195525
254.7098
254.7344
254.7584
254.880525
254.889075
254.8932
254.9403
254.956775
254.967875
254.979175
255.01365
255.0393
255.052925
255.078625
255.1436
255.19855
255.21805
255.25225
255.283925
255.31355
255.556525
255.645025
255.807175
256.105325
256.1596
256.20385
256.2178
256.2641
256.270175
256.275525
256.3056
256.412375
256.478075
256.515275
256.671675
256.920975
257.004725
257.158325
257.18905
257.2074
257.212225
257.22385
257.2346
257.239725
257.244325
257.278325
257.295225
257.302675
257.3084
257.3335
257.4944
257.4998
257.55385
257.616425
257.6257
257.64325
257.713975
257.7852
257.87645
258.018875
258.066975
258.094075
258.10525
258.149125
258.194725
258.267575
258.27205
258.2943
258.34655
258.3611
258.405075
258.44885
258.4593
258.534625
258.65745
258.693275
258.78425
258.808375
258.83435
258.862775
258.87455
258.89955
258.9181
258.95115
259.06195
259.10825
259.13165
259.2454
259.285925
259.336875
259.40275
259.417325
259.430625
259.483675
259.5582
259.61045
259.666075
259.758275
259.806075
259.8139
259.83285
259.836275
259.864375
259.8979
259.9088
259.945125
259.985775
260.00575
260.039275
260.052425
260.05805
260.12345
260.18865
260.2232
260.236525
260.247525
260.31675
260.5545
260.6156
260.651925
260.7361
261.05215
261.18685
261.24035
261.391125
261.412525
261.5627
261.5847
261.72635
261.78845
261.838375
261.974075
261.982175
262.0262
262.04335
262.059675
262.076975
262.1109
262.1467
262.179575
262.1996
262.38455
262.407875
262.4653
262.5725
262.724725
262.766325
262.93905
262.947125
263.03155
263.0706
263.101525
263.136425
263.205075
263.269275
263.3531
263.40915
263.467475
263.5162
263.5814
263.5895
263.679325
263.716525
263.7824
263.9847
264.134275
264.1829
264.325225
264.349125
264.4606
264.5318
264.6777
264.8377
265.0154
265.048525
265.09455
265.114725
265.128625
265.20595
265.3314
265.379725
265.486975
265.521625
265.52805
265.554375
265.61115
265.72535
265.826025
266.2995
266.617025
267.5768
267.792275
267.8672
267.8802
267.967525
268.034875
268.093075
268.52285
268.5385
268.585125
268.638675
268.7154
268.740875
268.8203
268.843475
268.86745
268.8806
268.89705
268.91785
268.9545
269.04725
269.243725
269.355825
269.4244
269.548475
269.580925
269.69565
269.741825
269.759175
269.791725
270.097575
270.185325
270.348925
270.768775
270.958475
270.9761
271.0164
271.066775
271.087775
271.2746
271.43845
271.52505
271.64735
271.901325
271.927275
271.955525
272.019725
272.08325
272.1738
272.284425
272.3528
272.41195
272.4408
272.569125
272.65685
272.743325
272.809375
272.84265
272.87405
273.077025
273.2511
273.273525
273.2879
273.299575
273.30325
273.3202
273.343
273.411875
273.424
273.44075
273.445575
273.494675
273.551075
273.561675
273.722525
273.801775
273.903675
273.990625
274.094475
274.138075
274.218225
274.24215
274.355925
274.419175
274.5262
274.662175
274.699075
274.7236
274.762875
274.7852
274.79755
274.80465
274.8207
274.827425
274.86195
275.00835
275.096725
275.1367
275.154825
275.240725
275.3622
275.4347
275.4457
275.462375
275.470675
275.577225
275.634325
275.6706
275.689375
275.747325
275.766525
275.79
275.835375
275.879825
275.922475
276.085125
276.28095
276.40015
276.571275
276.728925
276.743
276.7628
276.808175
276.844325
276.86215
276.988375
277.00135
277.008925
277.0356
277.04915
277.07345
277.09445
277.11835
277.185875
277.24355
277.313625
277.376175
277.409325
277.63035
277.68405
277.768
277.81205
277.862125
277.898725
277.95055
278.001675
278.064725
278.1743
278.220775
278.249675
278.275175
278.29175
278.2964
278.307625
278.318275
278.32375
278.35915
278.384625
278.4044
278.4344
278.464825
278.5085
278.517125
278.533375
278.560575
278.5861
278.608275
278.615825
278.622275
278.647925
278.652625
278.686325
278.6957
278.7494
278.79305
278.8003
278.806825
278.8198
278.8503
278.873725
278.89345
278.89835
278.904075
278.9341
278.94045
278.94565
278.971025
278.976
279.019525
279.0437
279.065775
279.078725
279.085875
279.098375
279.110475
279.1262
279.148825
279.173975
279.208575
279.2611
