0.064075
0.70725
0.97855
1.189375
1.9141
2.234425
2.84905
3.1385
3.977275
4.190475
4.88125
5.2832
5.56815
5.985275
6.70715
6.896375
7.98875
8.287025
8.50505
8.64655
10.402975
10.704675
11.051775
11.35075
11.5443
11.693275
12.585925
12.746075
13.44955
13.64245
13.86185
14.535075
14.81295
15.456225
15.7054
15.964475
16.72685
16.9042
17.0457
17.475575
17.5509
18.417575
18.757275
19.35195
19.709525
19.8792
20.957875
21.168925
21.40535
22.1576
22.347175
22.6192
22.792425
23.6688
23.846425
24.03555
24.9729
25.23145
25.901925
26.217825
26.3707
27.12505
27.38575
27.935175
28.1731
28.7545
29.088175
29.256425
30.00825
30.452825
31.17135
31.7366
32.21015
32.459725
32.722375
33.3811
33.533025
33.677425
34.375825
34.670825
34.9116
35.225275
36.018025
36.6305
37.0324
37.7079
38.223925
38.495975
39.5645
39.780725
40.43325
40.8968
41.0221
41.223225
41.99725
42.175575
42.812525
43.070675
43.198625
43.40165
44.105975
44.37155
44.6596
45.20775
45.557425
45.841125
45.962875
46.8151
47.102225
47.110675
47.67325
47.9345
48.019
48.238125
48.8763
49.144725
49.3669
50.05715
50.27565
50.854675
51.288275
52.3902
52.7264
53.849625
54.250975
54.517175
55.1617
55.3088
56.21595
56.448275
56.96165
57.39415
57.5805
57.833275
57.952275
58.666375
59.015625
59.115225
59.226525
59.4504
60.07065
60.2973
60.74265
60.87085
61.08105
62.032275
62.21345
62.590625
62.80765
63.036525
63.7249
63.94575
64.1455
64.7596
64.9864
65.182425
65.903975
66.18595
66.4043
67.0498
67.310825
67.439
68.205675
68.493575
69.213425
69.59125
69.8955
70.733875
71.0406
71.959525
72.2849
73.2963
73.69175
73.9945
75.008975
75.4363
75.670075
76.5176
76.775575
77.563225
77.8223
78.080325
78.631725
78.8872
79.0351
79.7873
79.966775
80.119475
80.322375
80.971775
81.21465
82.001025
82.439575
82.745475
83.77955
84.838225
85.291075
86.013375
86.3811
86.9039
88.028775
88.6164
90.030875
90.473775
91.361475
92.310175
92.74935
93.4875
93.807925
93.81815
94.07525
94.67025
94.863275
95.6899
96.01855
96.60435
97.01395
97.883825
98.3392
98.629425
99.35945
99.8146
100.56665
101.539775
102.0488
102.307425
103.059125
103.3537
104.12035
104.450175
104.72515
105.12155
106.116375
106.991875
107.56645
108.17205
108.54815
109.1913
109.558125
110.54055
110.885175
111.611325
111.790575
112.493675
112.8471
113.12935
113.43595
113.50065
113.620725
114.384075
114.532525
114.711575
115.37965
115.574125
115.6794
116.533725
116.635425
116.7679
117.583225
117.7666
117.848625
118.1135
118.80815
119.0133
119.892325
120.12925
121.254425
121.78895
122.4609
123.36775
123.922925
124.84665
125.350625
126.90565
127.336425
128.07365
128.47145
129.07915
129.4653
129.849475
130.156825
130.3914
131.029825
131.473575
131.708325
131.8182
132.15405
132.86865
133.150425
133.856475
134.58915
134.838175
135.567275
135.982625
136.59515
136.99045
137.594725
137.915125
138.8182
139.748275
140.138175
140.825925
142.0096
142.357725
143.29865
143.5334
144.77505
145.32225
145.900225
146.613275
146.988575
147.32985
148.08425
148.533675
149.190775
149.424375
150.1842
150.449875
151.022275
151.36125
151.640175
152.665725
153.83435
154.148775
154.798275
155.103075
156.022925
156.28185
156.67895
157.473125
157.7958
159.026375
159.291575
159.592375
160.5216
160.7406
161.519475
161.6433
162.482
162.6415
163.3095
163.8754
164.482275
165.63165
166.065675
166.818775
167.73925
168.1741
168.609825
169.11475
169.309525
169.53405
170.362625
170.6022
171.316925
171.7583
172.102625
172.46425
172.481825
172.706025
173.07905
173.899925
174.3208
174.549075
175.232475
175.58785
175.9387
176.274725
176.4343
176.639225
177.46595
177.762475
177.919525
178.1061
178.260125
179.12455
179.4338
179.71205
180.561675
180.8395
181.02015
181.8932
182.7396
183.26705
184.085975
184.489125
184.980925
185.44925
186.47855
187.022175
187.62675
188.34795
188.821975
189.591
189.99385
190.3178
190.806675
191.79005
192.1756
192.45725
193.054525
193.380425
193.74365
194.504625
194.80015
194.984225
195.194725
195.90335
196.75685
196.9495
197.16945
197.9713
198.2371
198.455075
199.21785
199.41365
200.935425
202.01105
202.405625
203.1677
203.46595
204.15125
204.400625
204.546075
205.393925
205.70825
205.9138
206.591575
206.905325
207.6641
208.00275
208.32275
208.972175
209.710725
210.05505
210.799225
211.54415
211.92565
212.610875
213.328625
214.001125
214.472975
215.262375
216.117925
216.771275
217.144575
218.044125
219.109575
220.016675
220.488025
221.124125
221.5047
222.229775
222.5203
223.20545
223.67555
223.8983
224.557025
225.274475
225.952325
226.306175
227.0508
227.6952
228.095675
228.465025
229.0597
229.2734
230.24625
230.548375
231.1778
231.85905
232.225975
232.7798
233.118825
233.789225
234.109375
234.648375
235.184825
235.498325
236.025275
236.609075
236.948275
237.3762
237.6667
238.468225
238.8971
239.582875
240.751075
241.110725
241.817725
242.7042
243.0924
243.4515
243.8386
244.278975
244.4879
244.7386
245.9251
246.648225
246.91155
247.0111
247.707175
247.96035
248.6958
249.048675
249.250725
249.9377
250.160075
250.9516
251.313375
251.627375
252.520225
253.02135
253.852725
254.58885
255.34015
255.761475
255.9523
256.14595
256.36485
256.471725
256.96665
257.201875
257.858975
258.08605
258.25335
258.856425
258.944375
259.190175
260.6822
260.821525
260.92705
261.22955
262.0194
262.355975
262.741425
263.367725
263.55155
264.557025
264.82435
264.991825
265.814
266.1488
266.347725
267.0358
267.23095
267.424525
268.124375
268.440325
269.159825
269.443175
269.572775
270.26535
270.55905
270.68255
271.402475
271.716775
271.868325
272.536975
272.7072
272.935375
273.074525
273.82295
274.4845
274.829525
275.17935
275.392625
276.0817
276.40415
277.33845
277.7616
277.9758
278.929375
