0.36815
2.573125
2.627825
2.9711
3.041775
3.651725
3.91315
4.270825
6.016075
7.229925
7.333525
7.7215
8.22845
9.3431
11.793175
12.670075
13.254775
13.42185
13.63645
14.6654
15.1508
15.41935
15.918425
15.9819
16.1605
16.974075
17.0269
18.2068
19.265575
19.367325
19.536525
19.735275
20.39065
20.4615
20.47405
20.558575
20.5907
20.7187
20.906675
21.326175
21.551
22.36455
22.681225
23.0147
23.02835
23.19545
23.3842
23.438725
24.426475
24.49435
24.663
24.923925
24.98875
25.13315
25.2723
25.3148
25.4551
25.660775
25.803425
25.920025
26.030725
26.621675
26.66665
26.842975
27.243275
27.256375
27.275175
27.382025
27.5557
28.293125
28.382425
28.56315
28.622325
28.760425
28.93295
28.96705
29.000625
29.0593
29.29615
29.3927
29.6321
29.674075
29.78515
29.9019
29.92615
29.950775
29.962125
29.9703
30.065925
30.6498
30.8222
30.97195
30.988725
31.079175
31.1309
31.16245
31.1824
31.3038
31.3477
31.75585
31.992075
32.03575
32.394925
32.40685
32.428425
32.564075
32.795125
33.0434
33.171075
33.2031
33.438125
33.6383
33.696275
33.76785
33.77585
34.09935
34.1368
34.188025
34.22395
34.246225
34.291175
34.3742
34.430525
34.688775
35.686575
35.7174
35.778625
35.844625
35.88555
36.0573
36.23905
36.2906
36.342225
36.46525
37.04085
37.2342
37.3981
37.6949
37.9389
37.947125
38.092325
38.172225
38.2426
38.333525
38.680775
39.0641
39.3543
39.54315
39.5964
40.0433
40.634675
40.8603
41.084125
41.10345
41.129175
41.343925
41.43605
41.700525
41.7441
41.815725
41.96095
42.046175
42.061125
42.169875
42.1841
42.76065
43.058
43.218325
43.258675
43.381725
43.5209
43.68215
44.12185
44.2045
44.26525
44.2887
44.347525
44.477475
44.909
45.29705
45.410575
45.482825
45.76015
45.799725
45.818975
45.8689
46.000775
46.395975
46.5664
46.60515
46.66515
46.735725
46.775475
46.85755
46.9209
46.9929
47.19705
47.24675
47.269275
47.325275
47.500175
47.73775
47.8287
47.904475
47.938975
47.98075
48.061325
48.11795
48.23665
48.252325
48.278125
48.380875
48.539125
48.73785
49.04505
49.086225
49.0997
49.117075
49.202825
49.24265
49.307225
49.36345
49.387075
49.438575
49.6611
49.667475
49.8705
49.881825
49.98305
50.023425
50.1099
50.117575
50.147475
50.165625
50.178575
50.37985
50.825725
50.886425
50.910375
50.9427
50.989825
51.081125
51.166
51.680575
51.711325
51.739175
51.82065
52.2568
52.26475
52.316425
52.470975
52.562075
52.5999
53.0254
53.198275
53.365375
53.446375
53.625325
53.738375
53.834425
53.869775
53.9297
53.97445
54.00335
54.02425
54.05285
54.074275
54.09605
54.14795
54.1665
54.190775
54.252525
54.3638
54.4525
54.48695
54.53805
54.676075
54.718075
55.072175
55.1921
55.523525
55.560475
55.575225
55.6171
55.758775
55.944725
56.09925
56.32275
56.518175
56.663525
56.9002
57.1914
57.38875
57.4499
57.52335
57.581325
57.61365
57.633625
57.709075
57.773525
57.837625
58.022825
58.130925
58.6317
58.84795
58.9232
59.04075
59.057825
59.09605
59.146125
59.298925
59.357125
59.531075
59.741225
59.8562
59.959575
60.1747
60.208575
60.24125
60.271825
60.5898
60.691075
60.727225
60.835475
60.90245
60.965875
61.010475
61.14455
61.201475
61.233225
61.785325
61.96725
62.147125
62.566625
62.615925
62.882625
62.970475
63.109325
63.302175
63.3201
63.5536
63.588175
63.6359
63.716025
63.738775
63.879925
63.9401
63.988325
64.1181
64.25015
64.39895
64.78105
64.8788
64.99855
65.020225
65.0459
65.059
65.094675
65.1658
65.19665
65.217725
65.255375
65.27545
65.3016
65.54675
65.62865
65.7163
65.72805
65.78305
65.83825
65.8951
65.955975
66.07995
66.1874
66.316075
66.34915
66.5443
66.955875
66.994925
67.09855
67.158275
67.24995
67.383275
67.511775
67.54435
67.587625
67.6292
67.65895
67.894675
68.040425
68.093225
68.1294
68.214125
68.2758
68.30785
68.390025
68.461675
68.52555
68.57265
68.732225
69.248975
69.421725
69.49305
69.5086
69.56005
69.586825
69.620775
69.66045
69.714225
69.73045
69.756825
69.872175
70.051425
70.219825
70.28235
70.31225
70.379475
70.495225
70.527775
70.603475
70.630175
70.6793
70.724675
70.783025
70.804925
70.841025
70.915625
70.9203
71.00295
71.011875
71.106125
71.1524
71.201975
71.208425
71.35405
71.492675
71.578475
71.919375
71.93985
72.01215
72.0678
72.165425
72.224975
72.810425
72.863725
72.934175
72.97285
73.096825
73.37395
73.467775
73.51855
73.5626
73.59635
73.650675
73.6951
73.72855
73.94045
74.162725
74.258275
74.313375
74.370825
74.37645
74.398125
74.470575
74.93975
75.0425
75.168025
75.341425
75.5496
75.619225
75.945675
75.982225
76.141025
76.243025
76.5705
76.68415
76.73945
76.7664
76.782925
76.79585
76.820675
76.836
77.02395
77.087675
77.10315
77.139575
77.1886
77.236775
77.29705
77.370125
77.4497
77.57215
77.679625
77.756075
78.062775
78.1413
78.1984
78.670525
78.68655
78.717075
78.773025
78.917175
78.954125
79.37305
79.626275
79.6749
79.723025
79.74585
79.809625
79.858225
79.97805
80.06905
80.22455
80.640625
80.730275
80.756425
80.839225
81.344275
81.678325
81.8201
81.9324
82.185675
82.255125
82.80275
82.869375
83.088025
83.251675
83.386275
83.643575
83.86995
84.222475
84.440375
84.58365
84.697575
84.7729
84.84615
84.9372
84.9887
85.0659
85.156375
85.249025
85.669775
85.862725
85.9696
86.030375
86.047075
86.062925
86.090975
86.2187
86.638725
86.682825
87.049375
87.082775
87.340425
87.382325
87.631725
87.702875
88.0401
88.10195
88.536475
88.640025
89.11565
89.12485
89.518175
89.555875
90.05715
90.131625
90.330875
90.389175
90.5166
90.714025
91.233175
91.4381
91.47305
91.55355
91.59195
91.641125
91.84725
91.867675
92.120575
92.1904
92.367375
92.4673
92.52275
92.5719
92.66475
92.7615
92.82725
92.9059
92.933675
93.866375
93.943425
94.2811
94.352025
94.40385
94.533225
94.657475
94.6816
94.823225
94.839725
94.992125
95.001025
95.055425
95.4472
95.453725
95.4672
95.517375
95.871
96.1277
96.332625
96.383825
96.597825
96.648125
96.721225
96.755225
96.924125
96.941875
97.053475
98.1715
98.4769
98.56985
98.77525
99.114675
99.377825
99.661775
99.7412
99.80655
100.05045
100.254575
100.7624
101.38465
101.483025
101.91455
102.25205
102.32565
102.5371
102.8685
102.900925
103.102825
103.215325
103.939775
103.978625
104.01545
104.17455
104.19085
104.232125
104.28455
104.435925
104.44655
104.505075
104.9678
105.341675
105.394175
105.841375
105.991475
106.054225
106.07245
106.11915
106.1767
106.21305
106.306375
106.39995
106.583925
106.76995
106.8235
106.83575
106.89445
107.008175
107.03885
107.118775
107.146475
107.265775
107.356925
107.46565
107.60845
107.778125
107.82815
108.3131
108.442675
108.659625
108.7023
109.15475
109.548425
109.6668
109.723925
110.179225
110.295275
110.3311
110.3626
110.4264
110.446325
110.49015
110.522375
110.576
110.614925
110.674975
110.739375
110.8164
110.9135
110.931775
111.2796
111.414875
111.518975
111.559275
111.66885
111.76385
111.852325
111.92355
112.13155
112.4582
112.495825
112.560975
112.619625
112.63955
112.9053
113.0565
113.092675
113.204775
113.252475
113.388
113.540175
113.62485
113.7531
113.814875
113.8291
113.8399
113.87005
114.057425
114.078025
114.214275
114.51265
114.585475
114.616675
114.708425
114.907425
114.986475
115.0917
115.147525
115.229125
115.274375
115.317975
115.421625
115.491825
115.52685
115.713575
115.7614
115.8187
115.979925
116.228075
116.2607
116.3143
116.36615
116.4103
116.6138
116.71685
116.872975
116.9277
117.0349
117.227925
117.30355
117.366275
117.650175
117.7479
117.914175
118.1411
118.515575
118.6416
118.7516
119.218425
119.470825
119.529325
119.55095
119.635725
119.728575
119.8468
119.95175
119.97475
120.20705
120.941375
121.050125
121.1766
121.281575
121.4934
121.811275
122.10545
122.312725
122.4543
122.539
122.583125
123.119075
123.31965
123.579275
123.64725
123.742875
123.8351
124.300175
124.312675
124.530925
124.656175
124.708175
124.741425
124.816075
125.089125
126.227675
126.2437
126.65945
126.865325
127.014025
127.05455
127.266125
127.4837
127.6339
127.900175
128.1855
128.270125
128.3022
128.356425
128.386275
129.022375
129.0897
129.1321
129.274125
130.16755
130.828
130.8637
131.0015
131.0957
131.52805
131.566725
132.2181
132.305775
132.612375
132.77195
133.041225
133.62025
134.158275
134.610475
135.350625
135.689325
135.786275
135.986625
136.70455
136.72885
136.779075
137.0011
137.1316
137.36325
137.442225
137.819925
137.918375
138.0527
139.074675
139.117825
139.169375
139.39325
139.42785
139.465075
139.63255
139.738975
139.7573
139.86215
139.91005
139.973275
140.054875
140.846025
140.9688
141.3409
141.938525
141.997775
143.04915
143.11575
143.389175
143.4816
143.57435
143.59445
143.68985
144.14365
144.945925
144.9747
145.0624
145.10315
147.6708
148.1416
148.1853
148.404275
148.416625
149.520675
149.592225
150.5542
150.77065
150.99985
151.3476
151.374475
151.46325
151.5388
151.622825
151.6489
151.68715
151.716
152.119475
152.16385
152.19225
152.247775
152.381725
152.398825
152.440125
152.494825
152.614175
152.821825
152.884775
153.143125
153.408725
153.65495
155.462175
156.227475
156.599375
157.28165
157.51595
157.6691
159.01625
159.094475
159.905575
160.5877
160.9067
161.358225
161.615075
161.697775
161.74395
162.530175
163.0238
163.099725
163.20095
164.62105
164.79735
166.334125
167.1901
167.836975
167.886525
168.165175
168.431325
168.5986
168.626575
169.34035
169.35715
169.3884
169.5754
169.593125
169.641275
169.7166
169.74105
169.84225
169.878875
169.902775
169.935275
169.9978
170.063475
170.13185
170.174675
170.224575
170.345525
170.392875
170.4581
170.50945
170.651325
171.17515
171.32715
171.4648
171.64035
173.9086
174.412025
174.600925
175.0925
175.17875
175.223325
175.2765
175.298225
175.341775
175.37805
175.41295
175.63655
175.929425
176.05975
176.26305
176.28575
176.36075
176.38815
176.459
176.519875
176.5608
176.648775
176.81975
176.991425
177.221425
177.34735
177.3885
177.49615
177.568325
177.6528
177.69715
177.8067
177.9115
178.5385
178.553325
178.58315
178.6377
179.545425
179.615475
179.694075
180.1011
180.3185
180.3382
180.435875
180.536975
180.726675
180.815075
180.99365
181.043175
181.06595
181.079975
181.231225
181.275375
181.332725
181.390925
181.453425
181.583975
181.605825
181.724975
181.739725
181.8104
181.836225
182.159075
182.51085
183.100075
183.2429
183.3214
183.374425
183.514
183.6615
184.1477
184.2035
184.2353
184.292025
184.344175
184.3745
184.430025
184.47325
184.50215
184.57515
184.591575
185.043
185.11925
185.362575
185.425825
185.6471
185.76195
185.82145
185.853425
185.867075
185.89755
185.937525
185.963025
185.98855
186.0219
186.38105
186.4833
186.896375
187.0012
187.0427
187.069
187.63295
187.774025
187.825025
187.884425
187.935475
188.136725
188.622675
188.7847
189.0009
189.8073
189.934625
190.063425
190.36745
190.428925
190.860775
190.897525
190.935775
190.952675
191.271
191.392675
191.4571
192.13115
192.20135
192.86595
192.91075
192.942675
193.1275
193.161575
193.308625
193.355725
193.38435
193.406725
193.528425
194.279575
195.13905
195.184125
195.609725
195.71825
195.829375
195.917025
195.9616
196.01645
196.106825
196.643025
196.6885
196.8071
197.05285
197.127175
197.2657
198.204
198.28175
198.443
198.8796
198.937675
198.9879
199.039075
199.083875
199.1141
199.168775
199.223675
199.606325
199.7812
199.8695
199.937675
199.990625
200.06265
200.13385
200.480175
200.734925
200.783225
200.8602
200.946725
201.133425
201.16445
201.276375
201.31995
201.36035
201.43095
201.495925
201.83775
202.18445
202.23215
202.437075
202.494325
202.50825
202.5305
203.1394
203.22405
203.411475
203.6056
203.829225
204.08015
204.133475
204.178425
204.21175
204.24085
204.317
204.345275
204.369525
204.3916
204.40995
204.442225
204.566625
204.736
204.788525
204.865975
204.9517
204.982925
205.100275
205.15635
205.2618
205.438125
205.579475
205.714775
205.9068
205.972
206.1695
206.233525
206.36055
206.48545
206.558025
206.603
206.696725
206.768725
206.7824
206.84285
207.4912
207.59785
207.640925
207.700925
207.730675
207.88525
208.022175
208.044225
208.15945
208.730825
208.87145
208.885225
208.91365
208.919525
209.092725
210.96135
211.012075
211.85345
212.21745
212.305
212.383975
212.425
212.568825
212.59775
212.638825
213.247025
213.30045
213.3276
213.526175
214.2181
214.30805
214.36305
214.426825
214.73685
215.1294
215.209625
215.231075
215.24915
215.29085
215.456
215.51605
216.124825
216.54535
216.672025
216.76225
217.2279
217.37135
218.25855
218.27045
218.398725
218.790525
218.905075
219.101925
219.804025
221.087075
221.4087
221.497575
221.557825
223.895575
224.084675
224.562825
226.272075
226.37985
228.356975
229.732575
232.096325
234.5917
234.62115
234.930975
235.0047
235.0333
235.12965
236.1643
238.32375
238.389575
238.643525
238.736675
238.820125
238.899175
238.972075
239.024
239.349325
239.42425
239.5414
239.59675
239.6734
239.858325
239.94245
240.854875
240.9055
243.025725
243.329175
244.013475
244.8314
245.5927
245.719325
245.7903
246.552475
246.6023
246.655025
246.790575
246.8563
247.6654
248.7657
249.12725
249.825325
249.852275
249.960125
250.021
250.0866
250.910875
251.0145
251.061175
251.1177
251.2791
251.361775
251.4446
251.530875
251.8193
251.92735
252.0175
252.05805
252.141225
252.19635
252.6149
253.78715
253.893675
253.954225
254.130475
255.858
257.65315
257.867025
257.9845
258.138725
258.665375
258.851475
259.730475
259.810275
259.87675
259.9443
259.962025
260.0491
260.774775
260.882775
260.96855
261.020525
262.695325
265.451875
265.5022
265.689125
265.713575
266.089325
267.054125
268.46625
269.3199
269.455675
270.30065
270.4111
270.522125
270.568775
271.788925
273.014125
273.985875
274.961325
275.423925
276.372775
276.453525
278.203575
278.95215
