14.8235
29.051075
29.092575
29.1485
31.644925
31.6816
33.759825
33.844775
33.99975
34.474625
35.362175
35.975
37.955225
42.218025
45.3071
45.976375
50.1834
51.72825
53.36485
55.53185
93.0304
97.083225
100.469125
117.70895
117.84335
119.225225
130.50845
140.3092
142.5083
149.57935
157.343525
194.1687
195.23615
199.413425
203.469625
214.597
216.4161
218.283625
227.280625
227.3026
227.3966
228.281125
228.514375
230.763125
233.17795
236.312225
240.074375
242.0705
243.0991
243.52045
243.62265
251.763475
254.4578
254.701375
254.982
260.3327
261.1849
262.815075
263.669975
270.55655
270.57555
270.58495
271.93285
