5.1697
8.57515
14.7041
14.737025
31.69165
32.8399
33.6627
33.6923
36.1243
36.8792
37.46805
39.797
49.395425
68.646475
68.65815
68.6796
69.9436
69.958
70.690075
72.633825
74.49395
80.33705
80.35255
82.149575
96.0252
96.035575
96.09945
96.974025
100.05625
100.608175
108.561075
109.850025
119.172925
122.50145
122.509825
133.081
136.089075
136.11265
140.19805
142.483175
152.037725
157.5112
167.1974
199.489925
199.660925
204.670725
204.679775
205.31695
208.121225
210.987975
210.9974
230.686325
233.0425
236.0197
236.042175
240.44645
249.246475
260.986025
260.992675
270.557775
270.573075
270.591575
275.457025
276.6612
