0.121
0.1607
0.293525
0.505725
0.74815
0.756325
0.763125
0.813175
0.948125
1.3337
1.839675
1.851825
2.000875
2.7376
2.75875
3.6763
4.30085
4.677925
5.06075
5.06165
5.4403
5.473225
5.574075
5.587525
5.798125
5.841075
6.21425
6.323775
6.3793
6.549575
6.6299
6.6722
6.850775
7.244275
7.34165
7.384525
7.4005
7.4047
7.408775
7.4309
7.82255
8.165525
8.2164
8.270725
8.281525
8.427475
8.77275
8.9385
8.943775
8.95925
8.9759
9.0006
9.07455
9.117275
9.47025
9.48075
9.48585
9.490125
9.502475
9.702075
9.71485
9.7186
9.7308
9.737525
9.74785
9.7535
9.75785
9.76135
9.9944
10.0005
10.009875
10.013
10.02215
10.27765
10.3332
10.342775
10.65415
10.704125
10.80205
11.42745
11.771975
12.0448
12.54705
12.598725
12.728425
12.751625
12.827875
13.03655
13.07095
13.212225
13.347825
13.5915
13.619625
13.63285
13.90885
14.014225
14.1542
14.220775
14.2484
14.290925
14.71025
14.942
15.011125
15.103075
15.25115
15.271175
15.278625
15.42945
15.5868
15.6471
15.740925
15.767875
15.794075
15.831925
16.0785
16.125575
16.149625
16.163025
16.1871
16.20255
16.335025
16.514475
16.54855
16.584675
16.5903
16.721075
16.997725
17.1311
17.276075
17.592775
17.85105
17.969
17.9798
18.219525
18.5443
18.606075
19.165875
19.47865
19.5354
19.6986
19.71175
20.208925
20.3085
20.4749
20.7536
20.8632
20.88795
21.172025
21.369175
21.4043
21.427225
21.728475
21.76395
21.771775
21.774275
21.77855
21.78075
21.784875
21.79305
21.797425
21.808525
22.131425
22.186275
22.195425
22.83845
22.894225
22.929175
23.045375
23.3518
23.490975
23.49875
23.50315
23.504
23.506625
23.515075
23.870125
23.8872
24.300675
24.3832
24.53875
24.6076
24.61145
24.616
24.618375
24.772875
24.888425
25.0302
25.03905
25.04495
25.0573
25.16355
25.16995
25.1736
25.334475
25.4302
25.5646
25.624275
25.64795
25.6632
25.713325
25.808375
25.820775
25.842775
25.85195
25.8608
26.042125
26.15775
26.174275
26.1873
26.22245
26.425575
26.5595
26.578925
26.6577
26.886675
26.957325
27.003175
27.01835
27.0275
27.0858
27.116125
27.169525
27.261825
27.3533
27.400725
27.411375
27.420325
27.4372
27.507425
27.515175
27.519075
27.614825
27.696875
27.703975
27.7149
27.73275
28.078225
28.103075
28.614425
28.697975
28.70825
29.138275
29.425075
29.44955
29.664425
29.6742
29.71415
30.2037
30.224825
30.238975
30.373025
30.383125
30.610125
30.6339
30.665475
30.687725
30.725975
31.003125
31.006025
31.02015
31.0283
31.0466
31.139575
31.1612
31.42145
31.480625
31.78615
31.822075
31.8304
32.1464
32.2268
32.2552
32.28125
32.535825
32.561775
32.58815
32.6171
32.85145
32.856825
32.860175
32.864025
32.8688
32.881125
32.9015
33.340875
33.3814
33.561275
33.68175
34.03695
34.151775
34.220125
34.40745
34.540375
34.70645
34.91705
35.45205
35.51125
35.593975
36.05175
36.08915
36.23195
36.2396
36.244325
36.24995
36.261275
36.26785
36.464075
36.482525
36.50525
36.538975
36.804875
36.810525
36.837575
36.84325
37.120375
37.6946
37.730875
37.754775
37.928225
37.981125
38.0183
38.44395
38.4817
38.538475
38.550825
38.5597
38.577625
38.6082
38.63505
38.760775
38.79375
39.05885
39.072175
39.083575
39.086775
39.092025
39.320775
39.349875
39.3786
39.53425
39.54235
39.54535
39.670825
39.6742
40.11135
40.2203
40.691175
40.7068
40.714725
40.726925
40.7447
41.324675
41.382775
41.442225
41.50385
41.531175
41.587925
41.713325
41.76145
41.795275
41.799925
41.8043
41.806025
41.8086
41.81775
41.82125
42.04295
42.086075
42.0966
42.107075
42.124275
42.13935
42.25925
42.311325
42.7519
42.800575
43.11645
43.162675
43.17915
43.18505
43.192775
43.53615
43.57075
43.70865
43.716275
43.724425
43.7591
43.770675
43.95425
44.1723
44.240175
44.261575
44.297225
44.6745
44.77075
44.8429
44.8926
44.91225
44.913675
44.938925
44.957325
44.964975
45.2051
45.213425
45.341675
45.546725
45.5501
45.757225
45.856775
46.167925
46.1759
46.205575
46.225575
46.250325
46.377275
46.81355
46.838575
46.869025
46.886875
46.89805
47.118925
47.134825
47.17785
47.20195
47.237775
47.2486
47.289775
47.589375
47.611475
47.8885
47.959575
48.173
48.25245
48.3251
49.455175
49.59825
49.610175
49.685275
49.705375
49.711875
49.720175
50.126275
50.208575
50.72685
50.750175
50.817925
50.889525
51.032275
51.300275
51.344475
51.4268
51.49285
51.6689
51.834875
52.002825
52.643275
52.7921
52.827725
52.836575
52.84385
52.8447
52.8671
53.2361
53.264275
53.342625
53.350275
53.355275
53.40505
53.638125
53.639975
53.6734
53.6907
53.776
53.78375
53.932275
53.97355
54.23015
54.237525
54.280125
54.3102
54.606625
54.66375
54.691175
54.692025
54.69525
54.70155
54.708675
54.7246
54.844975
54.963375
55.04685
55.0907
55.099375
55.1035
55.1114
55.1234
55.172125
55.46005
55.47925
55.5233
55.592475
55.607025
55.61925
55.636325
55.88145
56.0546
56.191525
56.90415
56.939425
56.9989
57.032175
57.1684
57.2465
57.7864
57.792925
57.81435
57.854125
57.871175
58.23135
58.236425
58.24495
58.25275
58.266625
58.315075
58.609925
58.9126
58.920575
58.927225
58.932375
58.95015
59.216175
59.229925
59.42045
59.46815
59.50685
59.848025
59.86065
59.89405
59.9495
59.99885
60.199875
60.20825
60.21085
60.214675
60.220625
60.2275
60.235275
60.255675
60.434175
60.4788
60.55395
60.581375
60.60015
60.635175
60.9428
61.2193
61.285025
61.5468
61.599975
62.1032
62.107225
62.1126
62.1212
62.1298
62.138375
62.144275
62.160775
62.48505
62.689875
63.19525
63.211075
63.213625
63.2343
63.25395
63.586475
63.66795
64.175375
64.179
64.194025
64.21755
64.2442
64.412825
64.454
64.535475
64.867
64.896675
64.90935
64.935825
65.04165
65.097825
65.188325
65.204625
65.371275
65.386425
65.3944
65.7795
65.792775
65.804325
65.818775
65.932875
66.162925
66.1955
66.214075
66.235825
66.498375
66.76335
66.798
66.8073
66.981
67.007
67.0114
67.0238
67.035725
67.338225
67.421825
67.460875
68.13535
68.24625
68.326625
68.34875
68.656925
68.71945
68.92815
69.00205
69.10285
69.521925
69.721575
69.7758
69.78755
69.789375
69.793225
69.796625
69.80015
69.803625
70.135225
70.244
70.3845
70.559175
70.58295
70.600825
70.613075
71.27955
71.302325
71.314475
71.32495
71.3486
71.42685
71.440425
71.496975
71.564875
71.7341
71.7426
71.752475
71.7537
71.77655
72.231
72.43765
72.55195
72.60175
73.188175
73.21995
73.3211
73.367425
73.656275
73.826525
73.8313
73.841125
73.96
73.9925
74.023525
74.0338
74.048325
74.05585
74.0732
74.093075
74.127
74.13805
74.382425
74.41065
74.4208
74.428175
74.484975
74.63665
74.883725
75.17475
75.79445
75.810575
75.862
76.186225
76.314425
76.324825
76.32585
76.329875
76.334175
76.339575
76.365125
76.70845
76.7133
76.719375
76.734775
76.755025
77.19755
77.21575
77.412275
77.466775
77.5126
77.762725
77.8263
77.861925
77.917675
78.08315
78.282975
78.778675
78.88045
78.934525
78.9712
79.00885
79.094375
79.443975
79.530875
79.876975
79.890625
79.8913
79.920875
79.96785
79.9997
80.2085
80.5023
80.665575
80.75515
80.843675
80.956425
80.993175
81.477325
81.484175
81.486325
81.4975
81.525325
81.561825
81.5807
81.598475
81.60985
81.62585
81.908375
81.94335
81.974625
82.004675
82.24215
82.28865
82.3755
82.506925
82.530425
82.5659
82.8867
82.9803
83.0132
83.041125
83.1092
83.165425
83.41695
83.47535
83.695275
83.705275
83.764325
83.976825
84.0006
84.01295
84.0292
84.32325
84.378325
84.412625
84.578425
84.59665
84.744925
84.7756
84.7946
84.81715
84.9496
84.98325
85.0303
85.051775
85.254575
85.609275
85.638975
85.6798
85.73585
85.758925
85.772275
85.7873
86.12675
86.160275
86.191025
86.214875
86.22215
86.233025
86.235375
86.2774
86.503375
86.51655
86.54835
86.575675
86.61795
86.63995
86.86045
86.872975
86.896275
87.013075
87.31095
87.4137
87.500675
87.565375
87.621725
87.641375
87.65475
87.6807
87.7203
87.907675
88.24505
88.3092
88.3361
88.3411
88.37985
88.6794
88.705575
88.710825
88.711725
88.718975
88.7263
89.02425
89.02805
89.037075
89.06685
89.086075
89.305725
89.323775
89.33035
89.34355
89.358325
89.378325
89.38095
89.407775
89.658325
89.68025
89.699025
89.703975
89.720725
89.7548
90.048
90.053775
90.0568
90.059125
90.061875
90.06535
90.07175
90.0744
90.08595
90.104475
90.12685
90.1416
90.4309
90.4516
90.463325
90.4744
90.48535
90.505975
90.815775
90.830225
90.854375
90.86845
90.888375
91.134125
91.146575
91.147625
91.173525
91.207725
91.230675
91.2582
91.27015
91.27755
91.450325
91.495225
91.506775
91.759575
91.92365
92.169075
92.1805
92.214075
92.30715
92.34
92.4433
92.51435
92.73585
92.7429
92.786925
92.85475
93.283975
93.350825
93.755625
93.81085
93.818075
93.826175
93.8407
94.28235
94.34845
94.3692
94.39445
94.5162
94.524275
94.535675
94.68945
94.783925
94.911975
94.9258
94.93085
94.94565
94.96205
95.073775
95.0855
95.0956
95.15175
95.19705
95.222225
95.23755
95.25025
95.5882
95.6884
95.720325
95.91885
96.07265
96.353775
96.4017
97.067375
97.196225
97.22325
97.2341
97.2453
97.25885
97.303375
98.165275
98.212475
98.34245
98.384075
98.806
99.1478
99.165125
99.1862
99.3237
99.331175
99.351725
99.371025
99.394
99.681175
99.69545
99.748625
100.048975
100.1658
100.24035
100.31015
100.55485
100.569925
100.590025
100.89415
100.910375
100.9237
101.0198
101.048825
101.595125
101.6578
101.825425
101.8377
101.8478
101.86995
101.9733
102.224125
102.419125
102.581575
102.714725
102.833675
103.1882
103.19305
103.195925
103.200675
103.216525
103.495575
103.70405
103.8067
104.009225
104.159175
104.22465
104.225775
104.3603
104.572925
104.94625
105.19485
105.28045
105.55205
105.627675
105.6336
105.6359
105.642125
105.6483
105.658825
105.79635
105.8107
106.152225
106.258425
106.26405
106.272475
106.28595
106.3183
106.664075
106.7211
106.9068
107.0941
107.112175
107.1275
107.1342
107.62375
107.636725
107.6533
107.936075
107.990675
108.2103
108.319925
108.3604
108.379175
108.6442
108.666675
108.683375
108.92645
108.988425
109.0187
109.06175
109.130025
109.3616
109.381925
109.3913
109.4192
109.547425
109.635325
109.937975
110.359825
110.51415
110.54865
110.6758
110.877225
110.914425
110.933
110.9631
110.9813
111.224475
111.246475
111.27825
111.42745
111.659975
112.2947
112.298375
112.3006
112.302825
112.3046
112.3064
112.3092
112.671025
112.690975
112.70765
112.734525
112.9667
112.9762
113.02905
113.0674
113.435825
113.51365
113.532375
113.5429
113.58015
113.5878
113.59155
113.604725
113.64315
113.669725
113.67975
113.999925
114.008775
114.01285
114.021625
114.0383
114.042
114.05765
114.068675
114.4692
114.492725
114.5358
114.6082
114.6234
114.62925
114.660025
114.9928
115.008775
115.00965
115.01585
115.019025
115.02465
115.03025
115.03875
115.055575
115.2624
115.30155
115.35365
115.413525
115.7182
115.752575
115.7821
115.791175
115.7966
115.802025
115.8197
116.0577
116.063975
116.06885
116.086375
116.099175
116.32145
116.3475
116.384125
116.8
117.60485
117.752725
117.7915
118.048875
118.0996
118.1489
118.159125
118.1985
118.766625
118.868675
118.8761
118.8817
118.885275
118.88835
118.8954
119.22035
119.251375
119.2919
119.699175
119.7267
119.747425
119.788825
119.8031
120.047625
120.328825
120.452525
120.887775
120.9339
120.9442
121.209425
121.2584
121.266925
121.4653
121.479925
121.53155
121.5531
121.71225
121.7583
121.771925
121.79565
121.997375
122.6917
122.709975
122.726625
122.81835
123.12845
123.1616
123.1845
123.524125
123.53035
123.53235
123.534475
123.536075
123.538175
123.544425
123.82545
123.842175
123.852125
123.95045
123.982575
124.48215
124.571575
124.6
124.627
124.6413
125.05805
125.07685
125.084875
125.108825
125.11745
125.419275
125.425875
125.4304
125.44965
125.455725
125.464725
125.506625
125.762125
125.77515
125.82315
126.560875
126.696175
126.7869
126.879325
127.18615
127.1973
127.222625
127.456675
127.976975
128.02315
128.0528
128.07885
128.699325
128.718225
128.72635
128.730475
128.73685
128.74995
128.763525
128.82885
128.84055
129.088975
129.20705
129.590875
130.05405
130.09275
130.1539
130.179275
130.20695
130.46675
130.4822
130.533325
130.692875
130.8347
130.84655
131.147375
131.169325
131.18335
131.204
131.386275
131.599325
131.662525
131.6814
131.966725
131.979425
131.989825
132.1396
132.238425
132.25545
132.3408
132.786275
132.915825
132.922175
132.9266
132.9365
132.941075
132.9482
132.95445
132.9655
132.9756
133.409225
133.4227
133.442475
133.603775
133.6151
133.62675
133.6536
133.90215
133.9237
134.001925
134.02505
134.3937
134.4195
134.704275
134.975575
134.98455
135.161925
135.52555
135.613475
136.077975
136.09705
136.1266
136.4679
136.470275
136.58165
136.587925
136.692375
136.725075
136.755025
136.795425
136.896675
136.93255
137.269325
137.2818
137.79535
137.824825
138.245325
138.264775
138.31445
138.336925
138.5076
138.682075
138.693125
138.69725
138.70275
138.707375
138.716275
138.72225
138.74615
139.06155
139.2001
139.225975
139.579375
139.65845
139.808625
140.194675
140.205025
140.208375
140.211125
140.214625
140.22555
140.243175
140.62795
140.94695
140.956475
140.96235
140.972375
140.977725
140.98595
141.013775
141.120475
141.226225
141.23765
141.53155
141.55015
141.554875
141.5596
141.5787
141.955225
141.963475
141.969125
141.979225
141.9948
142.335375
142.350075
142.40695
142.460325
142.924225
143.006475
143.0461
143.417225
143.438175
143.469575
143.543325
143.651175
143.679575
143.69105
143.70355
143.718975
143.74455
143.857625
144.046625
144.114625
144.13885
144.5659
144.5906
144.599225
144.60415
144.61345
144.644675
145.262825
145.2893
145.319025
145.3457
145.443675
145.459475
145.4729
145.49015
145.6205
145.735025
145.77605
145.99235
146.0161
146.49835
146.5362
146.5713
146.86285
146.8792
147.144475
147.168925
147.18795
147.21145
147.251775
147.53525
147.579675
147.590475
147.638875
147.861275
147.9039
148.0329
148.129975
148.24295
148.262
148.30815
148.3482
148.408075
148.815675
148.9366
148.949425
148.96225
149.304925
149.317925
149.33405
149.471475
149.5845
149.651225
149.69595
149.74525
149.76095
149.775675
150.13305
150.157325
150.16455
150.17595
150.18165
150.193525
150.2052
150.2312
150.5882
150.6243
150.756075
150.76885
151.1153
151.14605
151.31935
151.48955
151.531725
151.5589
151.592625
151.6215
151.70655
152.0694
152.10025
152.185325
152.2
152.53095
152.556725
152.5788
152.59645
152.9503
152.970125
152.983925
153.004
153.027725
153.256725
153.29695
153.3406
153.365025
153.405325
153.675475
154.29575
154.92055
154.939025
154.945975
154.957375
154.96095
154.964425
154.973625
155.2528
155.264675
155.2675
155.270175
155.272975
155.2768
155.2936
155.316325
155.627825
155.633675
155.6389
155.64705
155.676925
155.687
155.8127
155.9749
155.980125
155.9903
156.0129
156.5135
156.6938
157.1472
157.16425
157.18075
157.1998
157.206275
157.222875
157.232225
157.554775
157.56735
157.575725
157.6031
158.011375
158.0762
158.1741
158.280075
158.29195
158.2951
158.302125
158.332325
158.396475
158.405925
158.418625
158.49415
158.856025
158.8727
158.887425
158.943275
159.42165
159.440525
159.45845
159.475025
159.490725
159.497975
159.5095
159.5674
159.591125
159.67205
159.98965
160.091525
160.32235
161.41105
161.4477
161.57705
161.788625
161.854375
161.939625
162.0233
162.17685
162.187
162.20595
162.56255
162.594
162.611225
162.62845
162.93915
162.956925
162.96525
162.9797
163.290825
163.313125
163.7197
164.078575
164.112225
164.38795
164.435725
164.4375
164.696
164.710725
164.730775
164.830475
164.858775
164.900975
165.2587
165.2771
165.30485
165.706125
165.72925
165.882675
166.016975
166.320975
166.33875
166.473375
166.484075
166.5043
166.67565
166.750225
166.798075
167.0676
167.0977
167.1003
167.470325
167.715325
167.956525
168.015375
168.035825
168.041625
168.047725
168.056925
168.3134
168.328275
168.374775
168.418025
168.438425
168.62555
168.66735
168.71
168.7222
169.033025
169.277675
169.6131
169.63035
169.656375
169.73585
169.96695
169.979425
170.289625
170.327175
170.795025
170.81955
170.8367
170.865325
170.888975
171.241125
171.284825
171.322025
171.531625
171.54635
171.565375
171.731975
172.057625
172.406
172.428125
172.553225
172.748575
172.754175
172.766175
172.7786
173.105475
173.168525
173.267625
173.273675
173.2968
173.3353
173.40895
173.76785
173.77815
173.828125
174.16595
174.22535
174.301675
174.361075
174.469275
174.4814
174.4887
174.49725
174.50065
174.506325
174.51125
174.517775
174.53275
174.7715
174.779175
174.786925
174.794825
174.80185
174.818425
174.842625
174.84965
174.864225
174.89705
174.9232
175.27445
175.29245
175.30955
175.3166
175.331525
175.353125
175.3758
175.432375
175.985925
176.3457
176.38755
176.424325
176.46755
176.497325
176.7012
176.821825
176.918125
177.120825
177.164075
177.3705
177.495425
177.6114
177.699275
177.731975
178.036075
178.252975
178.4403
178.4586
178.546775
178.82805
178.870225
179.224525
179.237575
179.294075
179.5355
179.7626
179.811775
179.865175
179.92905
180.358925
180.369425
180.379075
180.86515
180.894725
181.3667
181.383725
181.388675
181.395875
181.40135
181.40715
181.415575
181.4207
181.45755
181.56975
181.6589
181.67195
181.683775
182.028675
182.336425
182.4559
182.4869
182.66185
182.9109
183.133225
183.318775
183.34815
183.442925
183.479775
183.661575
183.693175
183.94025
183.9813
184.090625
184.25185
184.348425
184.48665
184.495225
184.502075
184.5104
184.517575
184.534675
184.7817
184.782975
184.812525
184.840575
184.97775
185.013625
185.395475
185.409825
185.441
186.28175
186.301925
186.317125
186.3831
186.4331
186.686175
186.915175
187.009125
187.071225
187.076025
187.096825
187.122475
187.244925
187.254875
187.266425
187.72675
188.162325
188.504875
188.545525
188.583575
188.788325
188.888775
189.40555
189.409175
189.41805
189.421075
189.4234
189.43015
189.43255
189.4336
189.459875
189.499275
189.70455
189.8043
189.948425
190.11845
190.30245
190.749475
190.750675
190.765675
190.78035
190.80235
190.9498
191.022875
191.3213
191.49885
191.882025
191.9132
191.930575
191.986775
192.006875
192.264825
192.283225
192.284275
192.28735
192.293
192.306275
192.317675
192.509025
192.94215
193.0687
193.09905
193.161675
193.191225
193.349275
193.45725
193.550875
193.58225
193.82535
193.979925
193.98975
194.293375
194.547125
194.6548
194.7791
194.851975
194.866725
194.88875
195.148075
195.2021
195.466225
195.469925
195.47405
195.47775
195.48065
195.482925
195.486
195.48855
195.494625
195.498025
195.500025
195.5128
195.518675
195.738175
195.7868
195.805625
196.0101
196.059
196.230775
196.35235
196.356675
196.3824
196.5364
196.72785
196.74625
196.74945
196.758475
196.77015
197.1953
197.27
197.284225
197.2897
197.32675
197.34085
197.351675
197.367825
197.374975
197.38445
197.41545
197.6625
197.702825
197.7498
197.9161
198.140375
198.574275
198.638
198.674175
198.71725
199.028825
199.053575
199.0672
199.0776
199.0979
199.1467
199.152175
199.206425
199.356325
199.607275
199.646425
199.950175
200.327425
200.387025
200.4208
200.53705
200.555425
200.7069
200.769775
201.260725
201.28415
201.425325
201.48165
201.549625
201.62885
201.687
201.89885
202.12955
202.194925
202.23845
202.3977
202.5119
202.558525
203.017725
203.136425
203.46365
203.475025
203.48105
203.546525
203.653975
203.68255
203.925225
203.985275
204.0186
204.028975
204.0657
204.2938
204.37945
204.413325
204.435375
204.530725
204.5515
204.572975
204.9451
205.5096
205.5715
205.63675
205.9749
206.042325
206.159175
206.320475
206.331475
206.338025
206.3604
206.724725
206.807075
206.8372
207.1576
207.304425
207.3242
207.332275
207.3363
207.3454
207.631625
207.647025
207.698475
207.71785
207.966775
208.237225
208.6899
208.720675
208.728925
208.74365
209.14845
209.3166
209.644125
209.649925
209.656125
209.6601
209.665775
209.687975
209.983225
209.99955
210.018825
210.3056
210.3139
210.3181
210.3303
210.335525
210.340975
210.757375
210.81665
211.035575
211.04425
211.0597
211.37665
211.570075
211.586875
211.600525
211.616025
211.815775
211.82335
211.832525
211.8343
212.119075
212.13315
212.18295
212.2614
212.33795
212.81055
212.87455
212.915775
213.131225
213.189875
213.2278
213.32135
213.51855
214.1174
214.17505
214.195025
214.23725
214.448475
214.48635
214.5168
214.761575
214.7813
214.7992
214.968475
215.0059
215.026475
215.0342
215.06115
215.428425
215.461375
215.49245
215.71635
215.7302
215.913075
215.945625
215.9613
216.238775
216.253375
216.286075
216.601625
216.610125
216.61735
216.628225
216.649575
217.023725
217.043425
217.0509
217.058125
217.0675
217.07455
217.090875
217.13845
217.427075
217.4324
217.436275
217.440425
217.44335
217.4454
217.446725
217.450125
217.451525
217.4565
217.4707
217.7666
217.781225
217.797175
218.1215
218.1278
218.132325
218.134825
218.137025
218.13925
218.141475
218.14355
218.145825
218.42445
219.471625
219.521275
220.027625
220.0855
220.199325
220.21005
220.52945
220.55655
220.5753
221.131625
221.1468
221.156175
221.160675
221.59175
221.61505
221.62695
221.642225
221.65895
221.852225
221.8687
221.8858
221.9126
222.1695
222.24805
222.2901
222.313625
222.331775
222.3506
222.4115
222.584175
222.6037
222.66975
222.708675
222.73125
222.74355
223.037575
223.067125
223.19245
223.465525
223.50265
223.57015
223.64495
224.051075
224.10765
224.150825
224.159125
224.17425
224.20335
224.756775
224.796775
224.857475
224.992275
225.025875
225.05245
225.105125
225.218125
225.235425
225.242225
225.24545
225.24865
225.252475
225.259875
225.262675
225.26505
225.4053
225.568725
225.740625
225.770675
225.787175
225.8022
226.152775
226.163825
226.167275
226.17085
226.181525
226.19725
226.2204
226.514525
226.8519
226.865075
226.879925
226.945225
226.98535
227.0573
227.071525
227.39175
227.4723
227.523475
227.527725
227.86405
227.884225
227.899425
227.904575
227.9143
227.9215
228.35745
228.358625
228.364175
228.367175
228.372
228.37705
228.384525
228.404975
228.676975
228.6974
229.45745
229.618125
229.81675
229.854275
230.03115
230.074275
230.19445
230.568075
230.664325
231.1181
231.4008
231.42415
231.56875
231.789175
231.9615
232.1656
232.24705
232.261925
232.27385
232.51385
232.538425
232.579
232.595875
232.643275
232.97115
232.975225
232.981975
232.9846
232.99045
233.022075
233.2818
233.2944
233.319175
233.32965
233.340175
233.36265
233.6676
233.8877
233.92405
234.05645
234.084525
234.09955
234.120525
234.143425
234.18115
234.3037
234.323725
234.337825
234.3518
234.368
234.40505
234.6174
234.635875
234.65505
234.6678
234.684475
234.706725
234.786125
234.8519
234.96145
235.00425
235.258325
235.268375
235.30215
235.4403
235.491375
235.529925
235.6662
235.67985
235.698475
235.787525
235.805275
236.132575
236.1484
236.152125
236.1564
236.1601
236.17195
236.327475
236.512275
236.657025
236.690475
236.70005
236.8058
236.808725
236.9859
237.007675
237.0149
237.02795
237.079325
237.3778
237.391
237.4077
237.45365
237.644175
237.925225
238.34995
238.590125
238.596225
238.702025
239.2391
239.250425
239.486075
239.6746
239.811275
239.83525
239.8641
239.994625
240.034675
240.058675
240.233175
240.303975
240.5024
240.536
240.90125
240.903475
240.917325
240.9425
240.9703
241.282175
241.3836
241.39435
241.47215
241.8487
242.5197
242.544725
242.554425
242.564
242.58135
242.609875
242.79725
242.827675
242.846425
244.509625
244.95895
244.99365
245.01025
245.426225
245.702325
245.72575
245.741225
245.776875
246.102225
246.140925
246.35435
246.359425
246.36355
246.365525
246.369375
246.371675
246.374175
246.378975
246.385825
246.3884
246.39335
246.3997
246.401675
246.40615
246.44895
246.733725
246.7457
246.7499
246.759525
247.163425
247.2691
248.1085
248.212025
248.26225
248.395025
248.64115
248.649225
248.6514
248.669275
248.7564
248.770875
248.77785
248.7889
248.813875
249.0881
249.159425
249.175125
249.19655
249.649275
249.651825
249.656125
249.673875
249.69535
249.861
249.892175
250.2632
250.864775
250.9798
251.00835
251.314275
251.44625
251.51615
251.569175
251.831875
251.872225
252.24035
252.32565
252.6347
252.7902
252.85335
252.95355
253.209175
253.219675
253.223375
253.2387
253.246925
253.335175
253.706325
253.71245
253.716475
253.7219
253.7366
253.7403
253.74875
253.7621
254.1424
254.408775
254.44015
254.48105
254.7658
254.804025
255.227975
255.237325
255.2665
255.39035
255.4799
255.618675
255.638225
255.641725
255.642675
255.659925
255.695375
255.775775
255.802
255.871725
256.038575
256.0636
256.14825
256.453725
256.50675
256.53695
256.7341
256.857825
256.9928
257.0094
257.03845
257.612725
257.707625
258.08225
258.4599
258.603325
258.63255
258.663
258.694625
258.8125
258.844575
258.85335
258.8812
258.94295
259.13115
259.14245
259.1499
259.1614
259.168075
259.185125
259.479125
259.681325
259.7144
259.780575
260.1087
260.1218
260.1271
260.1308
260.1352
260.139325
260.143325
260.15255
260.16165
260.5529
260.581575
260.58665
260.631075
260.675225
260.70615
260.848375
261.0933
261.11835
261.121625
261.131275
261.156975
261.1919
261.251825
261.2853
261.313075
261.338675
261.383
261.427775
261.457325
261.482375
261.52895
261.840725
261.849
261.862075
261.87945
261.90025
261.913625
261.937225
261.9623
261.963525
262.149375
262.5501
262.57015
262.596175
262.89165
263.001925
263.0482
263.0847
263.11845
263.150025
263.186325
263.458825
263.49775
263.523025
263.5942
263.61125
263.634275
263.654875
263.665725
263.710925
264.10035
264.131525
264.169725
264.19405
264.23155
264.312225
264.327975
264.69985
264.73295
264.756875
264.7827
265.1384
265.164875
265.195225
265.2237
265.240475
265.2798
265.5228
265.7958
265.8587
265.870775
265.893025
265.978
266.8964
266.980775
267.158525
268.1138
268.134025
268.155025
268.1733
268.404175
268.44585
268.533975
268.548425
268.558375
268.570425
268.865525
268.87255
268.881225
269.126775
269.154825
269.249
269.6852
270.0964
270.204575
270.29305
270.532375
270.907175
270.95675
271.555425
271.585875
271.596575
271.62085
271.959075
271.989575
272.521975
272.53535
272.55175
272.57955
272.594625
272.621175
272.905725
272.92395
272.94415
272.97055
273.228775
273.2463
273.25375
273.26025
273.276025
273.278725
273.30165
273.592975
273.60245
273.612325
273.62415
273.640725
273.675975
273.884375
274.15195
274.195375
274.239475
274.30565
274.584925
274.589725
274.593925
274.59455
274.597425
274.599975
274.60195
274.606125
274.61185
274.614825
274.628275
274.953975
274.96335
275.0001
275.008725
275.0169
275.03455
275.054775
275.61395
275.6202
275.63265
275.63795
275.654025
275.66475
275.684625
275.98605
276.0065
276.038875
276.2721
276.28605
276.302825
276.317
277.1107
277.207725
277.491175
277.5983
277.62755
277.737325
277.7426
277.757875
277.77625
277.783875
277.79955
278.037125
278.38345
278.406425
278.4146
279.05985
279.106925
279.645725
279.66355
279.6725
279.67775
279.682625
279.69365
280.021625
280.0521
280.582525
280.658625
280.688575
280.71255
280.782225
280.935525
281.250025
281.2564
281.27245
281.27895
281.9436
281.965875
281.9913
282.02705
282.287825
282.298075
282.312525
282.346075
282.391375
282.665475
282.7107
282.7325
282.752725
282.929575
282.966075
283.3198
283.65095
283.73505
283.8809
283.9039
283.920325
283.9453
284.04555
284.073725
284.080125
284.186775
284.233525
284.45055
284.5194
284.544675
284.56005
284.7799
284.805525
285.2178
285.229325
285.240575
285.25645
285.28535
285.626675
285.6283
285.637725
285.6407
285.642825
285.649525
286.143825
286.180225
286.2375
286.603575
286.659
286.721675
286.8358
287.20705
287.367825
287.570775
287.66355
287.934125
287.997725
288.1198
288.2881
288.41765
288.45975
288.82375
288.8743
288.89385
288.985575
288.999825
289.00895
289.058775
289.086775
289.392425
289.40495
289.425525
289.5771
289.724125
289.79735
289.816
289.847875
289.9125
290.020325
290.254975
290.272
290.589525
290.66725
290.708875
290.73995
290.9947
291.087325
291.12605
291.1402
291.1413
291.155675
291.48905
291.60755
292.41805
292.444175
292.620275
292.97565
293.019575
293.064275
293.124475
293.30615
293.3894
293.401325
293.753825
294.13805
294.199225
294.20005
294.206375
294.214025
294.22215
294.243775
294.4148
294.572425
294.70275
294.80405
294.9887
295.0096
295.083675
295.580075
295.585325
295.5882
295.59125
295.59395
295.60345
296.057175
296.099525
296.16185
296.362975
296.3749
296.3919
296.78675
296.7998
296.8106
296.8237
296.9583
297.1996
297.4561
297.480125
298.156925
298.206725
298.214875
298.2168
298.2432
298.271275
298.564475
298.570975
298.576775
298.5832
298.59985
298.609275
298.984925
299.244875
299.2529
299.29405
299.3867
299.6105
299.6285
300.32475
300.355525
300.38245
300.4366
300.56135
300.60575
300.629025
300.64125
300.65735
300.6689
300.68985
300.72235
300.908425
300.954525
300.997575
301.028875
301.039725
301.097725
301.2194
301.5064
301.7339
301.77185
302.094
302.205625
302.508275
302.667375
302.700775
302.83555
303.527825
303.570175
303.691175
303.700775
303.70515
303.710825
303.91865
303.994625
304.003125
304.006975
304.012825
304.032675
304.141825
304.220175
304.6854
304.772475
305.05745
305.082225
305.8631
305.871575
305.88005
305.8833
305.8922
305.901825
305.9085
306.039525
306.308675
306.333325
306.3545
306.497275
306.5227
306.7585
306.841475
306.933375
306.984625
307.02545
307.17135
307.45425
307.56185
307.5743
307.5888
308.065775
308.093825
308.19945
308.5937
308.62715
308.666875
308.701075
308.740175
308.83055
308.897625
308.9188
308.922875
308.939
308.958725
309.094875
309.13555
309.5192
309.5448
309.575375
309.8647
309.90485
309.934925
309.97165
310.052
310.061975
310.308675
310.316175
310.32955
310.3437
310.36495
310.6003
310.619525
310.653175
310.798425
310.8526
310.8897
310.9153
311.158575
311.15925
311.1678
311.1757
311.183725
311.185175
311.19705
311.373125
311.691775
311.714675
311.7745
311.7866
311.84755
311.89565
311.928325
311.940425
311.94545
311.957975
311.967575
311.9901
312.330325
312.34645
312.361175
312.372425
312.398975
312.406225
312.43055
312.73825
312.821325
312.852775
312.8995
312.900525
313.125675
313.213125
313.26475
313.3255
313.36805
313.708525
313.710275
313.7763
313.805625
314.13015
314.247075
314.57295
314.579425
314.583625
314.587875
314.590875
314.59655
314.6038
314.6352
314.9297
315.076075
315.081875
315.1013
315.148175
315.186575
315.3304
315.354725
315.384325
315.45715
315.73385
315.747025
315.775975
315.803675
315.85705
316.45605
316.476725
316.517675
316.568825
316.722
316.81145
316.82145
316.8275
316.8385
316.847925
316.8634
317.1153
317.25625
317.574975
317.5872
317.58895
317.59195
317.59995
317.605
317.608525
317.621125
317.8866
317.909025
317.9169
317.93355
317.952275
317.980775
317.998725
318.0185
318.0493
318.2362
318.264475
318.27285
318.297075
318.3112
318.3324
318.354
318.624425
318.64015
318.816875
318.869725
319.11665
319.19575
319.20415
319.212275
319.223375
319.5188
319.561575
319.58035
319.64645
319.679975
320.10955
320.11335
320.120075
320.123125
320.1304
320.16915
320.1957
320.367775
320.379675
320.864975
320.87635
320.881
320.883525
320.896475
320.926925
320.934275
321.027075
321.31115
321.3307
321.3417
321.34655
321.3781
321.40165
321.7162
321.785375
321.820675
321.847
321.86115
321.88165
321.9338
322.378775
322.397
322.401025
322.448875
322.682875
322.76615
322.78375
322.986325
323.00715
323.01325
323.02475
323.042825
323.464725
323.566425
323.5774
323.594325
323.62875
323.666075
323.67575
324.9182
324.968825
324.99385
325.021275
325.05565
325.0736
325.081475
325.10145
325.12185
325.46125
325.480975
325.49555
325.498
325.5169
325.524625
325.5454
325.90325
326.03115
326.0877
326.10855
326.1599
326.295125
326.4055
326.574075
326.66475
326.707425
326.84435
326.8542
326.858375
326.87325
326.878775
326.898425
327.1979
327.96185
328.0036
328.025025
328.043075
328.416775
328.425
328.43315
328.4397
328.46265
328.473125
328.6799
328.7152
328.722175
328.730725
328.74565
328.995125
329.062275
329.0692
329.074075
329.080975
329.095675
329.34795
329.37315
329.39635
329.692775
329.707225
329.713375
329.7169
329.9089
329.9297
329.94735
329.954925
329.959025
329.967525
329.992275
330.631375
330.64415
330.65505
330.6698
330.68035
330.69455
331.029525
331.16085
331.202775
331.241375
331.286475
331.6668
331.973675
332.3251
332.3511
332.593725
332.628925
332.664625
332.679125
332.712175
333.002325
333.021425
333.39775
333.80785
333.8292
333.83585
333.8433
333.852375
333.85405
333.85715
333.864375
334.16305
334.1917
334.2319
334.7203
335.0755
335.158425
335.1714
335.174975
335.183025
335.184525
335.18805
335.203725
335.486325
335.5279
335.55295
335.8342
335.835875
335.851275
335.93675
335.98885
336.909875
337.029325
337.050825
337.172475
337.307025
337.343925
337.438025
337.474075
337.59765
337.754825
337.771325
337.786225
337.9595
338.048875
338.287425
338.301825
338.42795
338.51145
338.5477
338.5604
338.8296
338.9238
339.052825
339.5595
339.6345
339.66255
339.724325
339.77405
339.95735
339.973475
340.0073
340.23885
340.3015
340.463675
340.492775
340.52395
340.583225
340.688575
340.875675
340.903675
340.96755
340.986075
341.07025
341.1034
341.2434
341.2512
341.258425
341.266925
341.300975
341.327775
341.457225
341.4834
341.53345
341.585775
341.685425
341.809825
341.8276
341.8984
341.954475
341.98395
342.065025
342.07825
342.251875
342.33465
342.378725
342.452575
342.4784
342.544925
342.669375
342.845875
342.857225
342.929375
343.08085
343.1108
343.16015
343.2692
343.3426
343.52895
343.58445
343.5869
343.59275
343.596425
343.5986
343.6001
343.764375
343.903975
343.98615
344.097125
344.12875
344.166275
344.168675
344.30875
344.326125
344.41105
344.655425
345.181225
345.513075
345.5879
345.629175
345.73065
345.974525
346.0488
346.071925
346.3618
346.38305
346.3844
346.40565
346.46365
346.77655
346.96125
347.03845
347.121375
347.492425
347.495675
348.30695
348.34455
348.385875
348.465275
348.51415
348.958525
349.1618
349.23975
349.361775
349.466775
349.5113
349.8981
349.949125
350.1699
350.276775
350.331275
350.379375
350.411625
350.68095
350.703
350.719725
350.731
350.7615
351.000475
351.053375
351.0802
351.168725
351.242025
351.265875
351.3534
351.392375
351.468375
351.515
351.583925
351.60185
351.65575
351.6729
352.124775
352.3828
352.510775
352.596325
352.8383
352.859875
352.92345
353.013975
353.2589
353.543425
353.59035
353.69585
353.9858
354.05955
354.1129
354.13425
354.1373
354.255025
354.368475
354.637425
354.70165
354.729875
354.73995
354.831
354.857725
354.9134
354.92065
354.989075
354.997625
355.03735
355.14075
355.1522
355.234075
355.293475
355.4414
355.483175
355.56465
355.719975
355.75935
355.785425
355.82655
355.84175
355.85835
355.87135
355.984175
356.014175
356.249275
356.31165
356.329325
356.402425
356.421825
356.512625
356.780625
356.803375
356.8387
356.87105
356.929975
356.96035
357.005675
357.0128
357.014275
357.023925
357.093075
357.11135
357.16505
357.194625
357.296775
357.329325
357.59135
357.615
357.650675
357.6965
357.76775
358.154325
358.4212
358.701425
358.81925
358.9067
359.0864
359.130625
359.152325
359.547075
359.70235
360.532125
360.6198
360.647275
360.9453
361.084
361.27385
361.294575
361.318675
361.33385
361.350725
361.529975
361.539425
361.54185
361.54265
361.5455
361.548225
361.55205
361.559425
361.90225
361.9311
361.938775
361.9526
361.974475
362.167825
362.187
362.192575
362.205925
362.454475
362.489475
362.52275
362.541425
362.827325
362.91685
362.938025
362.9456
362.94905
362.951925
362.9622
362.9661
363.305425
363.551075
363.555175
363.56185
363.56475
363.566925
363.56985
363.573675
363.57955
363.585825
363.58915
363.5966
363.60005
363.6038
363.613375
363.658775
364.143325
364.1795
364.184575
364.1982
364.207075
364.599175
364.65225
364.68995
364.988875
365.121175
365.297125
365.842975
366.415425
366.952275
366.95765
366.995825
367.150925
367.16315
367.1745
367.488775
367.506575
367.955375
367.983125
368.013525
368.0354
368.25375
368.2677
368.2865
368.657375
368.761075
368.9026
368.9581
369.219975
369.254325
369.2862
369.458675
369.759575
370.215775
370.23955
370.28145
370.553825
370.670925
370.719775
370.782575
371.133275
371.153325
371.16065
371.171175
371.192675
371.3157
371.326225
371.33455
371.34845
371.356025
371.371625
371.412075
371.4174
371.422025
371.428325
371.582525
371.939575
372.193625
372.20375
372.20985
372.217
372.226575
372.3387
372.473175
372.51875
372.5385
372.607475
372.895825
372.9196
372.92205
373.172525
373.510725
373.634975
373.655
373.691375
373.742875
373.868925
374.69125
374.74695
374.86155
375.264475
375.30835
375.31655
375.322525
375.57825
375.5851
375.591275
375.598375
375.611825
375.625675
375.638425
375.673375
375.757525
376.033275
376.04855
376.06115
376.075175
376.335025
376.343275
376.35575
376.373675
376.631325
376.64705
376.6723
376.679325
376.705125
376.72105
376.944375
376.9627
376.97985
377.26495
377.26765
377.286075
377.30415
377.343225
377.5762
377.577675
377.59495
377.618525
377.644275
377.722725
377.75905
377.79705
378.11575
378.135075
378.260025
378.36685
378.42035
378.756575
378.862825
378.90445
378.943025
378.976275
379.367775
379.7726
379.811175
380.195075
380.207075
380.2263
380.23025
380.2393
380.771375
380.788425
380.7943
380.9303
381.136875
381.153075
381.171
381.439225
381.674025
381.72905
381.7446
381.7724
381.784475
382.1317
382.204075
382.37815
382.3912
382.401225
382.414175
382.4244
382.434375
382.6616
382.6742
382.68755
382.721175
382.863
383.035675
383.1037
383.1245
383.1382
383.8217
383.89135
383.91395
383.9267
383.951725
383.977375
384.229825
384.23945
384.2454
384.24915
384.278475
384.5305
384.84735
384.865
384.876075
384.885575
384.892625
385.18195
385.208975
385.291525
385.305625
385.330325
385.374675
385.382675
385.39305
385.40195
385.4163
385.464425
385.600825
385.617525
385.97505
385.99645
386.015475
386.02225
386.0357
386.366275
386.404725
386.41905
386.42465
386.716175
386.7376
386.82745
387.1086
387.14115
387.174325
387.30425
387.532425
387.5642
387.58965
387.6067
387.621375
387.647475
388.02765
388.036875
388.03815
388.08855
388.358875
388.604125
388.842925
388.99415
389.230375
389.26855
389.986125
390.050425
390.077625
390.1985
390.208275
390.216475
390.23215
390.249875
390.5341
390.5497
390.8139
390.852175
390.8825
391.29645
391.369875
391.40925
391.410625
391.428825
391.688525
391.696625
391.70495
391.720875
392.05915
392.07135
392.124325
392.3733
392.37695
392.39075
392.41385
392.660275
392.71815
392.74925
392.7944
392.840675
393.267425
393.43175
393.598
393.6225
393.638675
393.8774
393.929175
394.264875
394.296075
394.3413
394.45215
394.752425
394.788125
395.184325
395.2992
395.667925
395.77415
395.85505
396.01905
396.583575
396.60085
396.91105
396.957775
396.985125
397.01745
397.02325
397.035325
397.05275
397.3783
397.81585
397.84725
397.849475
397.8542
397.8606
398.143825
398.32035
398.359
398.45105
398.80185
398.805625
398.8246
398.838925
398.8545
398.8904
398.94375
398.962875
399.228075
399.253575
399.35365
399.452075
399.7993
399.823625
399.85975
399.886975
399.89955
399.914525
399.946125
400.3388
400.348925
400.357425
400.3898
400.4392
400.60805
401.0451
401.0769
401.10585
401.14515
401.30635
401.365375
401.3808
401.384775
401.3905
401.399075
401.407125
401.416325
401.43105
401.4356
401.44985
401.54345
401.6477
401.695025
402.117975
403.1188
403.14135
403.149375
403.196725
403.252975
403.26875
403.598
403.61625
403.681175
403.8374
404.029
404.0489
404.069775
404.09705
404.1285
404.20385
404.547925
404.556875
404.58085
404.60755
404.905375
405.104925
405.1358
405.166725
405.1847
405.525675
405.543625
405.551425
405.560975
405.605375
405.747425
405.7645
405.785425
405.8219
405.84245
406.181725
406.236975
406.3867
406.6395
406.683075
406.834125
406.960225
407.0861
407.10365
407.22315
407.595175
408.111225
408.1206
408.1276
408.1456
408.43665
408.44875
408.472075
408.490475
408.50855
408.713275
408.82905
408.85125
408.955375
408.964525
408.9842
409.178325
409.1837
409.190325
409.206075
409.403875
409.878975
409.891175
409.895925
409.911575
409.97435
410.01785
410.058825
410.356375
410.3712
410.736875
410.7558
410.766375
410.78275
410.82245
411.15215
411.1745
411.3688
411.635125
411.9328
411.940175
411.945
411.947075
411.94945
411.951925
411.954725
411.957775
411.961325
411.96605
411.9821
412.12765
412.133675
412.302525
412.306425
412.308875
412.3143
412.320675
412.330475
412.5367
412.6152
413.110725
413.32025
413.56055
413.7023
413.8623
414.293325
414.3441
414.40245
414.41125
414.416625
414.42455
414.429575
414.4606
414.48415
414.7849
414.815675
414.95495
415.995075
416.5272
416.539825
416.55255
416.576275
416.957525
417.010625
417.147575
417.15155
417.159775
417.167425
417.17805
417.1873
417.19455
417.206775
417.42085
417.425625
417.43215
417.442225
417.4475
417.6425
417.67155
417.68575
417.716775
417.7501
417.970275
417.985175
417.986775
418.001475
418.01575
418.03935
418.186725
418.2999
418.3077
418.372775
418.5849
418.7698
418.9784
419.010675
419.021725
419.273875
419.28125
419.29245
419.30385
420.01535
420.06835
420.123525
420.63605
420.663225
420.690825
420.771625
420.778725
420.912225
420.9731
421.10025
421.121375
421.540075
421.826475
422.085425
422.100225
422.111375
422.125675
422.156925
422.17425
422.27755
422.672825
422.7157
422.7574
422.866075
423.19335
423.21005
423.240425
423.273475
423.461275
423.466175
423.46745
423.746575
423.77765
423.784525
423.7893
423.8143
424.033625
424.185075
424.893875
424.993825
424.9957
425.028725
425.0677
425.104925
425.127025
425.4078
425.4216
425.442875
425.71255
425.73625
425.748925
425.7511
425.758325
425.78605
426.101225
426.2465
426.4916
426.50525
426.5161
426.6737
426.8402
426.8485
426.8542
426.8607
426.8674
426.871675
426.876375
426.879075
426.887225
427.148225
427.1595
427.1783
427.2089
427.39135
427.431625
427.5464
427.94015
427.9498
427.994825
428.013975
428.0361
428.058225
428.43745
428.459025
428.4903
428.65935
428.9931
428.995875
429.089975
429.24395
429.2522
429.265575
429.2845
429.4983
429.5178
429.5411
429.554275
429.560725
429.572425
429.59835
429.893475
429.937575
429.994325
430.231
430.23505
430.237625
430.23945
430.241625
430.244025
430.245075
430.246125
430.24815
430.2684
430.297625
430.8309
430.8595
431.1442
431.186225
431.336425
431.351625
431.365925
431.381075
431.788325
432.1697
432.211225
432.7876
432.806225
432.81435
432.8191
432.83565
432.8558
433.01835
433.043975
433.050525
433.06865
433.097175
433.29765
433.30705
433.322425
433.680275
433.687275
433.692125
433.696025
433.701525
433.709575
433.74105
434.16415
434.38005
434.425025
434.46055
434.49095
434.49725
434.512275
434.5224
434.72595
434.736625
434.74715
434.754175
434.765675
434.813875
435.092025
435.123275
435.201125
435.2218
435.2374
435.87045
435.890675
435.91855
436.487375
436.5218
436.71585
436.72325
436.73355
436.739
436.74615
436.759275
437.1169
437.125225
437.130425
437.3257
437.617
437.6547
437.778225
437.801725
437.946725
437.9667
437.976875
438.541175
438.68345
438.79885
438.9762
439.246175
439.5999
439.703825
439.71615
439.7434
439.79355
440.055475
440.081675
440.21015
440.22745
440.484275
440.49565
440.506675
440.510775
440.519475
440.7414
440.768825
440.944975
440.9541
440.966725
440.98255
441.16975
441.24965
441.26065
441.306275
441.363475
441.5092
441.7355
441.88985
442.52905
442.57815
442.5961
442.60615
442.617175
442.63615
442.89145
442.92125
443.00585
443.328925
443.344975
443.36215
444.074575
444.083875
444.09215
444.10365
444.1284
444.4346
444.503475
444.52695
444.871225
445.161475
445.187875
445.234675
445.343775
445.5306
445.5666
445.73505
446.065375
446.123175
446.142275
446.162575
446.308125
446.32725
446.339875
446.35445
446.695575
446.73005
447.0184
447.08815
447.097375
447.116675
447.141275
447.36025
447.5239
447.5365
447.61255
447.63265
447.649475
447.678275
448.04745
448.118075
448.12335
448.1289
448.137475
448.21035
448.590975
448.657975
448.671825
448.726
448.734225
448.790975
448.796175
448.799175
448.802225
448.808475
448.819625
449.159675
449.24835
449.271525
449.5219
449.6038
449.646875
449.668725
450.080725
450.10245
450.11135
450.122025
450.157375
450.415325
450.463275
450.47895
450.563575
450.580225
450.60915
450.6163
450.973125
450.9903
451.001775
451.0453
451.358525
451.40115
451.410825
451.4348
451.6295
451.660325
451.7933
452.1086
452.121
452.1251
452.1276
452.1296
452.13165
452.1359
452.1387
452.141125
452.143725
452.1465
452.734625
452.755025
452.7758
452.833225
452.852875
452.86295
452.87885
453.27985
453.29435
453.5144
453.529375
453.539325
453.5557
453.5846
453.69275
453.81385
453.833775
453.960625
453.979375
454.2119
454.22355
454.5702
454.57785
454.5872
454.594075
454.611175
454.968875
455.17655
455.184175
455.1964
455.21845
455.221025
455.955825
456.030525
456.1095
456.319675
456.3502
456.363975
456.367575
456.374975
456.547275
456.567525
456.57695
456.583975
456.5984
456.785125
457.242125
457.263275
457.28395
457.585325
457.754975
457.837275
458.005375
458.182375
458.504675
458.5609
458.92365
458.933675
458.935225
458.951175
458.959975
458.967375
459.337875
459.371075
459.403225
459.61725
459.6245
459.632125
459.635825
459.641925
459.644725
459.647875
459.652275
459.663475
460.475025
460.9134
460.96415
460.989575
461.0098
461.019075
461.042075
461.23005
461.24455
461.30425
461.472525
461.529625
461.53605
461.54135
461.549525
461.5527
461.575075
461.814625
461.833775
462.0166
462.10005
462.10555
462.290075
462.30655
462.312925
462.316275
462.32155
462.3294
462.334525
462.803875
463.15335
463.17715
463.29925
463.470275
463.9279
464.19015
464.21495
464.22505
464.237
464.255075
464.615825
464.6377
464.6441
464.684925
464.78
465.586225
465.851225
465.88565
465.898275
465.9048
465.909125
465.9341
466.16475
466.505575
466.560675
466.79485
466.820025
466.8445
467.112975
467.1352
467.16645
467.3319
467.358425
467.636075
467.645975
467.6608
467.678725
467.9852
467.996625
468.025725
468.305125
468.3274
468.3601
468.3672
468.380825
468.41375
468.5945
468.65465
468.674425
468.68145
468.6854
468.6886
468.69715
468.69835
468.7059
468.896625
469.051525
469.068325
469.08165
469.106875
469.4638
469.490775
469.84785
469.8978
470.090575
470.0993
470.10365
470.107975
470.1175
470.146775
470.427
470.571975
470.650625
470.661925
470.66655
470.6698
470.674075
470.6836
470.694025
470.725175
471.141175
471.145625
471.150075
471.17035
471.200275
471.732525
471.7407
471.744225
471.74545
471.7493
471.754525
471.763
471.7798
472.104625
472.113275
472.128525
472.139125
472.150675
472.166075
472.21705
472.229925
472.50255
472.5107
472.51735
472.549575
472.5562
472.594675
472.7142
472.87985
472.90995
472.960775
472.9704
472.99025
473.431625
473.46575
473.4807
473.4894
473.506875
473.980625
474.069975
474.0818
474.094675
474.09975
474.119
474.155125
474.612775
474.624775
474.63045
474.676475
474.816225
474.837425
474.8499
474.850875
474.854475
474.86085
474.867
475.0646
475.134775
475.16685
475.186325
475.27255
475.281875
475.298
475.304425
475.58635
475.6203
476.595975
476.76955
477.1403
477.1655
477.17495
477.222825
477.4417
477.468875
477.565275
477.670425
477.94475
477.992075
478.14175
478.155725
478.1813
478.198875
478.23195
478.548475
478.79715
478.82275
478.955675
479.1229
479.141175
479.171875
479.430425
479.456925
479.683075
479.722925
479.757175
479.879
479.898
479.922025
480.0816
480.260975
480.40555
480.42085
480.455625
480.476025
480.49185
480.52605
480.61155
480.639225
480.894775
481.5159
481.587425
481.594075
481.598475
481.603075
481.6079
481.61625
481.634075
481.87145
481.885775
481.9476
482.015525
482.297375
482.349325
482.67365
482.77545
482.78565
482.8043
482.8753
482.8969
483.16375
483.174225
483.179025
483.186725
483.194625
483.208875
483.229675
483.247075
483.55025
483.5669
484.0603
484.112375
484.477825
484.531325
484.5959
484.8972
484.91315
485.498975
485.5302
485.553075
485.9426
485.980425
486.234525
486.267875
486.30485
486.314525
486.737875
486.95215
486.956825
486.96715
486.983275
486.99895
487.1722
487.314125
487.33885
487.34875
487.371225
487.57875
487.719525
487.7887
487.7972
487.809975
488.288825
488.307
488.318775
488.325825
488.328425
488.336925
488.3455
488.3635
488.711225
488.718325
488.72275
488.727325
488.73645
488.745475
488.8972
488.90865
488.92255
489.246675
489.26245
489.2797
489.29035
489.3012
489.303825
489.31115
489.471325
489.494825
489.529075
489.887825
489.908525
489.925175
490.21805
490.3065
490.3689
490.3985
490.43735
490.577575
490.579625
490.957175
490.96745
491.00045
491.742175
491.93945
491.9512
491.9611
491.967075
491.97915
491.99675
492.056075
492.403525
492.423075
492.435175
492.699675
493.055275
493.072875
493.1265
493.508125
493.5265
493.531975
493.534875
493.552325
493.81665
493.8331
494.002075
494.315875
494.3451
494.702325
495.030125
495.277575
495.3011
495.31065
495.317275
495.33825
495.3724
495.80685
495.831225
495.99175
496.018675
496.03115
496.2067
496.2147
496.225025
496.2497
496.46025
496.4874
496.61025
496.65735
496.670775
496.673025
496.694575
496.774125
497.01675
497.4647
497.689325
497.7021
497.901825
497.9499
498.081625
498.083475
498.09245
498.09805
498.103975
498.122075
498.70605
498.7078
498.886975
498.895275
498.9073
499.092475
499.120375
499.125775
499.13035
499.13295
499.136525
499.13985
499.144375
499.5026
499.7047
499.724625
499.7448
499.760525
499.76495
499.772025
499.785575
499.799675
500.087375
500.095725
500.103175
500.109475
500.1184
500.125775
500.129525
500.592325
500.609625
500.619375
500.6268
500.7048
501.02445
501.196675
501.2154
501.217475
501.264625
501.358175
501.6036
501.61795
501.635025
501.65785
501.83405
501.867825
501.87545
502.209175
502.230225
502.247725
502.265825
502.418725
502.4845
502.60875
502.621475
502.628725
502.637225
502.662075
502.8876
502.8966
502.902325
502.905225
502.906325
502.915
502.92975
502.997
503.01755
504.162275
504.566025
504.583225
504.586375
504.633325
504.7395
504.89725
505.176925
505.190775
505.209475
505.23875
505.917425
505.931925
506.0103
506.014575
506.03105
506.045175
506.056325
506.0822
506.34735
506.38355
506.402175
506.415875
506.73235
506.74195
506.749725
506.758025
506.7653
506.768025
506.783925
507.4358
507.477325
507.515775
507.88385
507.9988
508.023625
508.1191
508.1247
508.18655
508.2005
508.20775
508.21945
508.241625
508.493325
508.502575
508.513675
508.6753
509.213025
509.267525
509.2977
509.6609
509.7186
509.740125
509.759325
509.8076
509.876575
510.0559
510.255075
510.2878
510.3033
510.313675
510.326775
510.379
510.49185
510.72555
510.772425
511.142925
511.1693
511.1865
511.193425
511.51975
511.558775
511.571125
511.577775
511.58175
511.5956
511.6035
511.607425
512.034925
512.08835
512.7721
512.9408
512.9466
513.3398
513.4909
513.81075
513.863675
513.90135
514.113875
514.19905
514.420525
514.45925
514.466
514.47315
514.4837
514.509975
514.830225
515.0534
515.163525
515.24455
515.377025
515.706675
515.718925
515.7345
515.75965
515.889425
516.215725
516.2704
516.335675
516.646325
516.6835
516.820325
516.8682
516.89245
517.205375
517.2329
517.242125
517.2563
517.420575
517.54935
517.573575
517.5896
517.944375
517.96305
518.032725
518.0947
518.21275
518.352275
518.368025
518.38455
518.4023
518.4092
518.4172
518.431025
518.43265
518.4572
518.47025
518.49585
518.5724
518.65975
518.974625
518.98295
519.03745
519.59235
520.074625
520.1945
520.39985
520.439725
520.46205
520.497475
520.5264
520.857675
520.89435
521.10475
521.13445
521.812275
522.4025
522.5991
522.7055
522.727025
522.85775
523.0395
523.168625
523.4689
523.505975
523.5701
523.598325
523.628575
523.742825
524.023525
524.09045
524.116275
524.1801
524.233225
524.309725
524.339825
524.470175
524.675175
524.700075
524.92885
525.3047
525.365475
525.50205
525.536975
525.626025
525.658725
525.66865
525.884325
525.88615
525.948425
526.0186
526.105225
526.113075
526.121625
526.13545
526.340025
526.405675
526.435075
526.45585
527.233425
527.241
527.25045
527.259075
527.26505
527.26885
527.280825
527.5556
527.5726
527.58225
527.58935
527.594925
527.61915
527.65075
527.9831
528.021425
528.111175
528.307375
528.3644
528.396025
528.684075
528.7052
528.724775
528.74045
529.076625
529.120525
529.1381
529.14885
529.16045
529.187125
529.51805
529.8499
530.132525
530.17025
530.187525
530.4545
530.469525
530.486125
530.500275
530.537775
530.702125
530.713375
530.7253
530.764125
530.812325
531.08995
531.1539
531.1697
531.478125
531.49095
531.767775
532.025
532.0565
532.100275
532.126425
532.257325
532.45225
532.756175
532.7978
532.842975
532.865075
532.9145
533.597625
533.619425
533.940675
534.296425
534.317325
534.362475
534.457825
534.7243
534.733475
534.737225
534.7402
534.7482
534.75345
534.771125
535.150575
535.434025
535.600875
535.982625
536.00855
536.04445
536.163125
536.179875
536.184725
536.20245
536.2186
536.244725
536.713525
536.75905
537.092075
537.1414
537.1688
537.382925
537.424525
537.45215
537.7165
537.75565
537.79755
537.9498
538.00055
538.038625
538.067375
538.641875
538.793275
539.0424
539.0597
539.07055
539.081875
539.10285
539.1211
539.165525
539.294425
539.458225
539.919925
539.936875
539.955175
540.150875
540.158275
540.16685
540.176225
540.185325
540.203925
540.24955
540.288425
540.68745
540.74685
540.926125
541.06385
541.086675
541.145475
541.182775
541.2124
541.241325
541.504525
541.529725
541.55555
541.5614
541.5909
541.891725
541.914425
541.94065
541.95505
542.31465
542.342925
542.3632
542.36865
542.410625
542.7287
542.752875
542.79765
542.809275
542.82285
543.231625
543.278125
543.29435
543.325525
543.3604
543.576375
543.744275
543.790075
543.8063
543.8579
543.8885
544.293125
544.355675
544.375675
544.615175
544.667875
544.691925
544.697225
544.707425
544.714875
544.734
545.056975
545.118625
545.152325
545.18335
545.201625
545.36335
545.56255
545.568075
545.575725
545.6097
545.672
545.789325
546.0101
546.0551
546.241975
546.3077
546.329
546.555075
546.70755
546.927275
547.09935
547.416675
547.55785
547.6216
547.62845
547.634275
547.6401
547.65
547.6631
547.966175
548.0181
548.0336
548.4542
548.495675
548.74655
548.789575
549.235075
549.407125
549.420075
549.44005
549.45015
550.376275
550.3853
550.3926
550.4174
550.67205
550.714275
550.737575
550.9595
551.225175
551.244475
551.2594
551.31145
551.3961
551.688275
552.102925
552.148325
552.171225
552.4441
552.5404
552.565775
552.572275
552.586475
552.5982
552.628675
552.9176
553.4209
553.439
553.441
553.452625
553.4569
553.467425
553.475025
553.4951
553.660425
553.667175
553.6761
553.689
553.69925
553.700575
553.7619
553.98765
553.993875
553.99615
554.007575
554.0126
554.014475
554.020125
554.2761
554.2786
554.2852
554.2996
554.30645
554.318725
554.667375
554.67385
554.67805
554.688925
554.843525
554.849175
554.85215
554.85615
554.8694
554.9572
555.321425
555.335125
555.341575
555.34965
555.353375
555.36925
555.39545
555.4506
555.834625
555.849825
555.856475
555.904425
556.070725
556.1381
556.179
556.29395
556.574875
556.7699
556.894875
556.95395
557.17275
557.363575
557.4697
557.55755
557.632575
557.775775
557.874225
557.949925
558.031275
558.084225
558.2576
558.327175
558.620875
558.882875
558.9246
559.093725
559.23995
559.373275
559.476675
559.68095
559.85725
559.89275
560.18965
560.2053
560.214
560.2292
560.273625
560.4631
560.4718
560.530575
560.6016
560.82205
560.844825
560.8505
560.8636
560.992875
561.063425
561.077175
561.107725
561.167175
561.366475
561.5203
561.529825
561.64075
561.6548
561.747
562.246
562.345425
562.542475
562.910925
563.115225
563.17335
563.216275
563.249925
563.34835
563.405525
563.450225
563.479425
563.538325
563.589725
563.618975
563.66
563.746025
563.9362
564.013775
564.087075
564.1009
564.145225
564.35815
564.43595
564.6207
564.675275
564.906925
564.9849
565.067175
565.13665
565.18945
565.2319
565.367875
565.436075
565.471175
565.472
565.867725
566.043225
566.06585
566.11185
566.13085
566.19955
566.249525
566.2907
566.397475
566.44835
566.532725
566.551025
566.5821
566.76595
567.008175
567.0866
567.2547
567.264925
567.351275
567.36885
567.4752
567.496375
567.65025
567.853475
568.046725
568.1361
568.279
568.3505
568.396175
568.44645
568.474825
568.795925
568.86395
568.8655
568.88645
568.90015
568.980475
569.0732
569.117475
569.144775
569.16975
569.2063
569.276925
569.31975
569.354175
569.56015
569.8344
569.934825
570.188175
570.315175
570.38325
570.4008
570.48755
570.538775
570.570775
570.6055
570.67655
570.794625
570.8028
570.857275
571.2358
571.431125
571.596475
572.034325
572.13645
572.3362
572.362025
572.3775
572.402075
572.431975
572.442125
572.452175
572.490575
572.514125
572.529025
572.589275
572.625925
572.6383
572.73065
572.739325
572.95725
573.01325
573.15415
573.189875
573.30485
573.544225
573.5683
573.7168
573.8161
573.8702
573.934175
573.936
573.973275
574.088
574.1149
574.196875
574.225625
574.272975
574.3285
574.39845
574.422625
574.8202
574.8768
575.04975
575.118375
575.128625
575.170725
575.199175
575.3019
575.93835
575.960975
575.972175
575.97895
575.9867
576.044425
576.078325
576.43275
576.717925
576.73425
576.743225
576.78395
576.85655
576.897725
577.105475
577.2498
577.59705
577.6215
577.771625
577.815575
578.006575
578.015575
578.03075
578.084825
578.106225
578.216875
578.43015
578.66845
579.7157
579.73005
579.755175
579.8693
580.335025
580.376975
580.406575
580.452
580.48515
580.5089
580.515625
580.520075
580.528225
580.5315
580.536475
581.228925
581.71305
581.750475
581.7699
581.963
581.992925
582.705925
583.01305
583.0854
583.2824
583.304275
583.4341
583.44935
583.461775
583.463975
583.472525
583.479125
583.497275
583.528525
584.0195
584.1913
584.249725
584.427775
584.659775
584.985475
585.030725
585.057975
585.081975
585.62825
585.74235
585.80005
585.899725
586.1208
586.132125
586.13665
586.154975
586.16635
586.181325
586.21085
586.244575
586.616325
586.66885
586.997925
587.259025
587.313475
587.3675
587.56115
587.7097
587.75765
587.779625
587.795125
588.09705
588.10285
588.107725
588.113225
588.34545
588.767525
588.976925
589.0929
589.1578
589.165625
589.1768
589.192525
589.232525
589.416825
589.503625
589.512825
589.51675
589.5199
589.52295
589.528825
589.5367
589.540225
589.548875
589.68185
589.806925
589.846675
590.297375
590.31565
590.434575
590.560425
590.656375
590.757125
590.85395
591.054875
591.1686
591.305375
591.367025
591.77145
591.827225
591.908825
591.96635
592.133975
592.276675
592.379
592.398825
592.421175
592.78805
592.854475
592.8769
592.878
592.906025
592.927525
593.245075
593.257925
593.454675
593.456275
593.47005
593.4738
593.48365
593.5033
593.87925
593.8846
593.8874
593.896275
593.9002
593.907475
594.582075
594.588925
594.5922
594.6021
594.93425
594.97865
595.136775
595.143825
595.1538
595.161525
595.16815
595.18005
595.471675
595.53545
595.75765
595.78645
595.827725
595.83215
595.8544
595.868975
596.3238
596.50045
596.510275
596.514275
596.516775
596.518725
596.5292
596.538475
596.749125
596.85625
597.274925
597.540225
597.579725
597.776975
597.8074
598.6275
598.685875
598.8719
599.0454
599.2271
599.70415
599.79685
599.806275
599.83085
600.2364
600.492675
600.498925
600.50865
600.514825
600.522775
600.79355
600.80205
600.834075
600.8511
600.857525
600.86785
600.893925
600.9552
601.19585
601.47725
601.539675
601.569
602.02345
602.04915
602.074
602.133225
602.154925
602.167
602.41545
602.446
