0.24395
0.2467
0.24945
0.622975
0.6267
1.231575
1.49265
2.020925
2.491225
2.843275
4.59445
4.59755
4.662425
6.36745
6.98155
6.984775
6.9879
6.99185
7.692375
7.695075
7.697725
7.7011
8.270075
8.59645
8.88895
8.892
8.895675
10.034875
10.4336
10.436925
10.439875
10.770225
12.678025
12.8991
13.6828
15.117025
15.1199
15.1227
15.12735
16.13605
16.1406
16.464
16.467175
16.833325
17.467875
17.47155
18.1303
18.490875
18.494575
19.569125
19.572175
19.575275
20.7905
21.25705
22.297625
24.2288
24.23625
24.531875
25.548275
25.560825
25.5698
25.88335
26.45505
26.45915
27.8838
28.2779
28.281725
28.291475
28.7017
29.3915
29.395175
29.399225
29.64425
31.04785
31.052025
32.0301
32.901425
33.2468
33.49335
35.4083
35.411775
35.819675
36.379325
37.2253
37.59285
38.057175
38.06065
38.0648
40.795675
42.0612
42.065
43.889625
43.893875
45.745375
45.94645
46.215575
47.011275
47.0146
47.017925
47.68555
50.273975
51.3525
52.46845
52.471975
53.118375
55.307525
56.3475
56.93425
56.937125
56.940175
57.407475
57.4104
57.4132
57.8706
58.600425
60.2659
60.668275
60.671425
60.67455
60.67995
61.41905
61.422275
61.42585
61.596275
63.456975
64.915875
65.1212
66.321425
67.632525
67.63655
68.290225
68.75565
69.2559
69.25975
71.2682
71.780425
72.23195
72.4804
72.6694
73.33265
73.37695
73.6618
73.66495
73.667875
73.981525
73.98595
78.700625
78.90665
80.77895
81.4239
82.90855
83.35415
83.5934
83.5971
84.72005
85.8115
85.815375
85.819475
87.5196
87.8776
88.197175
88.970725
90.0512
90.60085
91.253
91.2569
92.4472
93.337625
93.708375
94.321375
95.90555
96.857375
97.0036
97.598
97.86955
98.40555
98.408625
98.41155
98.828625
98.832125
99.578075
99.58255
101.9734
101.98
104.0756
104.079375
105.123175
105.126425
105.129875
106.41375
107.000425
107.6683
107.671825
107.675225
108.308075
108.624025
108.6269
108.6298
109.018725
109.733425
109.737125
112.505375
112.7815
112.78495
113.896075
113.899475
116.4618
118.7774
119.2683
119.762175
120.417475
120.42155
120.427325
122.0892
123.088
123.936325
123.939725
124.49275
124.50495
124.789875
124.79515
127.207875
127.21175
127.276725
128.181275
128.80705
128.809775
128.812825
128.8166
128.821625
129.254875
129.25895
129.825575
131.891325
131.89475
132.1469
132.15135
132.626075
132.629225
133.578625
133.785475
134.013725
134.7389
135.82665
136.4829
137.987725
137.992475
139.118275
139.122425
140.283475
140.28695
140.29065
141.425175
141.827725
142.001525
143.106125
143.110175
145.518475
146.271975
147.17035
147.17395
147.456425
147.69145
147.698525
148.13515
149.323825
150.09475
151.738175
152.057575
153.570575
154.067425
154.071025
154.0742
155.1599
155.163025
155.166425
155.75485
155.759725
157.4797
157.48345
157.4867
159.378925
159.381625
159.38475
161.797325
161.801575
161.805275
162.113225
162.12015
163.67605
163.679125
163.68215
165.086075
165.37885
167.070325
167.43915
167.44245
167.93
168.2734
168.2865
168.2897
168.292825
169.2154
169.7239
170.2462
172.558175
173.526675
174.10655
174.1415
176.609375
176.615775
176.877725
178.256375
179.080825
179.0845
182.948125
183.5141
183.8979
184.40495
184.409675
186.239125
186.24285
186.2484
187.8193
189.046025
189.786175
189.797025
191.803575
193.2564
193.6133
193.9592
193.963075
195.24625
195.8716
197.107375
198.774875
199.0806
204.20655
204.211025
204.8361
204.83935
204.842775
204.849
204.873075
205.401525
206.689025
206.713075
208.070375
208.77895
208.963275
209.26985
209.29695
209.33545
210.232275
210.637125
211.1181
211.448675
211.451275
211.453775
211.456725
213.49325
214.136975
215.001275
215.4462
216.4691
216.868275
217.66245
218.25155
218.2582
218.4899
219.093225
219.097025
219.100325
219.559675
221.756825
221.760525
222.153925
222.157775
222.551875
223.293325
223.333975
225.7146
225.72005
226.7272
226.731075
230.4633
231.82945
232.182375
232.8504
232.8593
233.11535
233.119875
233.3612
233.958775
234.5838
235.194675
235.198125
235.581075
237.76815
238.307075
241.50545
241.76035
242.45525
243.186975
243.190475
246.089725
247.985475
253.496175
254.006375
254.0106
254.93125
255.65395
255.65795
256.2676
256.271175
256.7536
256.757425
257.085975
257.090125
258.53845
258.54205
259.068575
259.94175
260.504
260.507625
260.764025
261.122725
261.989325
261.992275
261.99555
263.1022
264.153275
265.89075
265.89355
265.89635
266.201
266.204125
266.88935
269.772025
269.933175
271.2188
271.62625
271.6292
271.6339
271.99205
272.8949
272.89825
272.901175
273.7522
273.757675
274.1286
275.046925
275.05045
275.341725
276.9045
277.416475
277.420975
277.99035
282.716425
283.74555
285.972725
286.4417
286.5771
287.167225
287.170875
287.479875
287.4845
287.763475
287.77185
290.467875
291.4619
292.65035
292.6539
292.866425
293.096925
293.103
293.106675
293.360925
293.364975
294.4742
294.4773
294.48055
295.66375
296.022175
296.0259
297.082425
297.085775
297.67085
302.313625
302.3179
302.9953
303.002275
303.705
307.9335
307.939025
308.281
308.460225
308.508525
309.0419
309.9937
310.00135
310.9238
311.2249
311.7838
311.787
312.6693
313.18625
317.375575
317.709175
319.701725
321.717625
324.37465
324.855575
324.8591
325.44835
325.73845
325.7746
327.712
328.959575
329.989725
330.150525
331.576875
332.628325
333.26465
334.300325
334.312975
334.695425
335.6831
337.736725
337.998925
338.61705
338.936375
339.49655
341.091575
341.094575
341.097875
343.883225
344.5172
345.12485
346.32195
346.684475
347.127025
347.1306
347.1343
347.750125
347.754375
349.6128
350.708675
350.847425
351.076325
351.288475
351.87825
352.214925
352.346325
352.94935
353.445
355.604675
356.1612
357.719225
358.618075
359.646025
359.649975
361.835825
363.0614
363.413725
364.99555
365.302125
365.9346
368.464475
368.4741
370.404025
370.82605
372.247425
373.245175
373.7181
375.7381
375.742225
375.7515
375.75505
376.33105
377.172975
378.170825
378.178
378.851025
379.608875
380.0399
381.05955
381.0641
381.737425
382.494475
383.898
384.8391
385.3405
385.344425
385.59425
386.655275
388.11115
389.255125
390.412375
390.41855
391.2508
391.255075
391.5458
391.5499
392.0721
392.078325
393.254275
394.784825
394.787875
394.79085
395.187725
396.88205
397.2332
397.237075
399.609275
400.212725
400.216975
400.583425
400.588825
402.764925
403.52285
403.526725
403.875675
404.367525
405.106575
405.1102
405.702625
405.7069
406.34845
406.68745
406.79265
406.831325
407.856525
408.1786
409.14605
409.158125
409.7718
409.775775
410.865725
410.8693
412.9711
413.354825
414.057925
414.330775
414.33425
414.370075
414.881925
414.884775
414.887675
416.057625
416.50005
416.9998
417.311725
417.3152
418.67195
419.430825
421.13115
422.86195
423.201475
423.204575
423.20765
423.581325
423.922025
424.40995
424.8189
425.459375
426.360925
426.37465
426.380075
426.705975
426.710425
427.624075
427.627625
427.810025
428.516125
429.483975
429.487125
429.490325
431.8191
432.951725
433.47445
433.574375
434.07045
434.07395
434.661175
435.324375
435.3317
435.591575
436.53775
436.5405
436.5435
438.694975
438.69835
438.701825
438.863075
439.658725
439.80055
440.072225
440.4818
440.689225
440.942325
441.901125
442.509275
443.0642
443.3239
444.0445
444.049875
445.082025
445.084975
445.532875
446.039775
446.04265
446.045225
446.0485
446.940775
447.69685
447.700825
448.0522
448.7038
449.046625
449.050325
449.9155
449.9239
450.407325
450.61585
451.37625
451.379875
451.38605
452.03215
452.704925
453.6181
454.311675
454.5743
454.57965
454.5841
456.785325
457.161275
457.51505
458.75065
460.2677
460.50585
462.748
462.751225
462.762775
463.2092
463.4142
465.613025
465.629
466.510225
466.51335
466.516875
466.962775
468.021825
468.43665
468.658025
469.008825
470.033825
470.69915
470.702625
470.705925
470.961325
470.967125
470.9836
470.9874
471.3695
471.37305
472.245825
472.249125
472.2531
473.112125
473.563225
474.03025
474.368175
475.072925
475.077325
475.3047
475.308
475.311175
476.115625
476.436175
477.07495
477.8238
477.82735
478.639375
479.730625
479.7339
479.73745
480.410425
480.415125
480.759925
481.0978
481.101925
481.362425
481.36705
481.702525
481.706525
482.2089
483.146975
484.852075
485.40255
485.40795
488.63575
488.6397
488.854275
489.355975
491.326075
492.889725
494.155175
494.536775
495.043525
495.920625
495.924125
496.424875
496.42805
496.65545
497.00175
497.745975
498.251825
498.255375
500.668275
500.67245
500.9363
502.447275
503.644975
505.50895
505.514625
506.868675
507.0956
507.105925
507.408225
508.962875
508.966975
508.9769
509.523625
509.7368
509.9222
510.087725
510.944575
510.948425
511.915725
512.060225
512.348275
512.70505
512.708475
512.71215
513.3592
513.36395
514.191725
514.194225
514.196875
514.199025
514.66145
515.047525
515.05175
515.055675
516.20455
517.237375
517.41445
517.4744
517.523775
517.9258
517.9391
517.942475
518.118525
518.403675
518.700975
518.70515
519.555025
519.56025
519.655875
520.283825
520.548325
520.79245
521.067725
521.073325
521.29585
521.715525
522.34415
522.348825
522.767775
522.770675
523.04545
523.05915
524.34355
525.368625
525.386375
527.845475
528.118925
529.307325
529.680875
530.1651
530.377075
530.397975
530.7927
530.797125
531.84425
531.848375
532.8942
532.898675
534.645025
534.64855
534.652625
534.658375
534.8377
535.17245
535.18165
536.6747
536.999475
537.8087
537.812675
538.4319
538.912225
539.52125
541.325925
542.223475
542.350675
542.400775
543.684925
544.2365
545.030775
545.389525
548.15005
548.53455
548.8076
549.4276
549.916325
551.01305
552.8279
554.215125
554.226375
554.6347
554.638075
554.641775
555.13605
556.470875
556.480075
556.5647
556.5755
557.003675
557.698275
557.726975
557.7936
557.91515
558.788
559.3959
559.415575
559.41925
559.42465
559.47145
559.7412
559.92765
559.9507
559.971375
560.256825
563.31785
563.322325
564.09985
564.103675
564.36505
565.497125
565.916825
566.44105
568.17725
569.742625
569.819175
569.878075
570.78415
570.91845
572.2784
572.281125
572.28405
572.5277
572.530875
572.534375
572.87205
573.307525
573.311225
573.655725
573.6603
574.85915
574.8631
574.869925
574.8748
575.250825
575.538575
575.5432
575.953225
575.956
575.958825
575.962975
576.301225
576.304175
576.3072
577.022375
577.323425
578.890075
579.243325
581.571125
583.31345
583.468175
583.85365
584.11545
584.96245
584.9665
586.116625
587.456325
587.4593
587.46255
587.78285
588.652225
589.14475
589.4849
589.4888
591.82445
592.484725
593.12635
593.3204
593.67765
596.226425
597.70935
597.712775
597.7165
598.149125
598.153375
598.740725
598.7448
599.519075
600.422675
601.397475
601.401775
601.632575
602.39175
602.65855
