0.366175
0.81925
0.82745
0.8429
0.86485
1.592375
2.718675
2.899525
3.62515
4.028175
4.043675
4.06545
4.3817
4.446575
4.465275
5.0216
5.03115
5.043775
5.06985
5.406075
5.5781
5.5938
5.6139
5.6468
8.5625
8.8272
8.839825
8.84175
8.84695
8.853975
8.859525
8.877725
8.900325
8.929275
8.96675
9.057875
9.087475
9.1178
9.154725
9.172025
9.196625
9.220275
9.571725
9.582725
9.59615
9.60695
9.634875
10.030525
10.042975
10.06235
10.07515
10.987075
11.3982
11.424025
11.4414
11.766075
11.832075
11.843025
12.117525
12.142375
12.16925
12.612575
12.878075
12.96935
12.9935
13.03365
13.464525
13.47415
13.487625
13.5053
14.3725
14.405925
14.4134
15.101825
15.887075
15.89565
15.907375
15.915025
15.944725
16.04475
16.05765
16.0707
16.097
16.340625
16.34585
16.376
16.3889
16.39475
16.399225
16.412475
16.4248
16.55385
16.60075
16.6053
16.8417
16.8801
16.885775
16.89035
16.90055
16.911225
16.920525
16.940575
16.95345
16.99555
17.005425
17.262725
17.266675
17.295725
17.309525
17.32955
17.377475
17.4198
17.43675
17.72365
17.726575
17.73875
17.7615
17.81165
17.830925
17.99345
17.996625
18.09375
18.29425
18.300325
18.436925
18.621725
19.00105
19.06845
19.112625
19.1219
19.12695
19.439875
19.4583
19.461725
19.54635
19.656575
19.758825
20.76745
20.770825
20.977375
21.0229
21.02995
21.0774
21.36945
21.4087
21.41545
22.30195
22.3424
22.406175
22.4313
22.4539
22.458075
22.657175
22.708325
22.713775
22.7205
22.7339
23.080875
23.49275
23.528425
23.532275
23.540375
23.620775
23.6283
23.79505
23.842925
23.845675
23.849825
23.855875
23.85845
23.8732
24.7284
24.792825
25.090125
25.384775
25.425925
25.597025
25.604125
25.651675
25.655825
25.658425
25.663375
25.6672
25.6736
25.842775
26.391775
26.492075
26.541075
26.5445
26.5484
26.555275
26.570775
26.6039
26.673275
26.679875
26.684725
26.688675
26.694425
26.90295
26.9295
26.95835
26.96605
26.972925
26.9809
26.992225
27.828325
27.83645
27.83905
27.847175
27.855025
27.85975
27.872825
27.889325
27.971325
27.986175
27.995025
28.00505
28.0899
28.1481
28.16245
28.617475
29.088575
29.098425
29.106
29.11535
29.1217
29.126625
29.1366
29.14025
29.144875
29.21995
29.23795
29.2585
29.375
29.821225
30.09175
30.58845
30.716325
30.907825
31.03225
31.083825
31.1315
31.18685
31.192025
31.28145
31.325175
31.4215
31.5985
31.645075
31.686125
31.7209
31.72965
31.76555
31.799575
31.85615
31.8654
31.873025
31.88215
31.89525
31.9011
31.982125
31.992825
32.004125
32.0109
32.110675
32.123475
32.162775
32.23365
32.3257
32.4497
33.2941
33.5091
33.697675
33.73425
33.853475
33.8977
33.918775
33.94265
33.9908
34.008375
34.05745
34.096475
34.13605
34.161575
34.203925
34.24615
34.268175
34.2812
34.29405
34.299425
34.305875
34.3167
34.3282
34.341475
34.425725
34.4336
34.4476
34.45825
34.47785
34.590425
34.619775
34.6464
34.662775
34.71465
34.7483
34.7746
34.801525
34.965475
35.133075
35.17845
35.300675
35.3426
35.47455
35.6864
35.714425
35.795275
35.86525
35.9066
36.00765
36.074025
36.10655
36.145075
36.1695
36.1867
36.2195
36.26555
36.29855
36.3401
36.365825
36.39045
36.406075
36.4135
36.4429
36.499775
36.5289
36.5659
36.58
36.6116
36.63495
36.685725
36.7058
36.715625
36.7299
36.92915
36.9888
37.057625
37.101175
37.160625
37.29245
37.355175
37.380175
37.456825
37.4875
37.554525
37.598375
37.67895
37.69525
37.775825
37.867375
37.9193
37.978575
38.0256
38.060475
38.12045
38.162575
38.193575
38.234925
38.2443
38.291475
38.30775
38.35805
38.381275
38.404525
38.45035
38.465625
38.48265
38.5022
38.5701
38.590425
38.6131
38.632975
38.673375
38.693725
38.7253
38.737225
38.751125
38.775725
38.7896
38.813825
38.827275
38.849475
38.87365
38.890475
38.9124
38.930075
38.944425
38.967625
38.98645
39.0185
39.02965
39.0606
39.0759
39.10335
39.133325
39.1423
39.15715
39.1777
39.20405
39.216975
39.24395
39.254175
39.2639
39.2725
39.28165
39.28495
39.292975
39.300325
39.307375
39.31415
39.3174
39.322375
39.32815
39.33545
39.445525
39.451225
39.467975
39.483925
39.56525
39.5768
39.662875
39.678475
39.7007
39.733325
39.803675
39.85555
39.9042
39.966075
39.989275
40.021225
40.0658
40.083
40.108425
40.152925
40.1778
40.194625
40.2279
40.27655
40.325
40.359875
40.4105
40.45565
40.54325
40.595225
40.63735
40.676
40.7255
40.741025
40.777975
40.8336
40.865925
40.898775
40.9285
40.948525
40.95775
41.0108
41.039925
41.064
41.0951
41.1201
41.15365
41.168875
41.1758
41.18675
41.2125
41.24245
41.277375
41.296425
41.33465
41.375675
41.400325
41.433375
41.441125
41.459875
41.47125
41.48075
41.504575
41.5264
41.542625
41.553475
41.5825
41.596625
41.605975
41.6315
41.642825
41.65345
41.664725
41.694125
41.71795
41.739925
41.78555
41.806825
41.823725
41.8419
41.851025
41.8682
41.904375
41.918175
41.933525
41.946975
41.95635
41.965775
41.9772
41.9843
41.992125
42.000425
42.0174
42.022725
42.028775
42.0332
42.0442
42.053
42.058575
42.0664
42.0816
42.09485
42.104125
42.114225
42.135225
42.144975
42.1595
42.166725
42.185
42.2069
42.21675
42.243025
42.2734
42.288475
42.304025
42.314375
42.357525
42.391475
42.43095
42.45485
42.469175
42.5465
42.558975
42.5876
42.640025
42.702075
42.7283
42.743075
42.8061
42.868475
42.885725
42.917075
42.962725
42.99325
43.032875
43.051225
43.0636
43.149675
43.19725
43.229775
43.299425
43.33325
43.3808
43.41455
43.48075
43.527375
43.542175
43.5813
43.61595
43.668725
43.6984
43.782925
43.864725
43.90205
43.9599
43.979125
44.0151
44.073975
44.130975
44.176275
44.189625
44.20935
44.2409
44.270125
44.285375
44.30305
44.319275
44.3341
44.362575
44.413575
44.448475
44.48055
44.5022
44.5539
44.588175
44.64575
44.6803
44.721425
44.785625
44.888275
44.906725
44.97135
45.007975
45.01785
45.026325
45.035825
45.0418
45.050225
45.056575
45.061475
45.069975
45.079575
45.087125
45.0946
45.103
45.109025
45.11425
45.126675
45.140225
45.148875
45.15885
45.17305
45.18235
45.190025
45.203
45.213375
45.23295
45.23965
45.253175
45.2856
45.3022
45.31975
45.36605
45.402725
45.4241
45.4537
45.4981
45.5454
45.5686
45.595325
45.62805
45.65515
45.757
45.801325
45.8435
45.852975
45.887525
45.961
45.989825
46.027725
46.07585
46.177025
46.19985
46.2089
46.223975
46.240125
46.258925
46.275925
46.295025
46.3305
46.353025
46.382175
46.58335
46.62345
46.6406
46.65975
46.673775
46.678525
46.688725
46.696425
46.699875
46.708875
46.717025
46.7237
46.733375
46.746225
46.7579
46.76895
46.7829
46.79195
46.81685
46.830425
46.844525
46.8617
46.87215
46.898375
46.913125
46.946
47.0027
47.009825
47.051225
47.08585
47.179525
47.202675
47.212325
47.2684
47.294825
47.3568
47.3794
47.403975
47.43985
47.511925
47.5812
47.61855
47.71425
47.76575
47.81455
47.84095
47.91425
48.0077
48.038275
48.0675
48.076325
48.100375
48.111425
48.126275
48.133675
48.14315
48.1592
48.183775
48.210325
48.2164
48.2479
48.265475
48.29155
48.30775
48.3278
48.3388
48.363725
48.4101
48.461775
48.535925
48.574325
48.63435
48.678575
48.687025
48.697225
48.71015
48.721525
48.727975
48.7383
48.746325
48.757725
48.77245
48.778825
48.785225
48.7975
48.812075
48.827175
48.83845
48.8698
48.909175
48.942025
48.98365
49.0106
49.03535
49.066025
49.088375
49.11395
49.1339
49.241975
49.256675
49.269975
49.3029
49.333075
49.356375
49.4071
49.414975
49.438525
49.476425
49.495475
49.526725
49.576625
49.602425
49.642875
49.67265
49.7109
49.738675
49.81475
49.83545
49.91035
49.94835
50.003675
50.021325
50.053825
50.156325
50.219125
50.259575
50.278975
50.31805
50.37345
50.401225
50.43115
50.4665
50.49305
50.5049
50.52295
50.54045
50.553825
50.573225
50.5925
50.615375
50.644325
50.68035
50.715725
50.767275
50.787425
50.826
50.8664
50.8825
50.929075
51.013375
51.11215
51.145675
51.153975
51.160675
51.169125
51.175725
51.18365
51.193175
51.20185
51.209775
51.220275
51.227725
51.232825
51.2421
51.249775
51.25855
51.268975
51.2817
51.296725
51.31165
51.32325
51.355775
51.38145
51.4145
51.460425
51.51865
51.55495
51.6205
51.6605
51.715925
51.756875
51.868525
51.9025
51.9456
51.97095
52.0328
52.05305
52.07145
52.076575
52.089025
52.105825
52.126025
52.13405
52.147625
52.160025
52.177625
52.1982
52.2209
52.238925
52.27485
52.322675
52.36665
52.39705
52.428
52.507775
52.563775
52.67005
52.678625
52.68525
52.6968
52.70565
52.71085
52.71685
52.72435
52.74315
52.749475
52.759425
52.7768
52.7989
52.82175
52.836825
52.874375
52.93315
52.96565
53.012525
53.029475
53.0908
53.133025
53.140325
53.161625
53.1735
53.19075
53.2154
53.33285
53.410425
53.468575
53.52985
53.54135
53.54555
53.559475
53.56715
53.57255
53.578575
53.5868
53.59465
53.601925
53.611
53.618775
53.62975
53.6382
53.6591
53.69105
53.715875
53.73515
53.76805
53.7796
53.87305
53.9316
53.962525
53.986775
54.00365
54.03315
54.1241
54.13185
54.14195
54.1459
54.161225
54.171125
54.185575
54.192175
54.20075
54.2117
54.22105
54.2266
54.239925
54.250975
54.258625
54.26855
54.281075
54.2919
54.2986
54.320875
54.34035
54.371275
54.407125
54.477
54.502125
54.5656
54.61455
54.678
54.68815
54.696675
54.705075
54.711725
54.71805
54.726075
54.736
54.7437
54.753225
54.760375
54.7664
54.7719
54.785625
54.7946
54.802525
54.811225
54.828725
54.840225
54.8608
54.8794
54.887925
54.908875
54.92765
54.952475
54.979625
55.04015
55.107375
55.1287
55.168
55.188875
55.20225
55.22635
55.255475
55.287325
55.333675
55.392225
55.45705
55.477225
55.50245
55.5294
55.550525
55.5587
55.583675
55.60505
55.64215
55.661675
55.6863
55.7134
55.781025
55.951075
56.00695
56.057725
56.07445
56.0959
56.1056
56.113525
56.120075
56.125625
56.1336
56.1425
56.153025
56.16105
56.170225
56.182225
56.191275
56.197725
56.20825
56.216325
56.231725
56.243475
56.257675
56.2691
56.28615
56.2971
56.32225
56.33865
56.408
56.5092
56.544025
56.57415
56.58955
56.599525
56.6082
56.6132
56.6216
56.6321
56.637325
56.64905
56.656575
56.666225
56.680275
56.690375
56.740325
56.763125
56.7942
56.816025
56.842175
56.85525
56.903825
56.99615
57.045875
57.1506
57.1686
57.247475
57.3986
57.5043
57.52945
57.57875
57.669225
57.709475
57.74215
57.77985
57.801575
57.9425
57.98005
57.990675
57.998575
58.005075
58.026275
58.039775
58.0574
58.146475
58.18115
58.3373
58.35625
58.50945
58.541575
58.559175
58.62705
58.73565
58.7849
58.947175
59.010075
59.01985
59.031125
59.038975
59.050675
59.0711
59.076125
59.0917
59.102075
59.10915
59.1277
59.138625
59.1446
59.155325
59.160675
59.471575
59.501225
59.526875
59.5919
59.72555
59.7552
59.76905
59.795825
59.853275
59.876175
59.90825
59.92735
59.9519
59.9775
59.9913
60.0159
60.029275
60.037625
60.04565
60.055575
60.064825
60.08015
60.087925
60.101575
60.132275
60.140125
60.153675
60.160525
60.16905
60.180975
60.195475
60.20635
60.211275
60.2301
60.23815
60.25345
60.265225
60.28165
60.305025
60.322175
60.3389
60.3509
60.371575
60.386
60.39745
60.403625
60.409
60.4255
60.435
60.4458
60.456
60.4698
60.4784
60.497725
60.524525
60.536675
60.550625
60.5619
60.584625
60.593075
60.616325
60.629475
60.651025
60.665
60.691225
60.699125
60.724175
60.7493
60.765325
60.773275
60.801525
60.823925
60.84905
60.871825
60.89535
60.923575
61.059675
61.188025
61.210075
61.218225
61.22985
61.245825
61.271425
61.28985
61.322175
61.397175
61.41935
61.4993
61.531
61.546
61.5586
61.5709
61.588925
61.59735
61.607875
61.613525
61.634075
61.652175
61.715525
61.72245
61.7655
61.78955
61.841525
61.9091
61.917725
61.924625
61.936625
61.944025
61.976325
61.986375
62.0065
62.138925
62.2153
62.255575
62.3147
62.329975
62.3455
62.386825
62.425075
62.631325
62.7583
62.779125
62.786075
62.804275
62.82815
62.851
62.968225
63.0876
63.2307
63.278075
63.2947
63.316225
63.324875
63.43605
63.628
63.793125
63.803975
63.8132
63.8175
63.827425
63.84635
64.020825
64.351775
64.762175
64.77435
64.79965
64.8178
64.82935
64.834625
64.84095
64.854675
64.87635
64.88265
64.9168
64.935475
64.94635
64.959425
64.978275
64.98875
65.011625
65.056025
65.07475
65.1689
65.2694
65.32275
65.39585
65.405175
65.41585
65.4234
65.4347
65.44405
65.46145
65.4792
65.486075
65.494825
65.524175
65.533875
65.5553
65.58785
65.817125
65.9047
65.952575
66.01985
66.119275
66.320475
66.32745
66.3456
66.357675
66.38875
66.66265
66.8122
66.846075
67.034975
67.3093
67.3408
67.721225
67.773725
67.78655
67.818275
68.083575
68.223325
68.2343
68.242375
68.250575
68.2613
68.27655
68.38275
68.43305
68.70705
68.76325
69.060175
69.245475
69.5771
69.707125
69.727075
69.74055
69.7498
69.7614
69.7761
69.793025
69.81145
69.831625
69.850125
69.91105
69.970125
70.00765
70.027875
70.057925
70.242475
70.388975
70.41765
70.423575
70.4412
70.450725
70.461425
70.49285
70.5142
70.548925
70.71155
70.8032
71.224025
71.366125
71.442525
71.828925
71.881375
72.1924
72.396675
72.4474
72.669925
73.1653
73.322425
73.351575
73.371325
73.38815
73.396025
73.426775
73.439075
73.4571
73.476975
73.55515
73.7702
73.79315
73.865125
74.04415
74.18855
74.21105
74.23445
74.25505
74.65255
74.66445
75.01795
75.787625
75.8036
75.817425
75.84135
75.8592
75.9096
76.25895
76.271675
76.28345
76.2934
76.3059
76.3159
77.823675
77.835475
77.8625
77.877425
77.8871
77.895375
77.916725
78.151775
78.343725
78.3626
78.3819
78.390425
78.40355
78.423075
78.4507
78.486575
78.703725
78.755475
78.821325
78.9197
78.95425
79.10925
79.25845
79.416075
79.45
79.5508
79.693825
79.706275
79.7128
79.718175
79.730375
79.737525
79.782075
79.824775
80.07575
80.150225
80.156
80.1668
80.179775
80.19145
80.21315
80.59965
81.306575
81.511125
81.6259
81.7367
81.749975
81.80165
81.82605
81.8546
81.890775
81.914025
81.9298
82.013675
82.023375
82.036275
82.053425
82.063825
82.0924
82.097725
82.1261
82.141525
82.215875
82.25975
82.4963
82.542175
82.570525
82.606375
82.691325
82.91965
82.940725
82.969875
83.935475
84.348925
84.3649
84.382925
84.392925
84.40215
84.41415
84.43055
84.475925
84.86795
84.897575
84.921625
84.932925
84.94935
84.96995
84.976525
84.981975
84.995625
85.016675
85.036625
85.1174
85.35925
85.420475
85.428375
85.44205
85.447
85.469775
85.4839
87.059975
87.453375
87.471575
87.51105
88.401875
88.4987
88.5376
88.5622
88.596575
88.892825
88.925675
88.951475
89.45905
89.489225
89.85685
89.87015
89.88685
89.900125
89.915825
89.9854
90.4985
90.658875
90.697775
90.71635
91.251975
91.7067
91.725775
92.28425
92.82335
92.868775
92.892
93.35045
93.365025
93.374
93.39115
93.40185
93.41465
93.426275
93.470775
93.5214
93.588625
93.6238
93.7206
94.1865
94.53695
94.54985
94.580025
94.6103
94.7745
94.878725
94.915725
94.925275
94.949575
94.968725
94.983125
95.31955
95.333125
95.35895
95.37995
95.670825
95.708775
96.107825
96.14025
96.652875
97.2133
97.236725
97.254575
97.273725
97.301075
97.336825
97.727
97.73675
97.751825
97.764475
98.179925
98.2223
98.711125
98.745875
99.333875
99.401625
99.424525
99.436775
99.447325
99.473225
99.4868
99.53265
99.943425
99.955625
99.978175
99.99555
100.02045
100.0497
100.06645
100.400675
100.4718
101.2084
101.23295
101.27135
101.65905
101.78115
101.7919
101.804375
101.81375
101.8348
102.2727
103.013275
103.050675
104.053675
104.287175
104.3066
104.317675
104.3292
104.337175
104.35835
104.388825
104.4197
105.264375
105.282825
105.6069
105.632675
105.6829
106.189625
107.89645
107.909375
107.92325
107.940425
107.947975
108.350975
108.377025
108.384775
108.40885
108.70145
109.058575
109.392325
109.4036
110.31415
110.319475
110.33155
110.340725
110.828075
110.887725
111.206025
111.22195
111.226975
111.2452
111.275975
111.295075
111.3173
111.367225
111.435275
112.1179
113.05565
113.36225
113.3825
113.40085
113.444075
113.49005
113.6002
114.08825
114.621325
114.941825
115.3781
115.4097
115.419225
115.431275
115.466475
115.483875
115.498425
115.520425
115.53315
115.57785
115.590325
115.601925
115.615525
115.626725
115.6369
115.65905
115.700475
115.76445
115.79775
116.211975
116.2539
117.028325
117.52495
117.6223
118.13855
118.1593
118.186925
118.53085
119.34315
119.363575
119.406675
119.428075
119.4505
119.769475
119.778375
119.7939
119.803775
119.83145
120.19115
120.215875
120.249725
121.366075
121.4028
121.42775
121.84185
121.873125
123.268675
123.277875
123.281425
123.30175
123.3251
123.35115
123.713375
123.775125
123.80215
123.838125
124.291125
124.311975
124.6568
124.73305
124.759
124.785075
125.07215
125.121625
125.133125
125.14775
125.161775
125.179025
125.229775
125.301175
125.35925
125.402425
126.65035
126.678275
127.065925
127.121475
127.9601
127.973725
128.00855
128.8829
128.925925
128.967325
129.31735
129.331925
129.374275
129.393825
129.910775
130.288925
130.320125
130.387825
130.7575
130.7827
132.287825
132.2988
132.31085
132.31995
132.33075
132.343225
132.393375
132.655625
132.7105
132.730425
132.750325
132.77375
132.784475
132.791425
132.823375
132.856875
132.903825
132.9425
132.972125
133.016475
133.039725
133.093775
133.112825
133.304175
133.365275
133.62085
133.822175
133.84765
133.8726
133.914725
134.069725
134.1684
134.20325
134.28295
134.472375
134.4855
134.50375
134.51575
134.789575
134.8448
134.86225
135.10115
135.12925
135.445875
136.204425
136.22875
136.717425
136.741025
136.774125
137.216225
137.23535
137.246425
137.769275
138.663875
138.7291
138.745075
139.213175
139.23225
139.248125
139.28395
139.306
139.35705
139.377025
139.444825
140.24765
140.310075
140.664075
141.3655
141.7982
141.81975
141.852625
142.39535
142.416525
142.87475
142.907725
143.521625
143.53955
143.574925
143.63695
144.042525
144.080025
144.13385
144.51355
144.9817
146.522025
147.971375
148.0208
148.056825
148.449075
148.463275
148.476025
148.490225
149.0301
149.6363
150.11365
150.130825
150.197775
150.9958
151.0499
151.71555
152.144375
152.16945
152.17835
152.2023
152.208
152.291075
152.800675
153.15955
153.1743
153.199125
153.218375
153.265125
153.281975
153.303925
153.325
153.735125
153.755925
153.80575
154.0315
154.124125
154.143
154.159275
154.179525
154.190975
154.1981
154.272975
154.321025
154.3876
154.407975
154.525625
154.587
154.652375
155.228525
155.62545
155.667925
156.0279
156.0651
156.40795
156.897
158.530225
158.55375
159.878375
159.890175
159.903175
159.9124
159.931725
159.9455
159.9723
159.9913
160.4376
160.455675
160.47325
160.4895
160.52715
161.08225
161.10895
161.61885
161.640325
161.704625
162.185775
162.200725
163.3757
163.442125
163.84055
164.82645
164.8379
164.856125
164.89685
164.9365
164.951075
165.379275
165.41965
166.336425
166.357
166.36635
166.378925
166.399425
166.421125
166.4351
166.499775
166.5553
167.88185
168.5931
168.6366
168.9244
168.938925
168.9918
170.07305
170.114275
170.1593
170.859225
170.87935
170.894475
170.94075
170.95355
170.98525
171.17265
171.184725
171.242025
171.643875
171.67575
172.098325
172.14735
172.90285
172.9252
172.94795
173.361875
173.397125
173.87775
174.5541
174.64755
174.94965
174.987725
175.038125
175.075
175.08845
175.1888
175.252125
175.271325
175.30035
175.3566
175.399225
176.43195
176.767975
176.815925
177.475
177.70755
178.0691
178.091025
178.137175
178.1799
178.244575
178.274425
178.28175
178.353475
178.3837
178.402225
178.92535
178.969075
179.37625
179.3972
180.1958
180.24055
180.822
180.833375
180.877725
181.289575
181.3405
181.3906
181.399175
181.8344
181.878475
181.8905
181.90755
181.9501
182.05495
182.737925
182.762725
182.813475
182.8577
182.94245
183.289225
183.60295
183.6971
183.71925
183.7852
183.8591
183.934875
184.51145
184.5265
184.89715
185.7891
185.819625
185.84625
186.257625
186.27805
186.30965
188.21415
188.24405
188.6039
188.679475
188.7016
188.712175
188.722025
188.7398
188.756625
188.7779
189.353375
189.429475
189.468
189.50145
189.5884
189.662025
189.733875
190.318525
190.427925
190.4801
190.549625
190.690075
190.776875
190.8466
190.91395
190.98405
191.000025
191.0912
191.2063
191.23225
191.2592
191.2743
191.459875
191.521475
191.53185
191.5828
191.63675
191.694025
191.8017
191.810975
191.8348
191.85655
191.8712
191.8869
191.91175
191.9302
191.94945
191.962325
191.978875
191.9947
192.0064
192.027375
192.035475
192.0493
192.057
192.0638
192.087925
192.105975
192.1146
192.131575
192.141375
192.1561
192.1705
192.18785
192.202425
192.21135
192.221475
192.230475
192.2411
192.258875
192.271075
192.282075
192.290475
192.2976
192.307325
192.318575
192.32965
192.3476
192.3696
192.384075
192.404775
192.41405
192.442875
192.4961
192.520725
192.55475
192.574325
192.587725
192.6112
192.64155
192.673575
192.704575
192.7212
192.7446
192.7549
192.7716
192.7962
192.808975
192.836725
192.84725
192.873075
192.89085
192.90915
192.931175
192.948675
192.963475
192.98085
192.986425
193.00455
193.0223
193.0503
193.090775
193.105425
193.1206
193.15045
193.1617
193.187275
193.21095
193.220375
193.236225
193.243875
193.257
193.26905
193.277375
193.282775
193.296375
193.318225
193.331625
193.33675
193.361875
193.38195
193.41505
193.437425
193.458375
193.46535
193.48165
193.496825
193.519375
193.541575
193.556725
193.5732
193.5815
193.59075
193.6194
193.64695
193.66315
193.698475
193.769375
193.7831
193.791825
193.8049
193.81165
193.821475
193.835575
193.841375
193.853225
193.861775
193.8716
193.891625
193.906475
193.9192
193.936875
193.952575
193.96575
193.9863
193.99915
194.022175
194.032025
194.041525
194.051975
194.057
194.078525
194.101725
194.1222
194.129875
194.1489
194.16485
194.187975
194.210875
194.237375
194.2524
194.26915
194.2807
194.28855
194.30005
194.308975
194.321075
194.330175
194.338425
194.348725
194.363075
194.37745
194.3832
194.4097
194.4251
194.44135
194.481525
194.504725
194.524575
194.535925
194.54625
194.55265
194.578925
194.5938
194.6064
194.61825
194.62675
194.63305
194.6487
194.65585
194.665775
194.6759
194.682525
194.69205
194.699325
194.709175
194.723525
194.727275
194.736575
194.746125
194.7496
194.75815
194.765775
194.775525
194.78835
194.799225
194.811225
194.8219
194.83935
194.84735
194.866275
194.883175
194.892075
194.906525
194.91915
194.950725
194.957975
194.9633
194.9805
194.9904
194.995425
195.003775
195.017475
195.0237
195.029475
195.049075
195.067925
195.083575
195.093325
195.108175
195.135225
195.1491
195.1711
195.182375
195.196875
195.216275
195.2333
195.248625
195.273175
195.2866
195.302225
195.32745
195.347125
195.361175
195.371525
195.383575
195.389375
195.397
195.409875
195.43325
195.4475
195.4605
195.4713
195.483975
195.49305
195.50635
195.51645
195.525425
195.535875
195.5446
195.55115
195.5594
195.566825
195.579925
195.587225
195.596225
195.6028
195.612525
195.618475
195.6272
195.6343
195.642875
195.649675
195.660725
195.67285
195.67755
195.685675
195.692
195.6988
195.705775
195.719825
195.7376
195.745275
195.7594
195.77335
195.795525
195.805625
195.8212
195.833325
195.841325
195.859875
195.868275
195.877225
195.8894
195.89835
195.910975
195.93885
195.95425
195.959925
195.9805
195.999175
196.0279
196.077375
196.0988
196.18185
196.2221
196.268225
196.2767
196.2929
196.303025
196.318275
196.338675
196.351125
196.3682
196.397725
196.42385
196.5138
196.56035
196.57985
196.5948
196.609275
196.62405
196.6379
196.653675
196.679525
196.71045
196.74365
196.776075
196.78965
196.843
196.9081
196.936575
196.951575
196.9802
197.02335
197.084475
197.113075
197.14905
197.19505
197.256275
197.282625
197.414875
197.459175
197.54665
197.6121
197.65635
197.6797
197.69865
197.7189
197.861675
197.89595
197.961875
198.05025
198.1314
198.217175
198.23825
198.307
198.326475
198.334375
198.36865
198.524625
198.57275
198.61855
198.652525
198.774275
198.84945
198.87995
198.910375
198.9754
199.010575
199.05225
199.18705
199.2489
199.307475
199.350725
199.37045
199.381875
199.4187
199.42405
199.46
199.6374
199.658525
199.69635
199.7615
199.85785
199.9793
200.069275
200.1168
200.1964
200.343675
200.63605
200.6476
200.704625
200.707925
200.720725
200.731275
200.743825
200.7488
200.788275
200.810875
200.823475
200.853925
200.8748
200.9006
200.953925
200.9776
201.00905
201.031625
201.06315
201.074575
201.09045
201.135475
201.21405
201.2589
201.392275
201.45095
201.55015
201.596525
201.6501
201.6759
201.805625
201.82585
201.97375
202.03475
202.0877
202.1527
202.16055
202.182625
202.199525
202.256325
202.3328
202.381625
202.4036
202.46925
202.52035
202.527775
202.555375
202.575225
202.588075
202.59935
202.607325
202.6141
202.623575
202.636225
202.66015
202.673925
202.688275
202.70085
202.728275
202.748225
202.764475
202.771625
202.79515
202.802775
202.817675
202.838725
202.8524
202.865575
202.88295
202.899625
202.910525
202.9142
202.933825
202.95005
202.964075
202.974375
202.99275
203.009375
203.02875
203.048825
203.05575
203.0798
203.08745
203.112375
203.147375
203.1725
203.183525
203.189525
203.201525
203.221475
203.24215
203.25155
203.2618
203.281775
203.2914
203.299225
203.313075
203.3224
203.3404
203.349625
203.3658
203.3762
203.3917
203.40715
203.42735
203.446675
203.473275
203.48245
203.502675
203.521675
203.528175
203.546225
203.556925
203.566825
203.579125
203.603725
203.625675
203.646625
203.6632
203.699625
203.724875
203.769125
203.79915
203.845275
203.8629
203.876425
203.8958
203.9086
203.923125
203.936925
203.945975
203.954475
203.96295
203.983875
203.987375
204.001125
204.01245
204.021475
204.02805
204.0393
204.051575
204.063925
204.0733
204.0801
204.089325
204.099875
204.12145
204.130325
204.140875
204.15145
204.158125
204.17
204.17635
204.1825
204.194425
204.1991
204.21135
204.230025
204.23795
204.243875
204.249575
204.2562
204.2609
204.2639
204.276275
204.29205
204.299325
204.3125
204.315625
204.3226
204.335725
204.342975
204.35195
204.37145
204.3821
204.3922
204.403925
204.4081
204.436275
204.4509
204.460925
204.50365
204.526275
204.53305
204.543025
204.549025
204.58125
204.591625
204.601925
204.6415
204.65525
204.65885
204.675975
204.6898
204.705625
204.714025
204.728225
204.741775
204.750025
204.76525
204.775675
204.79735
204.819125
204.82685
204.846475
204.863425
204.866925
204.886725
204.90395
204.909025
204.926175
204.939075
204.972725
204.98575
205.017875
205.03295
205.04435
205.0629
205.0779
205.093975
205.1098
205.12905
205.1492
205.165725
205.1761
205.203525
205.217775
205.23395
205.246425
205.256175
205.271
205.289425
205.298775
205.318125
205.328775
205.344
205.3532
205.3629
205.383175
205.394275
205.407275
205.41845
205.427925
205.43505
205.45065
205.4618
205.47035
205.495425
205.504125
205.516025
205.52415
205.535475
205.547925
205.553175
205.564275
205.57715
205.592075
205.59885
205.6091
205.617725
205.623925
205.631475
205.6402
205.65315
205.6618
205.671
205.678875
205.690825
205.701675
205.712775
205.716375
205.731625
205.747225
205.7629
205.7685
205.775275
205.787525
205.80215
205.807175
205.8206
205.829275
205.833025
205.8461
205.852275
205.8642
205.8811
205.8984
205.9176
205.923275
205.9344
205.94845
205.9579
205.96925
205.9772
205.9866
206.00245
206.011475
206.02695
206.037625
206.089625
206.103325
206.121525
206.13625
206.149575
206.16085
206.169925
206.1846
206.194175
206.223975
206.237825
206.2686
206.27545
206.3011
206.30895
206.321275
206.332825
206.349875
206.3563
206.369225
206.38635
206.395875
206.401025
206.4096
206.4158
206.42685
206.435975
206.448025
206.4558
206.4689
206.480025
206.485875
206.493075
206.4984
206.518025
206.543275
206.559975
206.570075
206.574825
206.5833
206.588475
206.605325
206.61345
206.63155
206.63935
206.650775
206.666675
206.681925
206.691525
206.700825
206.712825
206.7262
206.7361
206.74695
206.757475
206.7627
206.7713
206.78265
206.792325
206.808475
206.826675
206.8384
206.847
206.878825
206.892525
206.9154
206.92565
206.9362
206.94605
206.956875
207.016775
207.0744
207.101575
207.120175
207.1511
207.167975
207.209025
207.22485
207.242675
207.252675
207.268825
207.281325
207.298825
207.317025
207.409725
207.428625
207.4638
207.548475
207.581575
207.5938
207.648025
207.7123
207.774575
207.83695
207.93595
207.9518
208.026125
208.09605
208.133975
208.1603
208.20195
208.24595
208.326
208.403925
208.4513
208.463675
208.712425
208.7504
209.011
209.21275
209.32065
209.384575
209.4158
209.5282
209.700925
209.812075
209.97485
210.115775
210.204725
210.590675
210.657975
210.7845
210.81155
211.182325
211.219375
211.249925
211.453475
211.84685
212.22235
212.43005
212.535625
212.617125
212.643775
212.6562
212.672725
212.69115
212.70655
212.723875
212.747025
212.77695
212.820075
212.863275
213.09615
213.12925
213.1433
213.24435
213.39275
213.600675
213.7312
213.8277
213.937575
214.0194
214.066825
214.096225
214.22705
214.353975
214.470525
214.4931
214.57
214.73725
215.172575
215.428325
215.446
215.80755
215.889875
215.93575
215.979425
216.09185
216.249725
216.383325
216.45605
216.841575
216.865
216.885525
217.104925
217.317375
217.344225
217.467325
217.6636
217.71115
217.736525
217.7669
217.78505
217.83925
217.876425
217.909625
217.927525
217.952275
218.009925
218.126525
218.2216
218.374675
218.42535
218.499875
218.53435
218.7486
218.9684
218.980325
219.004625
219.064525
219.252025
219.30115
219.512
219.5277
219.544025
219.561275
219.641525
219.7526
219.989025
220.125075
220.1485
220.158225
220.17755
220.18795
220.19875
220.229825
220.2475
220.272475
220.29875
220.3276
220.5695
220.6324
220.7073
220.946225
221.211725
221.22355
221.22975
221.2426
221.24765
221.26025
221.280375
221.300225
221.311575
221.33755
221.356025
221.3746
221.401625
221.4219
221.434975
221.453275
221.464725
221.4826
221.50405
221.5398
221.561
221.58545
221.59775
221.6153
221.63555
221.66045
221.681675
221.706375
221.725025
221.75265
221.7717
221.783625
221.797025
221.81715
221.842075
221.85895
221.868375
221.874325
221.92775
221.941775
221.958025
221.984125
221.999
222.017825
222.035125
222.041425
222.053375
222.063
222.0745
222.087525
222.097375
222.106375
222.123675
222.14315
222.153525
222.184875
222.202425
222.20825
222.2215
222.23575
222.251825
222.265175
222.279675
222.28855
222.313825
222.347425
222.360625
222.39085
222.420425
222.441625
222.46435
222.51
222.517175
222.537675
222.561525
222.570375
222.602625
222.622525
222.635725
222.65775
222.6846
222.7253
222.7315
222.751525
222.7723
222.804675
222.828075
222.83935
222.8831
222.900375
222.923
222.9373
222.9721
222.98005
223.0082
223.030625
223.05305
223.0736
223.094325
223.099725
223.119425
223.129975
223.14975
223.176025
223.203975
223.21735
223.240825
223.2604
223.2733
223.2871
223.303125
223.32765
223.36615
223.382775
223.404625
223.416375
223.4378
223.464875
223.486625
223.498575
223.5031
223.516475
223.526475
223.53915
223.54775
223.562225
223.573425
223.5784
223.593775
223.60335
223.622825
223.632675
223.642125
223.666825
223.687025
223.70095
223.712325
223.728075
223.741925
223.749675
223.7588
223.7819
223.798525
223.80575
223.8177
223.834525
223.842625
223.87695
223.883775
223.8932
223.9006
223.9083
223.919775
223.9247
223.93715
223.9475
223.96625
223.979125
223.990275
224.008875
224.015175
224.026375
224.0332
224.060225
224.0709
224.089225
224.09945
224.1073
224.1216
224.131325
224.139575
224.150525
224.163325
224.177525
224.18915
224.204075
224.218275
224.235025
224.249175
224.25875
224.268075
224.276075
224.2962
224.315
224.3213
224.32825
224.33905
224.34875
224.35665
224.366525
224.37965
224.39905
224.405
224.415075
224.433325
224.442825
224.46765
224.48215
224.4977
224.504675
224.513025
224.5298
224.540975
224.5527
224.56545
224.580925
224.608925
224.622375
224.6508
224.65935
224.6793
224.690425
224.703775
224.717475
224.728325
224.7444
224.757525
224.7776
224.792025
224.8005
224.818175
224.84055
224.8499
224.870775
224.90035
224.915625
224.9376
224.954675
224.9728
224.98585
225.005075
225.025
225.045975
225.069125
225.08705
225.09865
225.110875
225.126375
225.134175
225.144425
225.1485
225.160075
225.172975
225.181525
225.192025
225.1994
225.204725
225.21875
225.228175
225.236925
225.243075
225.25175
225.2582
225.266575
225.282025
225.289925
225.307375
225.3168
225.3224
225.332925
225.33705
225.36055
225.367675
225.378475
225.39245
225.405725
225.4262
225.43445
225.448325
225.46725
225.491375
225.5054
225.52045
225.531425
225.546075
225.5633
225.58495
225.5988
225.608225
225.619075
225.647475
225.6829
225.724975
225.756975
225.775575
225.79625
225.828975
225.851075
225.8778
225.89185
225.9017
225.92135
225.9345
225.944825
225.95995
225.979725
225.9908
226.020475
226.088725
226.109725
226.129125
226.141275
226.165675
226.214375
226.2834
226.294875
226.305625
226.324825
226.32945
226.356925
226.387125
226.407125
226.42635
226.453425
226.46465
226.47465
226.488475
226.503975
226.541875
226.556875
226.61235
226.622575
226.63815
226.6608
226.69155
226.7104
226.737625
226.766575
226.803
226.817475
226.835975
226.85335
226.897075
226.917825
226.9818
227.00345
227.016125
227.033
227.064625
227.1098
227.16885
227.199525
227.2286
227.2476
227.31145
227.3331
227.35565
227.38445
227.400625
227.418275
227.499325
227.52985
227.60555
227.6314
227.70585
227.7424
227.79765
227.88705
227.898825
227.920225
228.046625
228.189775
228.30275
228.3741
228.40065
228.441125
228.69455
228.75405
228.8419
229.097125
229.359325
229.3886
229.516875
229.546425
229.59035
229.6314
229.74515
230.0477
230.379675
230.455275
230.466375
230.4886
230.510625
230.547025
230.560625
230.5742
230.59555
230.6085
230.634775
230.64505
230.656125
230.676525
230.6946
230.725225
230.7356
230.744475
230.76775
230.77655
230.80345
230.816975
230.845775
230.86155
230.8849
230.9023
230.919275
230.9428
230.960425
230.988275
231.000675
231.014575
231.0289
231.051225
231.05895
231.0712
231.094625
231.10705
231.118025
231.1403
231.150275
231.16805
231.178775
231.194775
231.233725
231.25615
231.319
231.3729
231.40985
231.4389
231.472575
231.510825
231.5974
231.624975
231.651725
231.684325
231.716875
231.810775
231.827
231.835425
231.851625
231.87465
231.9034
232.007675
232.0451
232.065275
232.169725
232.192575
232.21865
232.2913
232.34235
232.380075
232.407925
232.432375
232.515925
232.524
232.56975
232.647475
232.692825
232.727675
232.768975
232.802875
232.847275
232.88535
232.903375
232.995825
233.05655
233.091075
233.137725
233.214925
233.278625
233.50135
233.620275
233.715475
233.82535
233.89865
234.09165
234.150725
234.242325
234.308875
234.41255
234.67165
234.700825
234.857725
234.888025
235.119075
235.2043
235.428975
235.45435
235.60835
235.919225
236.07985
236.163125
236.395575
236.427875
236.4409
236.452675
236.460775
236.476275
236.49
236.51045
236.5278
236.540525
236.602
236.72665
236.778925
236.8765
236.89155
236.9322
236.970875
237.1337
237.3033
237.376425
237.565
237.640775
237.7149
238.116975
238.18705
238.3518
239.02025
239.0901
239.1288
239.141075
239.165
239.18185
239.186775
239.2023
239.21945
239.2404
239.2597
239.27995
239.31355
239.35245
239.376025
239.402175
239.426575
239.612275
239.678625
239.7326
239.820925
239.850625
239.874325
239.927675
239.998775
240.140875
240.216125
240.35995
240.423775
240.477875
240.48735
240.552175
240.577375
240.754
240.852525
240.9654
240.984825
241.030425
241.334625
241.45975
241.48715
241.51105
241.53075
241.5713
241.591725
241.6375
241.793025
241.84365
241.87565
241.95135
242.035875
242.043375
242.05625
242.094475
242.334775
242.5974
243.02045
243.2075
243.230125
243.244075
243.66605
243.73095
244.374675
244.3828
244.394175
244.40625
244.4146
244.425375
244.431875
244.481875
244.493325
244.5184
244.533
244.550375
244.572375
244.599775
244.626725
244.65415
244.672175
244.696825
244.704775
244.7317
244.754225
244.7749
244.78525
244.80735
244.833375
244.860325
244.89835
244.964925
245.055225
245.11215
245.217225
245.403875
245.46165
245.47535
245.5055
245.54775
245.602625
245.636375
245.85135
245.942075
245.961625
245.98025
245.99955
246.2015
246.244275
246.288
246.330725
246.35295
246.375675
246.4422
