65.06705
65.492875
69.952425
70.014275
70.202375
70.53965
70.629325
70.6799
76.64465
77.506875
78.7221
82.02915
82.14915
82.37045
82.55135
88.477225
89.851775
90.9606
92.814825
93.129425
93.441325
93.57605
93.843525
93.853525
93.863225
93.931975
97.2565
101.958525
103.149925
103.77225
103.806875
104.1126
104.155425
104.814975
105.150325
105.535375
107.310075
107.96385
107.9887
108.269775
108.3337
108.56235
108.602275
108.63385
110.1448
110.17045
110.5053
110.824125
110.84575
111.1572
111.206325
111.380575
111.3825
111.420075
111.430525
111.594025
111.617875
112.255075
112.579775
114.6226
114.888925
114.92015
115.46115
115.71065
115.838775
115.848925
116.58775
116.8754
117.47325
118.9201
119.303325
119.63355
120.796575
121.342875
121.67175
121.717025
122.359525
122.806275
123.06185
123.079775
125.52625
125.543325
125.605675
125.899475
126.265775
126.549425
128.021975
128.3982
128.4579
128.827
129.125625
129.13685
129.171525
129.4733
129.53915
129.792925
129.829475
130.113325
130.1589
130.755475
130.813425
131.967025
132.313075
132.88675
132.9677
133.07255
133.284775
133.370875
133.4454
133.459275
133.827225
133.830775
134.112375
134.1152
134.4783
134.818225
136.00605
136.2628
136.668225
137.909025
138.916325
139.1669
139.184625
139.2128
139.67495
140.312025
140.605525
140.6154
142.362
142.73435
144.92225
144.9436
145.27415
145.315825
145.61665
145.6231
145.6745
146.01675
146.385825
146.866475
147.52985
147.5643
148.302125
148.32805
148.67125
148.704825
149.0358
149.421675
149.4579
150.558325
150.5729
150.877275
150.905125
150.937475
151.593475
151.708675
152.832875
153.112325
153.162675
153.2538
153.6488
153.73545
153.7739
153.858775
153.9698
153.9928
154.00455
154.014925
154.044
154.077875
154.116675
154.12135
154.29895
154.337475
154.3914
154.4283
156.206925
156.264775
156.5419
157.237825
157.250125
158.41935
159.31335
159.38955
159.691525
160.421525
161.334375
163.080225
163.11515
163.133275
163.45185
163.802875
163.842025
164.63845
164.974875
165.30885
166.2371
166.63115
166.80965
166.828225
166.90465
169.53425
169.887725
170.917
171.072025
171.15615
171.4738
171.497175
172.0783
172.113325
172.42845
174.4978
174.99095
175.02875
175.178575
175.287975
175.357
175.39345
175.657825
176.314925
177.56025
177.99515
178.342375
178.36725
178.5889
178.6588
179.04685
179.3152
181.954675
182.080325
182.3239
182.652425
183.246125
183.636075
183.746025
184.430325
184.78205
185.5442
185.837
185.868475
186.185575
186.21365
186.587875
186.9746
187.3165
187.67915
189.4028
189.407525
189.503075
190.353525
190.73465
190.8007
190.83685
190.8898
190.941625
190.96435
191.00495
191.016325
191.091175
191.125075
191.13755
191.155125
191.186925
191.219975
191.22985
191.2508
191.269625
191.31575
191.350475
191.564125
191.76525
191.874975
191.9722
191.9964
192.3028
193.823775
193.928375
194.1267
194.163875
194.20175
194.23265
194.262575
194.285625
194.531175
194.772475
195.10755
196.6204
198.26385
198.646
198.689975
199.0176
199.35855
199.376875
200.232575
200.5606
200.935725
202.74875
203.027875
203.04385
203.1421
203.1678
203.2774
203.324525
204.114825
204.33495
204.3664
204.381925
205.5077
205.80425
205.85385
206.12365
206.135275
206.342275
208.659275
209.003325
211.310975
211.6292
211.6678
212.066975
212.4776
212.761275
213.197175
213.548375
213.580175
214.148325
214.433925
214.47265
215.256275
215.66235
216.02895
216.056775
219.110275
219.881275
219.921425
220.229525
221.311525
221.4127
221.443225
222.28985
222.319275
222.987275
223.159025
223.639275
223.688775
223.993575
224.6084
224.668325
224.7804
224.866125
224.9307
225.1924
225.221375
225.337725
226.04285
226.3406
226.69245
228.372075
228.7339
229.117525
229.149725
229.155525
229.2456
229.51715
230.3966
230.459425
230.954525
231.0554
231.15005
231.23465
231.862425
234.266225
235.2429
235.3082
236.244
236.276025
236.308175
236.564125
236.945725
239.440275
239.4774
239.849675
240.243475
240.261425
240.893125
240.9531
242.1405
242.508975
242.879375
243.23565
243.606225
243.977525
244.81055
244.8789
244.903075
244.9628
245.040625
245.34815
245.660575
