61.000975
61.627
61.6514
61.931075
61.933775
61.94235
64.759175
65.388175
65.791225
65.79505
68.897225
69.72905
70.247525
70.25215
70.52835
70.531075
70.533825
70.53735
70.729325
71.03925
74.548725
74.905675
74.9099
74.917525
75.2208
75.225625
75.229275
75.58155
78.714525
78.9696
80.91665
81.97735
81.97935
82.029925
82.1417
82.550325
82.564475
82.61235
82.855025
82.857475
82.8602
82.86875
83.16765
83.181425
83.46715
85.78205
86.11695
86.42515
87.65775
88.02655
88.0356
88.039425
88.36965
88.697625
88.70095
88.70585
88.715275
89.034775
89.039775
89.04315
89.3947
89.397875
90.184525
90.54415
90.9152
90.9226
91.257425
91.2609
91.280975
91.3124
92.385325
92.440425
92.756875
92.7599
93.0972
93.360475
93.3652
94.157525
94.16045
94.464625
94.46815
94.4729
95.654575
95.665075
95.6715
95.677
95.6843
96.01245
96.42135
96.807675
97.188275
97.862775
99.425325
99.4515
99.7504
99.754175
99.758275
100.285125
100.28805
100.2909
100.58555
100.593675
100.597175
100.602425
100.895275
101.187875
103.38315
103.388675
103.7244
103.7276
103.732475
103.736875
104.0511
104.054075
104.373725
104.733425
105.049325
105.0528
105.406975
105.4124
105.7559
106.0538
106.059975
106.06985
107.943675
107.94635
107.9496
107.95475
107.9627
108.2465
108.24925
108.251775
108.25455
108.2587
108.263275
108.5422
108.54525
108.5476
108.551175
109.7632
110.1025
110.1057
110.1108
110.445725
110.452625
110.457075
110.461325
110.46585
110.47195
110.48095
110.763525
110.766725
110.770225
110.77445
111.092025
111.096125
111.11845
111.125975
111.171875
111.9125
111.9157
111.922475
112.2139
112.217525
112.2204
114.858125
114.862725
114.871625
114.879475
115.189425
115.195575
115.439025
116.19025
116.19345
116.524125
116.5311
116.53525
116.802875
117.4126
119.229475
119.2515
119.559625
119.563175
119.6262
119.916775
120.76965
121.63785
121.688925
121.968575
122.029075
122.29235
122.29555
122.643675
122.646875
123.043375
123.052125
123.05755
123.067
123.349325
123.3706
124.0325
125.296725
125.538
125.54145
125.54395
125.549175
125.8395
125.841875
125.845225
125.85145
126.165275
126.171225
126.1783
126.47445
126.47775
126.821
128.36005
128.3668
128.3994
128.71275
128.7157
128.718875
128.724575
129.082625
129.0979
129.4144
129.417925
129.739925
130.07575
130.0795
130.083075
130.088325
130.0958
130.715275
130.730675
131.051925
131.583875
132.5805
132.584
132.588025
132.59165
132.610325
132.649225
132.927275
133.125175
133.300275
133.305075
133.312025
133.31545
133.32
133.634475
133.638225
133.821725
133.82505
133.82905
134.0893
134.09225
134.095575
134.10365
134.440025
136.2517
136.257175
136.266125
136.642175
137.368
138.922375
139.263325
139.34075
139.638475
139.661625
140.02595
140.029475
140.035
140.26355
140.266775
140.270175
140.5716
140.574375
140.579125
140.5839
140.587775
140.87175
141.2293
141.2344
142.333
142.390675
142.686075
144.5876
144.86475
144.870925
144.9401
145.553875
145.57145
145.929925
145.9995
146.3305
146.878725
146.91065
147.166025
147.58055
147.885425
148.2654
148.2684
148.271075
148.279325
148.60405
148.607825
148.986225
149.359625
149.363775
149.37055
149.416025
149.722725
150.4857
150.533425
150.550225
150.565475
150.861625
150.868225
150.87335
150.93045
151.21015
151.5424
152.01575
152.809075
152.812975
153.094575
153.1079
153.69965
153.77025
154.005175
154.677175
154.67965
154.684475
155.00085
155.003825
155.00835
155.018875
155.065075
155.3263
155.329325
155.3321
155.3356
155.346025
155.619175
155.62195
155.626675
155.629975
155.6533
155.66005
155.9068
155.910725
156.172975
156.498675
156.501775
156.536
156.83375
156.839625
157.1582
157.162425
157.1911
158.0086
158.94205
158.9648
159.015
159.302725
159.307275
159.315775
159.371425
159.6334
159.6391
159.681925
159.974175
159.977775
159.983025
160.375975
160.4062
160.70535
161.0528
162.373875
162.403875
162.67555
162.7773
163.04455
163.0483
163.05335
163.063975
163.3933
163.459775
163.760175
163.7631
163.794
163.81705
163.833325
163.838075
164.0987
164.1017
164.105275
164.922075
164.9293
165.671175
165.683575
166.36205
167.173625
167.176625
167.471
167.47405
167.478525
167.754175
168.080475
168.378
168.784825
169.5035
170.6253
171.138975
171.172275
171.198
171.4161
171.4184
171.4209
171.42385
171.42905
171.434525
171.483175
171.520325
171.532425
171.7249
171.727375
171.729875
171.733525
172.0193
172.022425
172.027
172.0309
172.3722
172.375175
172.383425
172.710925
173.6869
173.70235
173.712375
174.045325
174.3776
174.381475
174.3953
174.735825
174.988225
175.18335
175.62165
175.625
175.632225
175.68785
175.93595
175.938625
175.941825
175.945275
175.950425
176.238025
176.241125
176.25425
176.5838
177.95605
177.960775
177.969975
178.622025
178.65555
178.93745
178.9402
178.943525
179.24045
179.24315
179.246175
179.249575
179.278625
179.593975
179.597175
179.601425
181.839475
181.995375
182.283975
182.28675
182.28965
182.294825
182.302925
182.3144
182.56795
182.570525
182.573325
182.5809
182.58895
182.9608
182.965425
183.241125
183.56645
184.032825
184.037225
184.07495
184.370525
184.373925
184.3949
184.76285
184.767325
184.775325
185.126275
185.509975
185.820225
185.829025
186.153425
186.163725
186.5135
186.51645
186.522725
186.9274
186.930475
186.93945
187.245975
187.263375
187.272475
187.611575
187.614925
187.622175
188.60435
189.08385
189.0961
189.373475
189.377325
189.4065
189.71365
190.0138
190.018975
190.29185
190.29555
190.96885
190.9925
191.331525
191.4544
191.4956
191.767725
191.77055
191.775675
192.273225
192.275875
192.279225
192.423175
192.441025
192.47315
192.571425
192.586575
192.70815
192.72675
192.95455
192.956875
192.959325
192.96435
192.968625
193.190475
193.193125
193.19605
193.19925
193.205375
193.5125
193.812475
193.81625
193.819125
193.8251
193.83165
193.97195
194.5257
194.528225
194.53505
195.06175
195.0646
195.068375
195.356525
195.3608
195.969125
195.973675
196.206625
196.2096
196.213525
196.2187
196.525175
196.533025
196.541725
196.977625
198.621325
198.994425
199.004475
199.305125
199.33885
199.35715
200.19525
200.485775
200.489775
200.4934
200.497625
200.510925
200.674375
200.681525
201.395425
201.408775
202.547
203.55345
203.878075
203.88615
204.8495
204.8662
205.22675
205.9976
206.2896
206.2925
206.295775
206.641225
206.904625
207.3803
207.38425
208.3489
211.611875
211.616625
211.675675
212.002875
212.4189
212.4218
212.42735
212.7314
213.12665
213.1459
213.152125
213.156125
213.1688
213.175775
213.496425
213.507925
213.91365
214.112975
214.3814
214.3898
214.407625
215.22955
215.638175
216.01645
216.019
216.022025
216.0438
216.28425
216.2874
216.294275
216.360075
216.733825
216.737125
216.75465
218.3878
218.741375
219.0809
219.479575
219.483525
219.5497
219.852225
219.8551
219.85955
219.8638
219.868
219.875275
220.177675
220.193225
220.201525
220.633925
221.7567
221.760675
221.77445
222.186575
223.634875
223.646
223.9082
223.912275
223.9208
224.235625
224.239025
224.242125
224.249925
224.63735
224.8329
225.0866
225.091325
225.764475
226.02495
226.029375
226.0337
226.292975
226.295725
227.352275
227.80475
227.834175
228.206625
228.2119
228.6709
228.67875
228.684775
228.6892
228.693725
229.108225
229.110875
229.113825
229.4958
229.49875
229.506
230.633475
230.63935
230.93605
231.183225
231.20215
231.216625
231.493325
231.49625
231.499975
231.8202
231.823825
233.75995
234.188775
234.20705
234.524125
234.5365
234.9079
235.23045
235.2348
236.260225
236.51345
236.525075
236.9182
237.283525
237.286375
237.290275
237.295525
237.9948
238.3269
240.227225
240.231925
240.23575
240.2398
240.265825
240.273525
240.555325
240.581775
240.85865
240.8626
240.870625
241.339425
241.8376
241.873325
242.130875
242.143125
242.835825
243.216925
243.5805
243.584275
243.59205
243.64615
243.95125
243.954025
243.957
243.964625
243.97295
244.0155
244.930325
244.9369
244.98005
245.2652
245.267675
245.27045
245.274575
245.280275
245.59115
245.594175
245.603475
245.91285
