40.139025
40.142775
40.353675
40.48865
40.58135
40.6825
41.079025
41.2438
41.304975
41.63255
41.6854
41.793525
41.9463
42.038875
42.160075
42.21845
42.280525
42.318275
42.400975
42.516275
42.5934
42.6264
42.666225
42.673175
42.827425
42.86985
43.00575
43.04255
43.168325
43.2221
43.267775
43.32715
43.4028
43.555275
43.602225
43.715425
43.771125
43.980975
44.060875
44.14005
44.16975
44.223425
44.252425
44.42195
44.460825
44.50195
44.565425
44.62235
44.80145
44.8955
44.92395
44.976975
45.091075
45.13695
45.181125
45.2594
45.353525
45.535375
45.6063
45.703475
45.76635
45.799375
45.890775
45.948075
46.00855
46.053575
46.11715
46.224225
46.2743
46.322675
46.388825
46.432375
46.66645
46.73865
46.805925
46.923625
47.129175
47.223175
47.286
47.429875
47.4951
47.555675
47.607775
47.88065
47.947675
47.9834
48.07975
48.18205
48.2853
48.3869
48.498025
48.588075
48.69875
48.799375
48.894175
48.926525
48.975975
49.02935
49.06585
49.211725
49.30415
49.36265
49.4057
49.676925
49.71265
49.776525
49.817725
50.072675
50.1059
50.284975
50.35535
50.391175
50.45035
50.4985
50.610975
50.725625
50.82365
50.940025
51.060825
51.163875
51.533225
51.535575
51.7268
51.9539
52.004225
52.1596
52.19735
52.230575
52.4266
52.463225
52.68595
52.98015
53.042375
53.165875
53.259875
53.4043
53.55185
53.670675
53.710775
53.75085
53.8864
53.9263
54.232375
54.265875
54.45515
54.500225
54.74935
54.87875
54.914875
54.951525
55.16795
55.2137
55.431175
55.471125
55.82685
55.90395
55.99085
56.050625
56.052475
56.2279
56.27565
56.566525
56.6014
56.81145
56.873825
57.1326
57.166
57.201825
57.444625
57.728525
57.83965
57.956175
58.071175
58.246875
58.303375
58.40425
58.487925
58.591975
58.670525
58.7399
58.8335
58.92295
58.999525
59.103125
59.15295
59.444725
59.5693
59.770375
59.838325
59.84035
59.9114
59.967075
60.203075
60.229625
60.2315
60.449625
60.4745
60.52965
60.656375
60.946725
61.1503
61.25345
61.415275
61.5469
61.754575
61.9555
62.05545
62.290325
62.683675
62.916475
62.98915
63.18825
63.3217
63.40545
63.720075
63.79105
64.035625
64.1291
64.18645
64.260325
64.3842
64.473425
64.70925
64.89845
64.948775
65.108725
65.1395
65.2215
65.284325
65.4238
65.556125
65.5868
65.618475
65.898975
66.134325
66.193475
66.5879
67.010225
67.649375
67.798875
68.314625
68.69695
68.848775
68.95335
69.27185
69.8531
70.0063
70.069275
70.2982
70.629575
70.80045
71.0744
72.48075
72.6016
73.106425
73.4667
73.8389
74.62895
75.196325
75.449775
75.877275
77.291625
77.566225
78.58865
79.0713
79.127975
79.217975
79.997175
81.00575
81.482325
81.670425
81.97905
81.98085
81.983075
82.265625
82.453225
82.481275
82.635175
82.667075
82.876425
83.835775
84.536175
84.671425
85.3889
85.621425
85.684075
86.045425
86.862625
88.866725
89.601625
90.132025
91.34985
91.75565
92.2299
92.579675
93.203425
93.684025
94.001725
95.073775
95.333075
95.9161
96.652725
97.330275
98.127925
100.05585
104.62665
106.269575
106.51135
107.81195
107.8568
109.317075
109.8496
111.538875
111.75235
112.012075
113.891025
115.935725
115.997225
116.053775
123.06875
125.394125
125.570325
125.57315
125.575375
125.99365
129.328625
131.7618
132.2715
132.42305
133.0242
133.54455
133.621325
133.865975
134.153375
137.0589
139.436825
139.48
139.55375
139.794275
139.9847
140.32485
140.890325
142.8613
143.94845
145.8519
146.876025
147.802575
148.1522
148.23135
148.65755
150.580375
154.316225
154.3279
154.5448
154.827625
155.2617
155.906475
160.16145
160.2345
163.466125
166.606425
166.736775
166.92345
167.5166
169.222025
171.568575
173.82485
174.6384
175.4634
178.4472
178.7421
179.01975
182.0892
182.182675
182.2462
182.69975
182.9782
183.983775
184.435425
186.009275
186.496675
187.287875
187.6512
188.885075
188.92085
189.51615
189.824725
190.566575
190.985425
191.016325
191.0897
191.092975
191.3558
191.3608
191.437325
191.4876
191.492125
191.495275
191.78755
191.790425
191.7926
191.92045
192.1091
192.178
192.367725
192.3699
192.375675
192.474825
192.623225
192.62535
192.63135
192.925125
194.074575
194.147875
194.32385
194.517375
194.5665
194.96945
195.0384
195.8703
196.0676
196.137425
196.44795
198.117175
198.364225
198.708275
199.248325
200.512175
200.7883
200.9449
201.0275
201.711275
201.994825
202.82855
202.87565
202.9073
203.069275
203.127
203.307425
203.537125
203.625675
203.925225
204.25015
204.3887
204.76185
205.281775
205.599425
205.6599
206.12215
206.157525
206.8139
206.972225
207.090325
208.157
208.52545
208.97375
210.128775
211.6754
211.7714
214.18425
215.08645
215.698375
216.343275
216.34525
216.3471
216.348925
216.351175
216.500075
217.046975
217.18815
217.771425
218.156525
219.11105
219.274125
219.45085
219.836
220.2883
220.533075
221.228475
221.614
221.6876
222.001875
222.4617
223.112875
223.243175
223.5643
223.9261
224.1975
224.479375
224.48195
224.48385
224.485975
224.774125
224.9161
225.101175
225.23665
225.368975
225.440075
225.758625
228.863575
228.947175
230.5518
231.051975
231.25295
231.31705
231.44515
232.282975
233.651525
234.0279
235.0129
236.595425
236.6641
238.19875
240.919425
240.975475
241.835725
243.976625
244.929775
245.047525
245.13295
245.1847
245.67385
246.315675
246.363475
