0.042
0.045525
0.05095
0.078425
1.174475
4.485975
4.538625
6.09385
6.48555
8.103625
8.1065
8.11025
8.115975
8.76795
8.774725
8.77945
8.795
8.897125
8.90215
8.926325
8.936875
8.9407
9.0628
9.0693
9.072525
9.08025
9.083125
9.08625
9.09025
9.09355
9.097025
9.102575
9.106375
9.1101
9.28705
9.310075
9.440575
9.736075
12.02795
12.05815
12.079175
12.9165
13.7098
15.785525
15.7999
15.8066
15.875725
15.8823
15.921825
15.945025
16.030625
16.0361
16.039825
16.043475
16.0476
16.16545
16.172875
16.180075
16.357575
16.391725
16.405025
16.587225
17.0796
17.084675
17.087975
17.0968
17.1001
17.104175
17.10845
17.1107
17.113625
17.119175
17.237675
17.24095
17.24285
17.2455
17.2517
17.3095
17.49755
17.5065
17.509025
17.513725
17.516725
17.5192
17.522075
17.52445
17.52675
17.530525
17.5331
17.53705
17.540025
17.592725
17.609675
17.66935
17.67265
17.67515
17.678025
17.681725
17.6869
17.714625
17.82745
17.835475
17.840375
17.844025
17.847525
17.853625
18.170975
18.173425
18.17575
18.177625
18.1804
18.18525
18.189025
18.19285
18.23925
18.33915
18.34825
18.3579
18.370225
18.373725
18.377525
18.3805
18.4911
18.4988
18.50155
18.50445
18.556075
18.563575
18.6199
18.677175
18.714775
18.79895
19.102875
19.190675
19.215
19.219975
19.30585
19.30915
19.357525
19.473825
19.48105
19.48855
19.5022
19.530275
19.712425
19.717075
19.8405
19.849775
19.862475
19.872925
19.8752
19.927425
20.067325
20.074375
20.077975
20.08325
20.08865
20.097525
20.1243
20.136075
20.1504
20.174375
20.282925
20.28765
20.295275
20.312
20.42075
20.42855
20.43925
20.44495
20.4593
20.4618
20.565575
20.58095
20.624625
20.635125
20.63885
20.641675
20.64625
20.650625
20.653775
20.66315
20.66585
20.674675
20.6783
20.680925
20.739375
20.745775
20.752225
20.7594
20.763025
20.94535
20.9471
20.948725
20.950525
20.9525
20.9549
20.959425
21.06685
21.07195
21.081225
21.084475
21.090575
21.093225
21.09805
21.221975
21.58135
21.6693
21.812
21.814325
21.816625
21.819
21.822425
21.860225
21.88425
21.953825
22.243975
22.247875
22.250325
22.2556
22.2753
22.507825
22.585025
22.934575
22.942475
23.074875
23.34875
23.35475
23.361925
23.78885
23.7934
23.796425
24.220825
24.351675
24.411075
24.483475
24.5061
24.530675
24.54745
24.596225
24.785325
24.787925
24.79055
24.797475
24.799225
24.805175
24.85405
24.85905
24.865
25.092725
25.164025
25.1913
25.342125
25.34455
25.347
25.35655
25.37065
25.421875
25.540525
25.815575
26.113675
26.166975
26.280675
26.293275
26.355675
26.36195
26.636325
26.71495
26.76225
26.8923
27.04335
27.0589
27.0697
27.07245
27.42095
27.485825
27.55885
27.65325
27.713975
27.756275
27.792725
27.891625
27.8949
27.900175
27.9343
27.950075
28.09005
28.09225
28.094625
28.1011
28.261125
28.26305
28.265125
28.272175
28.463675
28.466
28.468475
28.47195
28.6846
29.018475
29.026
29.069025
29.176175
29.5766
29.578575
29.5804
29.58265
29.5905
29.699025
29.708925
29.712
29.862025
29.9374
30.03815
30.24705
30.254225
30.264025
30.408825
30.41565
30.427625
30.68795
30.695725
30.779025
30.78395
30.788
30.792975
30.8104
30.988975
30.999125
31.385375
31.564425
31.671175
31.7415
31.9348
31.939625
32.257575
32.259625
32.261475
32.263525
32.305725
32.5329
32.6267
32.63355
32.642525
32.95225
32.962025
33.151575
33.40685
33.449
33.52565
33.5763
33.9241
33.944475
34.0998
34.102425
34.105775
34.138275
34.1538
34.170925
34.670325
34.672225
34.6739
34.67565
34.677525
34.897125
35.011825
35.0162
35.019875
35.023925
35.0957
35.101175
35.107825
35.115
35.1207
35.310825
35.3163
35.483575
35.48635
35.489175
35.494175
35.4987
35.764575
35.810875
35.8215
35.9712
36.1879
36.191875
36.201325
36.2419
36.246025
36.34895
36.499875
36.51005
36.72565
37.04865
37.050675
37.0525
37.0553
37.130975
37.14185
37.37995
37.4585
37.464125
37.4664
37.46945
37.4731
37.479125
37.481725
37.5922
37.72395
37.7345
37.7418
38.1415
38.51825
38.648925
39.04845
39.3699
39.460525
39.4701
39.770075
39.771825
39.77525
39.7771
39.8747
39.877825
39.880675
39.88355
39.8936
40.015775
40.0214
40.16925
40.32
40.3386
40.393925
40.4012
40.407225
40.4131
40.734525
40.741025
40.800775
41.053675
41.16835
41.63365
41.984525
42.072075
42.397
42.57285
44.1664
44.9386
45.26215
45.781825
45.79475
45.9225
46.398525
46.420275
46.57185
47.549275
47.602825
48.1462
48.151825
49.4043
50.38995
51.17115
51.252
51.261625
51.267725
51.383875
51.423575
51.5643
51.5729
51.706625
51.755875
51.9332
51.9433
51.9629
52.000175
52.01415
52.170325
53.5761
53.8621
53.886225
54.10725
54.2067
55.069375
55.168275
56.2344
56.2676
56.550775
56.81445
56.8398
57.023725
57.052675
57.0652
57.1603
59.458175
59.46415
59.51265
59.58575
59.7044
59.772775
59.93485
59.972575
60.43475
60.461725
60.49275
60.496325
60.4985
60.502725
60.513775
61.6669
61.69045
61.71725
64.83215
64.97955
64.990325
65.42885
65.4661
68.58325
68.592575
69.880225
69.88485
69.891075
70.25585
70.7576
74.941775
75.04655
78.914
78.922375
78.9913
78.998975
81.425675
81.4311
81.664275
81.6714
82.09505
82.234025
82.409575
82.643825
87.7534
88.429925
88.7478
89.01485
92.114375
92.17085
92.32165
92.3256
92.3296
92.838375
93.522575
93.556125
93.561775
93.574225
93.71065
93.713625
93.7175
93.7237
93.89905
93.9523
95.713775
97.53445
97.540525
99.77035
103.036525
104.4801
104.496875
104.5016
104.5407
105.53245
107.654175
107.693575
107.842225
107.8471
107.85795
107.983225
109.761175
109.776875
110.639075
110.64275
110.650625
110.656025
111.28875
111.3787
111.476675
111.50505
111.6815
111.723875
112.94825
113.833225
115.578025
115.6581
115.90345
115.92715
115.95135
118.59605
119.6729
121.328375
123.133675
123.39845
125.37355
125.452675
125.46475
125.486425
125.4999
125.61175
125.65985
125.6637
125.668
125.907775
128.465675
130.1081
130.77885
132.260625
132.379375
132.684
133.157575
133.163825
133.28005
135.961675
136.0415
139.432725
139.43955
139.45465
139.70745
139.76
139.764775
139.768275
139.806725
143.4137
144.2271
145.034075
145.0385
145.046075
146.893
147.95675
147.98305
148.15075
148.1582
150.13145
150.34875
150.351975
150.35605
150.363875
151.24565
152.080425
152.08365
152.09015
152.406175
152.556225
153.71105
153.758875
154.17055
154.21905
154.223225
154.22695
154.306325
154.49735
154.50125
154.51095
154.521125
154.52325
154.525575
154.530125
154.624175
154.819825
154.82505
154.942875
154.94915
155.65445
157.20115
157.2258
157.228425
157.231475
157.5353
159.520475
160.0921
166.4573
166.842575
166.9004
168.9571
168.961
168.966275
169.204025
169.2969
169.304575
170.974325
171.03765
173.379
174.18755
175.067625
175.195025
175.2044
175.30245
175.432375
175.442775
175.4456
175.44795
175.4544
175.47
178.242725
178.27115
178.436625
178.5911
178.72505
180.783525
181.008125
181.01515
181.876625
182.044575
182.051675
182.7059
182.70935
182.7142
183.794325
183.83295
184.76155
185.257425
186.251875
187.6731
188.1462
188.75475
188.772175
188.80485
189.5214
189.70545
190.915775
190.9244
190.932025
190.939325
190.955075
190.970675
191.13285
191.21415
191.34105
191.37985
191.46415
191.522075
191.831725
191.835
192.424225
192.4405
192.445775
192.44935
192.4695
192.584625
192.63165
192.67665
192.991275
193.8473
193.85765
193.975975
193.98425
193.99305
193.999425
194.003875
194.016225
194.11095
194.3053
194.3176
194.463
194.47625
194.48135
194.486375
194.73965
195.0404
195.6824
195.996025
199.390925
200.2124
200.530175
200.699925
200.708775
202.103575
202.6445
202.68815
202.771375
202.785725
202.8884
203.004325
203.008
203.010425
203.012725
203.016525
203.02035
203.024825
203.033
203.04435
203.092675
203.119925
203.163725
203.241725
203.255675
203.272125
203.991775
203.99905
204.00295
204.0063
204.012025
204.041175
204.050775
204.059825
204.068025
204.9765
205.00805
205.6898
205.8331
205.998275
206.12705
206.934325
208.658125
209.0186
209.91855
211.34655
212.486075
213.193975
214.35635
214.35935
214.364475
215.7113
216.42015
216.42345
218.491725
219.566775
219.875575
221.340125
221.405725
221.4354
222.18415
222.37915
223.043
223.239725
223.65635
223.708625
224.01275
224.5893
224.731625
224.771475
224.896325
225.181275
225.774825
225.9992
226.03465
227.86795
228.3798
228.712675
229.222
229.5002
230.69395
230.83905
230.9557
231.1596
231.1647
231.177025
231.25905
234.2356
235.257575
236.28485
236.6571
236.6627
236.727425
236.73185
236.734525
236.739675
239.0175
239.49345
239.496075
239.5004
239.877375
240.49435
240.49935
240.501825
241.8362
243.62505
243.8227
243.835025
244.311125
244.314975
244.318725
244.761175
244.8958
244.929475
245.000425
245.002875
245.00595
246.320725
246.324175
246.334575
246.3453
