45.2943
45.43185
45.56345
45.7059
46.0117
46.3896
46.870725
47.018375
47.1216
47.21955
47.597075
47.773
48.25345
48.403125
48.511925
48.607075
48.9568
49.05695
49.155075
49.55635
49.689575
49.83435
49.940175
50.190125
50.58205
50.8214
50.954375
51.061925
51.440725
51.580625
51.71465
51.847125
52.368625
52.4917
52.570025
52.85365
52.9592
53.054725
53.325625
53.465675
53.792225
53.897175
53.986075
54.04745
54.405425
54.47735
54.543425
54.6344
54.9804
55.07625
55.2132
55.415825
55.555475
55.799275
55.999475
56.312925
56.4233
56.490625
56.809675
56.936425
57.13435
57.2463
57.552075
57.67925
57.783125
57.90125
58.1522
58.263475
58.34275
58.444625
58.727725
58.8475
58.985825
59.182575
59.187175
59.191675
59.196475
59.202425
59.424425
59.726175
60.279375
60.526475
60.63785
60.772625
60.903075
61.0347
61.156025
61.384025
61.479775
61.76915
61.89385
62.084325
62.1605
62.244025
62.50635
62.641575
62.713975
62.9627
63.04515
63.109025
63.200075
63.51425
63.594475
63.656175
64.02825
64.123475
64.186875
64.446275
64.54655
64.647975
65.0072
65.152325
65.236
65.3394
65.636625
65.722975
65.795325
65.884775
66.114275
66.174875
66.25785
66.5256
66.638125
66.74305
66.829425
67.148625
67.27675
67.469425
67.64275
67.913225
68.00995
68.050025
68.190675
68.4622
68.54475
68.662125
68.8376
69.017875
69.200675
69.471875
69.5765
69.6463
69.93565
70.0521
70.149075
70.208075
70.347075
70.6067
70.72215
70.827525
71.02395
71.1456
71.26355
71.3915
71.616425
71.689175
71.9624
72.04865
72.181425
72.33785
72.59095
72.75275
72.948775
73.2071
73.5484
73.6265
73.733475
73.922625
74.041925
74.114025
74.39795
74.48515
74.572175
74.799975
74.8621
75.0977
75.2579
75.4127
75.5889
75.880625
76.077275
76.193725
76.397025
76.50435
76.573025
76.693625
76.920875
77.072225
77.3229
77.4848
77.63235
77.77475
78.072825
78.167425
78.22975
78.573675
78.6283
78.7195
78.85415
79.12825
79.341075
79.449775
79.5115
79.655375
79.917
79.9837
80.035225
80.3205
80.386
80.452125
80.571475
80.793
80.92005
81.047175
81.353925
81.5058
81.62345
81.93145
82.14205
82.272475
82.341525
82.4388
82.7081
82.790075
82.85795
83.074025
83.193575
83.3191
83.646475
83.730525
83.86555
84.100975
84.19805
84.31225
84.611675
84.649925
84.76275
84.807125
84.87495
85.174575
85.26495
85.308275
85.399375
85.6489
85.719825
85.81045
85.919925
86.04255
86.18665
86.46375
86.60695
86.69725
86.882275
87.121425
87.200975
87.2929
87.610225
87.68285
87.847825
87.998
88.14875
88.269425
88.579075
88.63375
88.711275
88.813625
89.055725
89.208375
89.28395
89.3304
89.6423
89.69725
89.7682
90.030225
90.161975
90.2965
90.384275
90.511075
90.834825
90.91495
91.020575
91.129975
91.415125
91.524375
91.624025
91.93855
92.047225
92.161125
92.3486
92.50775
92.653
92.742925
93.007275
93.075725
93.176575
93.312775
93.5636
93.661825
93.753825
93.843
93.965225
94.044025
94.127925
94.271825
94.38365
94.4245
94.701525
94.7572
94.82345
95.13075
95.1773
95.221575
95.43845
95.535
95.60745
95.849975
95.930525
96.020175
96.3059
96.39395
96.450525
96.569125
96.8852
96.985325
97.0459
97.13535
97.422175
97.492675
97.57805
97.686175
97.905825
98.009675
98.086575
98.383275
98.48045
98.55015
98.614675
98.85285
99.02675
99.1247
99.211575
99.3088
99.658975
99.73525
99.81095
100.12665
100.23725
100.313825
100.438375
100.842875
100.956525
101.0708
101.449625
101.559725
101.63455
101.7088
101.97295
102.096925
102.192325
102.257325
102.3371
102.65645
102.734225
102.814575
102.9614
103.253275
103.32435
103.38245
103.491675
103.6958
103.8241
103.955725
104.06245
104.262725
104.5413
104.641575
104.722175
104.9664
105.0437
105.147175
105.3627
105.46445
105.618125
105.826675
105.953175
106.146875
106.235625
106.356225
106.6823
106.8031
106.923825
107.1068
107.28425
107.6628
107.788275
108.083975
108.172825
108.22985
108.320025
108.536725
108.64325
108.806975
108.884825
108.946075
109.175
109.2941
109.55165
109.67035
109.772825
109.847775
110.013075
110.107625
110.2732
110.494875
110.6186
110.69715
111.008925
111.11925
111.40545
111.5078
111.60415
111.73315
111.834675
111.9268
112.037825
112.21935
112.36445
112.4369
112.54165
112.69805
112.7881
112.8691
113.200775
113.251025
113.299375
113.61135
113.70265
113.806925
113.94315
114.058725
114.248325
114.41735
114.53
114.729925
114.8234
114.919
115.150825
115.264575
115.323575
115.68685
115.851475
115.937875
116.01565
116.057975
116.183
116.4058
116.467625
116.645975
116.750325
116.832675
116.994675
117.2638
117.3278
117.378275
117.67575
117.787225
117.912975
118.056325
118.365175
118.440075
118.520325
118.635525
118.775425
119.09325
119.181
119.24635
119.541875
119.6022
119.6639
119.92695
120.0061
120.08685
120.39655
120.501275
120.600925
120.705525
121.00715
121.148325
121.211625
121.527275
121.591975
121.751425
121.851575
122.0689
122.18
122.235175
122.38155
122.556275
122.68285
122.94415
123.0792
123.165025
123.469675
123.5441
123.6207
123.93345
124.02085
124.10365
124.392025
124.516825
124.637975
124.8818
125.0382
125.27975
125.407625
125.495275
125.603625
125.709425
125.7886
125.892175
126.149675
126.22785
126.334975
126.3989
126.555775
126.778925
126.879575
126.966325
127.031875
127.3776
127.482875
127.6676
127.7841
127.851325
127.917475
128.19545
128.29595
128.341825
128.537425
128.76005
129.009775
129.145775
129.25735
129.492925
129.655675
129.717225
129.8042
130.071375
130.124025
130.190025
130.46235
130.5491
130.612075
130.926775
131.031275
131.0582
131.358575
131.4556
131.626725
131.74475
131.943725
132.142775
132.19795
132.488925
132.607325
132.91445
133.05175
133.195125
133.280225
133.37295
133.482825
133.5717
133.703475
133.782225
133.969225
134.046775
134.192875
134.30935
134.35605
134.41425
134.66145
134.727175
134.87535
134.979425
135.1962
135.32545
135.377075
135.461925
135.741525
135.836925
135.927275
135.99775
136.327375
136.440475
136.4901
136.569175
136.63845
136.9271
136.9708
137.03145
137.12385
137.37825
137.48105
137.54955
137.660575
137.966225
138.037025
138.091975
138.21195
138.50675
138.592025
138.641575
138.91345
139.018875
139.102825
139.369375
139.487775
139.5801
139.634375
139.748175
139.816075
139.92105
140.029425
140.096475
140.1813
140.4652
140.508975
140.740375
140.815675
140.8705
141.130625
141.178325
141.464625
141.5378
141.623575
141.779425
142.093375
142.166225
142.21085
142.308375
142.578575
142.639475
142.72005
142.81435
143.109275
143.24285
143.28575
143.427525
143.732025
143.853175
143.927225
143.9915
144.25555
144.293625
144.399975
144.7056
144.769375
144.828775
145.113425
145.20715
145.358325
145.616325
145.80855
145.87605
145.961125
146.2047
146.331625
146.41135
146.68725
146.764975
147.05235
147.171525
147.312775
147.390375
147.4553
147.7585
147.858175
148.143275
148.243225
148.405975
148.571925
148.731375
148.823025
148.912825
149.1963
149.284625
149.360425
149.44455
149.57125
149.8486
149.89985
149.982425
150.3199
150.3886
150.440025
150.739375
150.804675
150.8669
151.134525
151.22715
151.353225
151.458225
151.557825
151.90075
151.966425
152.0182
152.10665
152.411225
152.513525
152.60165
152.967025
153.016425
153.070325
153.40635
153.4969
153.567
153.64415
153.907875
153.996525
154.06395
154.36885
154.508325
154.61915
154.7444
154.83935
154.9307
155.01975
155.172525
155.294875
155.381
155.476525
155.598275
155.861525
155.952
156.06365
156.18595
156.26585
156.375825
156.566725
156.613075
156.701975
156.767925
157.06655
157.1097
157.2322
157.47435
157.58705
157.6783
157.757
157.83875
158.203525
158.314
158.374225
158.47175
158.74825
158.85005
158.907125
158.992425
159.19385
159.303175
159.435875
159.546825
159.644725
159.96025
160.127825
160.209175
160.291025
160.341625
160.414775
160.669275
160.7566
160.854925
160.94945
161.018275
161.25275
161.357625
161.460675
161.5438
161.790325
161.873975
161.9239
161.99235
162.32425
162.454175
162.531625
162.598275
162.8818
162.9445
163.05465
163.266975
163.500125
163.62365
163.6774
163.7529
164.0282
164.10325
164.158
164.493525
164.569425
164.676775
164.7245
164.807375
165.11085
165.195625
165.28705
165.573775
165.673775
165.787575
165.843575
166.0004
166.094475
166.478525
166.603475
166.712925
166.804825
166.8297
166.95965
167.06235
167.124225
167.299075
167.512325
167.629625
167.69815
167.802
168.032025
168.29665
168.3595
168.43475
168.70935
168.7467
168.800975
169.064275
169.22285
169.29175
169.40495
169.52505
169.690025
169.843775
170.19545
170.3283
170.415725
170.47495
170.580325
171.060425
171.193125
171.340325
171.420225
171.54355
171.610975
171.909225
171.974
172.025725
172.27245
172.370075
172.511
172.621325
172.729625
172.934
173.099525
173.19765
173.2773
173.558925
173.65175
173.735925
173.78415
174.09575
174.187025
174.249225
174.33715
174.673475
174.78755
174.83495
174.92805
175.2446
175.36515
175.491575
175.581875
175.67275
175.81755
175.893575
176.02545
176.13775
176.217575
176.316025
176.5631
176.622825
176.701025
176.77435
177.03325
177.16075
177.302175
177.362
177.400075
177.71545
177.8169
177.88185
177.97075
178.3014
178.45675
178.55775
178.65265
178.730575
178.796025
178.85415
179.135375
179.199025
179.25175
179.5309
179.605725
179.6726
179.72345
179.9736
180.0676
180.3281
180.510325
180.59375
180.6854
180.9719
181.04785
181.097475
181.169725
181.203825
181.52835
181.6096
181.676725
181.741075
182.011125
182.1281
182.2273
182.319425
182.417425
182.496975
182.810925
182.933875
183.0591
183.1572
183.240825
183.436
183.751625
183.9286
184.028375
184.13125
184.2382
184.300975
184.37305
184.4385
184.68395
184.74025
184.806375
185.04765
185.13895
185.32355
185.444475
185.593975
185.677475
185.7469
186.0117
186.062775
186.135625
186.41615
186.5432
186.658125
186.7412
186.796725
187.101225
187.16365
187.248375
187.46385
187.57425
187.759175
187.8543
187.97825
188.050025
188.1538
188.442625
188.48915
188.8086
188.93635
189.0058
189.066525
189.154375
189.222175
189.55015
189.72005
189.836525
189.904625
190.021525
190.0749
190.17565
190.539125
190.70935
190.998
191.123275
191.23765
191.322175
191.484025
191.659875
191.771675
191.9128
192.07155
192.2553
192.427825
192.55575
192.69525
192.8856
193.0577
193.234225
193.429975
193.60235
193.751725
193.9975
194.17875
194.33895
194.485
194.816375
194.854775
194.929625
195.062025
195.1906
195.3752
195.714825
195.88445
196.01185
196.0955
196.164625
196.237175
196.419825
196.7467
196.82265
196.914675
197.0511
197.1506
197.3311
197.42315
197.496875
197.583775
197.8409
197.918775
197.98775
198.094725
198.353575
198.459775
198.565475
198.628825
198.870875
198.95745
198.998175
199.14925
199.49955
199.597925
199.6654
199.845125
200.008025
200.1041
200.27495
200.4164
200.809325
200.963425
201.06755
201.201425
201.310075
201.31725
201.41595
201.573975
201.810475
201.92985
201.992325
202.06305
202.142325
202.384275
202.44495
202.5011
202.8271
202.96175
203.3294
203.44985
203.633625
203.765575
203.927625
204.221
204.4034
204.534625
204.678325
204.845725
205.125975
205.243175
205.498125
205.686975
205.87845
206.023825
206.14615
206.265675
206.52035
206.7672
206.9005
206.995325
207.08955
207.16165
207.2703
207.365825
207.49005
207.63495
207.687625
207.777375
207.8177
207.905125
208.124625
208.169175
208.218425
208.420075
208.4971
208.54305
208.765375
208.840675
208.89175
209.11995
209.169475
209.431125
209.51985
209.72085
209.84775
209.891325
210.153725
210.2855
210.39205
210.5412
210.777725
211.013975
211.07965
211.247175
211.44115
211.574975
211.816325
211.8756
211.9825
212.215675
212.296925
212.3787
212.566975
212.820025
212.962025
213.026725
213.122675
213.325275
213.375925
213.480275
213.7202
213.824775
213.96625
214.21295
214.2704
214.3483
214.6468
214.73625
214.862425
215.033525
215.131775
215.35305
215.46745
215.758475
215.854375
215.92815
216.1719
216.457325
216.604
216.677175
216.849775
217.0555
217.206
217.42505
217.52445
217.966475
218.089875
218.248225
218.3277
218.600675
218.679725
218.837125
219.2279
219.28725
219.3232
219.406825
219.6793
219.75975
219.893025
220.031925
220.373375
220.454675
220.517075
220.610325
220.7076
220.955225
221.0438
221.150975
221.5066
221.669
221.8294
222.006875
222.416425
222.52435
222.691725
222.844975
223.093725
223.308075
223.461725
223.662675
223.8405
224.039975
224.1998
224.4533
224.6313
224.778225
224.89555
225.03925
225.18015
225.37925
225.532675
225.632
225.7141
225.8227
225.9077
226.003225
226.113
226.16665
226.228075
226.414425
226.4994
226.54315
226.724825
226.834075
226.871475
227.049525
227.154325
227.199025
227.27275
227.5715
227.652625
227.691825
227.77975
228.0407
228.11215
228.1724
228.267325
228.51325
228.583875
228.6792
228.865425
228.9754
229.257875
229.34135
229.429175
229.68165
229.796325
230.03045
230.0927
230.2158
230.52065
230.9438
231.1226
231.251725
231.34655
231.4119
231.5301
231.621725
231.718925
231.7852
232.017875
232.08105
232.166775
232.311075
232.3685
232.4642
232.741975
232.82885
232.86085
233.0267
233.151975
233.215825
233.288225
233.520925
233.6175
233.679975
234.00775
234.05625
234.225575
234.35125
234.3828
234.5746
234.705725
234.838975
235.048175
235.13395
235.392225
235.5051
235.647725
235.761675
235.8506
235.912075
236.255
236.351125
236.6115
236.718375
236.805075
237.04845
237.124275
237.175075
237.2457
237.506425
237.582425
237.675425
237.769075
238.1329
238.188725
238.271325
238.555175
238.609975
238.70815
238.86055
239.02255
239.3412
239.5469
239.60385
239.6744
239.74785
240.024225
240.096475
240.17265
240.32905
240.437
240.700775
240.7673
240.8184
241.114125
241.208625
241.301225
241.371425
241.770375
241.89845
242.25625
242.332225
242.433825
242.64135
242.754225
242.974125
243.061825
243.459325
243.5416
243.7289
243.8451
244.101
244.187075
244.274325
244.70235
244.8467
244.8948
244.93715
245.0542
245.15955
245.272075
245.396075
245.479825
245.59925
245.78065
245.837275
245.8969
246.146175
246.217625
246.30945
