40.923675
41.817975
42.462175
42.471275
42.711475
43.271675
44.176425
44.225925
44.310925
44.9124
45.257825
45.93395
46.018325
46.63975
47.17775
47.553475
47.56725
47.605075
48.022075
48.06905
48.5954
48.6334
48.76475
48.89675
49.23175
49.26175
49.732225
49.7772
50.085
50.715475
51.187125
51.54115
51.584875
51.58835
52.0477
52.443
52.6791
53.507025
53.87745
53.90755
54.178
55.906575
56.0825
56.1768
56.51985
57.106075
57.46835
58.358675
58.513075
59.079425
59.084975
59.5595
59.613675
59.893825
59.90255
59.9321
59.9891
60.198625
60.21635
60.386475
64.82715
64.8905
64.975425
65.3698
68.969125
69.797625
69.95655
70.30615
71.4347
72.63935
76.1541
76.98005
77.92985
78.817425
79.07705
79.133925
81.399225
81.990975
82.614175
82.8675
84.49385
85.82655
86.984225
88.03875
90.196
91.3143
91.5908
92.1423
93.91775
94.21605
96.9417
97.23185
99.828125
100.40195
100.942
102.29215
103.771075
103.794575
104.1105
104.80335
107.30585
107.63155
107.662175
107.682925
107.742175
108.596825
109.71055
109.817175
110.520925
111.177225
111.938975
111.963525
111.96655
112.9385
113.371725
113.4481
114.64045
114.650625
116.512475
117.533125
118.2886
118.628925
118.983725
118.987825
122.079275
122.380375
122.781575
123.100675
123.123675
123.768075
124.07685
125.179675
125.65115
127.019175
127.3689
127.37385
127.9588
128.007
128.0769
128.4521
128.7872
128.831325
129.14735
129.815975
130.5064
130.836625
131.153675
131.95605
132.6838
132.7105
132.99755
133.128775
133.196775
135.602775
136.657875
136.717925
136.74585
137.0655
138.883225
143.028875
145.649275
146.0554
147.90015
148.358975
148.737175
150.138175
150.202325
150.581075
150.60035
151.687675
152.11005
152.27775
153.152575
153.236675
153.329725
153.592925
154.0538
154.075575
154.15315
154.270275
154.36115
154.723875
157.30075
158.100725
158.111
158.973075
159.007675
160.003375
160.111125
160.4336
161.920275
163.49285
165.375175
166.3539
166.44805
166.83215
168.628425
169.5823
169.631525
169.966375
171.06495
173.285925
173.3531
173.392675
173.716475
173.73835
173.743025
175.12105
175.631825
177.638225
177.6627
178.01585
178.152725
178.27075
178.72205
178.728675
179.017275
179.332975
179.3815
181.413575
181.755125
181.952025
182.7715
183.753775
184.06135
185.234225
185.2578
185.8591
186.982375
187.0093
188.225575
188.283125
188.576375
189.42675
189.951825
190.419525
190.781725
190.9789
191.381725
191.420225
191.490925
192.48595
192.646075
193.085075
193.27025
193.399325
194.1841
194.275075
194.762175
194.901225
195.030575
196.14265
200.52895
200.5775
200.83375
201.05085
201.81905
202.85625
202.8733
203.082925
203.093325
203.21525
203.341625
203.90835
203.980325
204.24845
204.3905
204.65625
204.9702
205.04215
206.016675
206.09135
206.382725
209.76535
210.6802
210.724275
210.733425
211.667675
212.053025
212.4361
212.467425
212.78685
213.216125
213.977475
214.413175
214.492525
215.73575
216.126175
216.81985
217.66175
218.451875
220.68525
221.4004
221.542575
221.834025
222.267525
222.353975
222.3622
222.3809
222.419325
222.466225
222.681325
222.7477
222.926175
223.239925
223.701625
224.04935
224.287625
224.385225
224.729525
224.7444
224.93495
226.72665
228.8372
229.1492
229.253225
230.397875
230.70295
230.75115
231.339
231.58815
231.677075
235.91025
235.92585
236.27445
236.554325
237.027375
237.353725
239.860175
239.94305
240.229125
240.605525
240.8871
242.4967
242.8554
243.66065
244.5985
244.667825
245.002275
245.365075
246.0186
