0.08835
0.8152
2.51785
4.447625
6.0662
8.58865
8.601325
8.614
8.67525
8.806725
8.840225
9.233325
11.787875
11.794575
11.805525
11.81935
11.83885
11.8455
11.849925
11.85215
12.1235
12.1675
15.6224
15.628725
15.633
15.90155
16.067525
16.081575
16.092925
16.597025
16.60615
16.61275
16.68415
16.985175
16.99585
17.001925
17.013625
17.258925
17.427475
17.434375
17.4531
17.716325
17.72845
17.987225
17.993175
18.01025
18.28615
18.297225
18.9896
19.00345
19.0577
19.0658
19.4337
19.4564
20.2137
20.76065
20.768425
20.7821
20.9689
20.97955
20.98665
20.999425
21.367525
21.3746
21.38285
22.450375
22.460625
22.64845
22.6574
22.673325
22.938275
23.47995
23.48685
23.51015
23.5558
23.60895
23.7763
23.786625
23.797
23.805925
24.1626
25.3781
25.388575
25.395
25.441725
25.587975
25.597175
25.603175
25.610225
25.6988
26.491825
26.4996
26.505425
26.5156
26.55985
26.583975
26.59715
26.6038
26.61815
26.625875
26.8566
26.8882
26.895675
26.903875
26.92395
27.000375
27.767875
27.77635
27.8071
27.864475
27.901525
27.91345
27.9194
27.93935
28.066
28.0738
28.0797
28.0868
29.0061
29.02105
29.026075
29.112625
29.142275
29.1511
29.1641
29.287975
29.2933
29.29995
29.313025
29.61055
31.7933
31.8007
31.81365
31.88025
31.8923
31.9248
32.00805
32.02705
32.580225
32.8099
33.091075
33.1275
34.330275
34.3398
34.346725
34.385875
34.453525
34.471925
34.493325
34.506575
34.92155
36.60465
36.612075
36.62245
36.649325
36.719675
36.73945
36.747125
36.811675
36.8196
38.99295
39.227225
39.309475
39.339625
39.34575
39.35385
39.391275
39.416125
39.4725
39.488475
39.502875
39.554125
39.56515
39.580275
39.9662
40.23945
40.901025
41.8959
42.350975
43.2056
44.861225
48.85095
49.75575
50.1479
51.7661
51.812425
53.550125
54.67145
54.755575
56.056325
56.07975
56.47025
57.942725
58.454
58.6279
59.03045
59.15465
59.15725
59.16035
59.574175
59.92125
60.40505
60.435625
60.513925
60.586325
60.60595
60.624875
60.663875
60.71205
60.747175
60.797525
60.885075
61.194825
64.80505
64.816675
65.424225
69.735425
69.7483
82.1396
84.902425
85.406375
93.384025
93.469575
93.613025
94.19165
94.502475
111.16925
111.202775
111.246075
111.311175
125.097175
132.794075
132.906825
133.0398
133.089125
133.170975
133.6154
133.835675
133.9385
140.62295
153.260775
154.1238
154.237525
154.30895
154.408975
154.497625
154.6536
154.703425
154.760225
166.34665
166.379875
166.4965
170.90575
171.247425
175.07895
175.189775
175.32215
178.119225
178.3276
182.65045
182.704025
182.780925
182.86415
183.79005
184.1238
189.387775
190.487
190.55085
190.6287
190.687625
190.7288
190.8354
190.971425
191.0416
191.076275
191.10385
191.1485
191.185225
191.22355
191.274475
191.31045
191.3937
191.4894
191.560375
191.61615
191.650375
191.707325
191.73755
191.766325
191.800275
191.829775
191.86115
191.91425
191.9563
191.981
192.0411
192.0532
192.078425
192.11375
192.143425
192.169525
192.200875
192.22265
192.241125
192.258875
192.290525
192.314975
192.3297
192.358025
192.381525
192.399025
192.44085
192.473375
192.503675
192.5584
192.60725
192.6325
192.675525
192.712375
192.761975
192.779225
192.81985
192.855975
192.898075
192.929375
192.955975
192.9768
193.021225
193.054475
193.077725
193.12615
193.153475
193.191775
193.234475
193.267325
193.281775
193.343725
193.3816
193.4061
193.453475
193.479875
193.50095
193.524425
193.551875
193.576775
193.592225
193.627
193.6798
193.7384
193.77825
193.813525
193.831675
193.857075
193.963175
193.99115
194.014975
194.08105
194.10225
194.128975
194.1622
194.205675
194.2657
194.29735
194.3226
194.34305
194.400875
194.430075
194.455775
194.51765
194.5386
194.5573
194.588425
194.65515
194.708125
194.739125
194.7698
194.793425
194.8176
194.836725
194.872575
194.8897
194.903725
194.920375
194.93255
194.96135
194.9721
194.983475
195.000525
195.010325
195.025075
195.03855
195.053725
195.0803
195.0984
195.136525
195.162
195.193225
195.23065
195.259175
195.2811
195.305
195.317975
195.334675
195.3721
195.4303
195.46085
195.491625
195.514725
195.535025
195.57225
195.5896
195.606975
195.63785
195.665675
195.67945
195.716
195.732175
195.772875
195.80645
195.85735
195.89795
197.297425
199.375475
200.6399
200.680475
200.727925
200.77725
200.82495
200.879325
200.946175
201.018475
201.62155
201.718175
201.7724
202.5167
202.555475
202.607
202.635725
202.683025
202.739175
202.7502
202.81155
202.861325
202.897125
202.964425
202.9928
203.083975
203.1338
203.177575
203.240125
203.3244
203.41565
203.4543
203.5156
203.559625
203.5936
203.643775
203.922275
203.979275
204.00165
204.0316
204.0595
204.08595
204.122275
204.192175
204.213575
204.241275
204.265825
204.29585
204.341375
204.3656
204.39175
204.40535
204.4317
204.45795
204.4899
204.5142
204.54
204.58325
204.613825
204.6316
204.641375
204.653275
204.6712
204.689475
204.717675
204.738775
204.76955
204.8003
204.828425
204.87285
204.9071
204.93515
204.964925
204.98885
205.01345
205.033575
205.0517
205.07175
205.1034
205.140825
205.16395
205.180225
205.2164
205.25515
205.295025
205.323075
205.362375
205.39355
205.43015
205.460275
205.484325
205.53225
205.55545
205.573275
205.594125
205.671875
205.705275
205.72505
205.763825
205.795125
205.82755
205.8529
205.8818
205.892425
205.9168
205.92655
205.94805
205.974725
205.99115
206.015775
206.030875
206.049225
206.07905
206.093475
206.11335
206.127725
206.151675
206.1682
206.188425
206.213925
206.24725
206.2823
206.31625
206.35
206.37015
206.387325
206.4233
206.451525
206.490975
206.528975
206.54895
206.571875
206.61495
206.651825
206.699025
206.716
206.75985
206.8078
207.951725
217.93385
221.273025
221.28495
221.329525
221.37
221.4121
221.447575
221.47735
221.520875
221.543875
221.5676
221.612125
221.6435
221.678575
221.7251
221.740525
221.771675
221.798975
221.8283
221.87645
221.901775
221.9317
221.964025
221.977925
222.008175
222.042
222.069225
222.119675
222.14725
222.2036
222.22385
222.25455
222.28895
222.310825
222.3314
222.339825
222.36555
222.398425
222.431475
222.46685
222.5217
222.55085
222.59355
222.619425
222.63535
222.6546
222.67065
222.704875
222.7306
222.7854
222.8231
222.858525
222.903525
222.927325
222.96265
223.00485
223.027925
223.0772
223.11575
223.158275
223.19595
223.206825
223.23785
223.256475
223.290175
223.336375
223.36885
223.391125
223.409025
223.43685
223.46425
223.49355
223.519475
223.53765
223.56065
223.604625
223.627225
223.654375
223.691625
223.71975
223.7672
223.823925
223.855425
223.8953
223.921825
223.960375
224.0268
224.073725
224.131825
224.157025
224.190125
224.2259
224.25055
224.277775
224.305675
224.323075
224.37635
224.4236
224.466
224.519575
224.54545
224.557075
224.586175
224.604525
224.613925
224.638075
224.658925
224.676775
224.701325
224.7426
224.75925
224.797
224.82395
224.852025
224.879875
224.895025
224.906725
224.9187
224.965125
225.004025
225.021125
225.04315
225.145125
225.17565
225.198825
225.22355
225.25
225.2986
225.321275
225.3485
225.3942
225.427625
225.50345
225.58215
225.5982
226.283075
230.585725
230.6101
230.633375
230.682575
230.738525
230.751025
230.78145
230.815575
230.831225
230.87945
230.90305
230.9358
230.971925
231.008
231.044475
231.11955
231.14975
231.190875
231.38555
239.2152
239.449375
244.369475
244.44265
244.479575
244.5438
244.5771
244.62325
244.641225
244.674675
244.7079
244.73905
244.762125
244.7951
244.9067
245.05355
245.6398
