0.786075
4.32185
4.973925
9.8201
11.7694
15.625325
16.33635
17.0071
17.446175
17.45005
18.3045
19.092575
20.7765
25.61095
28.095
29.315675
29.321125
29.325925
32.043
32.04605
34.5289
36.617075
39.592825
39.596275
45.722325
48.672025
49.1945
49.46125
53.491325
56.59325
57.999775
59.716725
60.156775
61.557025
62.727575
63.7583
65.465975
65.902
66.307325
66.44495
69.163875
69.6493
70.706225
71.6071
73.276775
73.612125
78.828725
80.268275
81.846225
82.004
82.457
84.292825
84.877375
85.074175
86.95865
88.49735
90.102
93.523175
93.544925
94.577125
94.58195
94.58765
94.884625
98.014325
98.862925
99.911125
105.8479
106.144425
106.828125
108.925225
110.284575
110.727525
111.43285
112.091525
113.6108
114.55905
115.9126
115.9238
115.9276
115.941025
115.94455
115.95155
115.967675
115.970725
115.987325
115.997875
116.015175
116.050875
116.08455
116.1134
116.126475
116.1485
116.161175
116.184725
116.218525
116.28185
116.311025
116.3855
116.43215
116.49175
116.528725
116.822625
116.9374
117.0833
117.487425
117.633925
117.679925
117.72305
117.967575
118.33715
118.377475
118.3882
118.429325
120.420725
120.44575
120.501925
120.5409
120.59425
120.633575
120.6835
120.726275
120.768675
120.899425
121.05795
121.089525
121.124725
121.190575
121.22535
121.3233
121.492525
121.8277
123.3694
123.691175
125.1226
125.286925
126.133375
126.326425
126.339125
126.362325
126.3859
126.411
126.426325
126.43385
126.4514
126.463825
126.476025
126.48615
126.4923
126.496475
126.503425
126.520275
126.5265
126.530575
126.5455
126.5499
126.562825
126.566725
126.578725
126.5911
126.597
126.610925
126.61885
126.623875
126.633875
126.641875
126.646475
126.652025
126.655275
126.6673
126.682425
126.688725
126.699175
126.70945
126.718325
126.722775
126.7279
126.745725
126.7568
126.766275
126.77765
126.784675
126.7928
126.80235
126.808975
126.81465
126.82055
126.833975
126.8401
126.849625
126.857275
126.86745
126.87465
126.8776
126.894175
126.901925
126.9052
126.91455
126.92165
126.93385
126.937975
126.945525
126.953625
126.95665
126.9619
126.9658
126.968425
126.97425
126.976625
126.979425
126.98145
126.9851
126.9874
126.99045
126.9934
126.9961
127.00265
127.008225
127.0148
127.021675
127.02825
127.036425
127.043575
127.0504
127.0559
127.06345
127.06775
127.0739
127.077475
127.08025
127.087525
127.091275
127.096525
127.102875
127.105825
127.10985
127.116375
127.125125
127.1314
127.135975
127.1423
127.146075
127.14985
127.154425
127.163275
127.17485
127.177725
127.181075
127.18485
127.18785
127.19365
127.19585
127.201075
127.204025
127.207225
127.20985
127.213
127.217025
127.220525
127.224525
127.22985
127.2335
127.239025
127.245975
127.253575
127.260475
127.263575
127.266475
127.26925
127.272275
127.275825
127.279
127.2818
127.28505
127.288975
127.291725
127.2955
127.2987
127.305675
127.309275
127.31705
127.32285
127.32865
127.333725
127.33895
127.347825
127.355475
127.360275
127.364025
127.3673
127.370825
127.374
127.377125
127.379825
127.38315
127.38515
127.387675
127.3901
127.392175
127.395275
127.3988
127.404
127.4081
127.415325
127.4206
127.424875
127.4278
127.432625
127.44285
127.44955
127.4595
127.464825
127.4693
127.4728
127.476725
127.48185
127.487825
127.490775
127.49795
127.502725
127.518825
127.5241
127.5275
127.5315
127.538175
127.5422
127.545725
127.5503
127.55375
127.563975
127.57205
127.575175
127.583875
127.591125
127.6007
127.607575
127.614625
127.617425
127.625575
127.629875
127.6438
127.64965
127.65255
127.66415
127.670475
127.6779
127.68615
127.6893
127.6971
127.704975
127.708725
127.7153
127.72075
127.725425
127.7287
127.7331
127.74115
127.748775
127.7548
127.758775
127.764225
127.768175
127.773475
127.778125
127.78365
127.788975
127.79415
127.798125
127.8038
127.810475
127.817325
127.8219
127.825475
127.83005
127.835725
127.8424
127.847325
127.850825
127.8545
127.85825
127.86325
127.86835
127.873325
127.877875
127.881325
127.883575
127.886225
127.888975
127.8934
127.899725
127.9037
127.90705
127.916675
127.91985
127.92805
127.931925
127.9407
127.95235
127.961575
127.968975
127.98
127.99075
128.000575
128.01135
128.0311
128.035075
128.039225
128.044875
128.048075
128.05185
128.058325
128.062975
128.07115
128.075325
128.083925
128.087825
128.09215
128.097925
128.10165
128.1047
128.112
128.117475
128.122625
128.128625
128.13175
128.137275
128.14015
128.144225
128.1474
128.1533
128.159525
128.164875
128.16815
128.179
128.18405
128.19345
128.2136
128.21935
128.22775
128.230375
128.23455
128.240475
128.2442
128.249375
128.255575
128.260875
128.2735
128.279125
128.287625
128.29185
128.295
128.303
128.314025
128.320725
128.326975
128.333975
128.337875
128.34505
128.35065
128.3565
128.358675
128.3644
128.370625
128.38765
128.391375
128.40635
128.4103
128.412625
128.416275
128.41975
128.427325
128.440175
128.4459
128.455825
128.464675
128.47135
128.48315
128.48685
128.495975
128.5011
128.513175
128.5171
128.525725
128.532675
128.5372
128.540775
128.545725
128.55295
128.559125
128.562625
128.566175
128.5779
128.5828
128.595275
128.5984
128.6043
128.60995
128.617425
128.62695
128.635975
128.64275
128.6526
128.657625
128.67185
128.6788
128.6819
128.69665
128.7015
128.7149
128.73315
128.741275
128.744775
128.76015
128.7697
128.776975
128.78775
128.797375
128.809025
128.8149
128.8183
128.830325
128.8386
128.851475
128.859575
128.870375
128.88275
128.8878
128.894225
128.9138
128.92005
128.92425
128.934
128.9395
128.944925
128.9489
128.9585
128.9766
128.984975
128.99335
129.00095
129.0125
129.022
129.032175
129.055075
129.0677
129.07185
129.086675
129.09505
129.103525
129.136025
129.143875
129.156025
129.16305
129.17445
129.1842
129.19135
129.19755
129.212125
129.21555
129.2257
129.238525
129.24465
129.2679
129.27305
129.279425
129.297375
129.3035
129.321525
129.3259
129.33925
129.343775
129.36795
129.380875
129.395225
129.4063
129.415275
129.418925
129.434175
129.441175
129.443875
129.454175
129.45735
129.462525
129.470225
129.488375
129.5077
129.51875
129.53805
129.55075
129.561275
129.572925
129.58385
129.5926
129.59895
129.619325
129.6263
129.6438
129.6565
129.67295
129.688775
129.69365
129.702125
129.7247
129.7363
129.7493
129.75685
129.77145
129.778775
129.7961
129.809975
129.818425
129.8375
129.85155
129.860525
129.87345
129.88575
129.892675
129.90535
129.912475
129.9222
129.934925
129.940875
129.9544
129.962325
129.980375
129.99075
129.995925
130.004775
130.012525
130.0429
130.063375
130.081925
130.093275
130.112125
130.12455
130.13255
130.14605
130.162
130.170725
130.1799
130.1884
130.20075
130.207575
130.2178
130.2258
130.23425
130.243025
130.251575
130.262175
130.2739
130.295075
130.31495
130.331075
130.34015
130.354925
130.3764
130.38775
130.3948
130.403425
130.41995
130.43785
130.47415
130.482875
130.49275
130.51675
130.5339
130.5498
130.56305
130.574025
130.594025
130.60845
130.624075
130.639175
130.645725
130.654875
130.665525
130.67475
130.68995
130.696775
130.702575
130.715075
130.72415
130.7313
130.739125
130.76975
130.77745
130.80935
130.823575
130.8358
130.840925
130.857425
130.860975
130.88175
130.890425
130.9021
130.9211
130.92945
130.946475
130.956275
130.969775
130.9919
131.004625
131.0191
131.0251
131.039275
131.0528
131.063725
131.0707
131.0795
131.08875
131.102875
131.117325
131.1273
131.141025
131.1516
131.161825
131.1737
131.18155
131.189675
131.1932
131.20515
131.217975
131.242325
131.25355
131.2736
131.2817
131.2975
131.31355
131.325625
131.3394
131.35815
131.372425
131.3884
131.401
131.412275
131.4266
131.433575
131.442325
131.44525
131.4533
131.457375
131.47545
131.490275
131.50745
131.515775
131.522175
131.53115
131.544625
131.557975
131.577475
131.584725
131.587925
131.598125
131.623075
131.64325
131.6612
131.670725
131.689875
131.6954
131.7003
131.7194
131.732025
131.752425
131.7592
131.765525
131.775825
131.79145
131.81675
131.8382
131.849025
131.86075
131.871525
131.8823
131.89745
131.922025
131.936275
131.946575
131.958575
131.9722
131.98655
132.008275
132.0195
132.0366
132.04745
132.06895
132.078375
132.09465
132.12045
132.136375
132.150575
132.172625
132.181675
132.20105
132.21185
132.22735
132.237525
132.258475
132.2819
132.289475
132.30695
132.323375
132.338125
132.3586
132.379325
132.39655
132.405575
132.421
132.43375
132.437475
132.453375
132.4586
132.4781
132.4979
132.5028
132.5144
132.522
132.534725
132.592475
132.607825
132.6302
132.643575
132.650975
132.6654
132.6852
132.69605
132.7092
132.7378
132.74215
132.752875
132.754575
132.780425
132.8305
132.840825
132.8696
132.885125
132.922325
132.9569
132.968225
132.9765
133.01385
133.01745
133.05025
133.065175
133.085575
133.1176
133.12905
133.16325
133.176575
133.215975
133.225325
133.264625
133.27345
133.29095
133.30185
133.3503
133.3879
133.419725
133.42885
133.4558
133.47735
133.503525
133.531575
133.53825
133.556625
133.564
133.59045
133.636475
133.659725
133.686175
133.7206
133.731375
133.741075
133.748425
133.757425
133.759725
133.769975
133.7888
133.804125
133.81585
133.836975
133.86845
133.896
133.9267
133.946525
133.95965
133.971875
133.985275
134.00125
134.012225
134.023875
134.034375
134.0388
134.046875
134.057525
134.0786
134.09095
134.0939
134.1282
134.14155
134.147925
134.16215
134.178975
134.203525
134.22415
134.25075
134.269075
134.2894
134.304075
134.3376
134.354025
134.362225
134.369525
134.393275
134.407775
134.43785
134.4447
134.466575
134.50935
134.521475
134.538375
134.575475
134.598375
134.623125
134.645375
134.676575
134.6914
134.70845
134.720025
134.731175
134.73755
134.74785
134.771425
134.78635
134.813375
134.842275
134.872275
134.89
134.9122
134.93105
134.95195
134.974475
134.989075
135.000825
135.0083
135.011625
135.015625
135.037175
135.040675
135.06345
135.084225
135.1009
135.1155
135.1448
135.1621
135.172025
135.21135
135.231975
135.24275
135.255025
135.2743
135.3006
135.3228
135.342925
135.36
135.3655
135.3773
135.394775
135.40275
135.4351
135.461075
135.477
135.498075
135.514675
135.536025
135.561425
135.582875
135.6003
135.620975
135.6328
135.65665
135.677075
135.699925
135.72115
135.7367
135.746775
135.75385
135.757275
135.76715
135.785
135.790275
135.797575
135.8206
135.844875
135.852825
135.899075
135.927475
135.948225
135.97375
135.986625
136.011725
136.0354
136.060675
136.07855
136.102525
136.11985
136.1368
136.143075
136.163325
136.168925
136.201725
136.225975
136.25315
136.2848
136.310425
136.332975
136.350375
136.36935
136.407175
136.438125
136.4586
136.4882
136.524375
136.545075
136.579525
136.6108
136.63935
136.672625
136.695675
136.7031
136.711
136.714075
136.729275
136.749525
136.765075
136.7994
136.809
136.8736
136.90535
136.936975
136.956725
136.98005
137.035275
137.077075
137.09005
137.119425
137.146175
137.157375
137.17485
137.180825
137.195825
137.223575
137.2516
137.26335
137.285
137.3299
137.3578
137.395425
137.422575
137.43955
137.459025
137.484475
137.503075
137.510075
137.533475
137.56715
137.588325
137.599675
137.6152
137.627525
137.66025
137.682275
137.695775
137.73415
137.758
137.7831
137.8096
137.817675
137.840925
137.8812
137.9036
137.9373
137.951675
137.97165
138.0047
138.031875
138.048025
138.074075
138.091175
138.116175
138.143175
138.1558
138.17215
138.1762
138.191675
138.1993
138.20855
138.23615
138.263725
138.295475
138.330675
138.360025
138.38645
138.430725
138.47005
138.51615
138.537225
138.546625
138.570325
138.57595
138.586475
138.603375
138.620625
138.63565
138.6901
138.70645
138.7448
138.788375
138.81705
138.859525
138.8787
138.918575
138.934425
138.95955
138.968
138.9989
139.024225
139.037425
139.082325
139.12185
139.164125
139.1827
139.200675
139.2151
139.23275
139.238525
139.266975
139.298375
139.3088
139.353375
139.391675
139.4349
139.460175
139.5368
139.56035
139.637625
139.707925
139.741575
139.764175
139.80235
139.822625
139.83575
139.84605
139.8568
139.88395
139.915675
139.9567
139.980825
140.011825
140.048325
140.096575
140.129225
140.15135
140.157
140.164725
140.173575
140.192425
140.212825
140.26305
140.3039
140.332525
140.36685
140.38475
140.41375
140.44395
140.486925
140.511025
140.562525
140.601325
140.628
140.648075
140.659125
140.685075
140.751175
140.7758
140.8068
140.86425
140.911625
140.937025
140.963375
140.998775
141.0105
141.03025
141.069025
141.10275
141.16365
141.206225
141.263225
141.28305
141.29035
141.341175
141.3775
141.412275
141.453675
141.47625
141.508275
141.53555
141.577225
141.611575
141.6371
141.6665
141.67835
141.698425
141.71645
141.760875
141.8072
141.833
141.862225
141.870525
141.89725
141.9466
141.97785
142.0378
142.070575
142.09875
142.1357
142.1865
142.22535
142.25365
142.269
142.306425
142.3387
142.375225
142.410525
142.438075
142.44125
142.486275
142.499025
142.5477
142.604625
142.634725
142.706425
142.747675
142.791475
142.8009
142.808175
142.822275
142.83405
142.8478
142.872775
142.95415
143.00295
143.0226
143.0375
143.052475
143.059325
143.064825
143.071175
143.091875
143.137075
143.16
143.21975
143.25305
143.285375
143.31155
143.323525
143.3484
143.389225
143.4088
143.433075
143.510575
143.5528
143.585175
143.6196
143.655475
143.679575
143.70545
143.751325
143.793725
143.836375
143.8615
143.9064
143.95445
143.986675
144.00595
144.026125
144.0573
144.10155
144.1367
144.1971
144.23195
144.244675
144.2573
144.29865
144.3232
144.352125
144.367375
144.376525
144.406075
144.416525
144.4813
144.50695
144.5421
144.57755
144.60515
144.6088
144.658525
144.727125
144.78635
144.84465
144.8809
144.9029
144.94375
144.982175
145.027775
145.072475
145.104225
145.1393
145.172175
145.192925
145.24645
145.273825
145.3188
145.3381
145.379225
145.4317
145.45575
145.497975
145.520425
145.55115
145.568325
145.6143
145.627775
145.643375
145.658225
145.725625
145.767875
145.803075
145.8318
145.8535
145.8702
145.90105
145.937425
145.947125
145.9904
146.020075
146.05005
146.092875
146.123825
146.158975
146.19925
146.2276
146.31505
146.391625
146.41685
146.4291
146.486025
146.51715
146.593125
146.615225
146.6306
146.6786
146.7505
146.848825
146.853975
146.863825
146.890775
146.9256
146.963725
147.00315
147.042025
147.0735
147.134225
147.18235
147.21105
147.220075
147.296
147.318025
147.3497
147.433175
147.473675
147.481
147.59115
147.64395
147.655675
147.7082
147.7254
147.7738
147.849375
147.908225
147.9563
147.974725
148.0819
148.0998
148.1093
148.12355
148.3647
148.4132
148.41835
148.505675
148.555525
148.611925
148.71845
148.767
148.838725
148.860225
148.9636
148.980625
148.995025
149.08875
149.239375
149.26155
149.414225
149.4514
149.600275
149.6143
149.775775
150.036575
150.264925
150.42305
153.423775
154.567725
158.4479
158.736175
158.7444
161.069325
163.760525
166.478775
170.044575
170.334425
172.30955
172.49425
172.8688
172.9765
176.05215
176.384925
176.7339
178.91975
179.69555
180.154275
181.362775
181.39985
181.80415
184.266425
184.328625
184.364575
184.39455
184.4293
184.467125
184.473725
184.500725
184.521125
184.54585
184.5746
184.61385
184.644425
184.70195
184.734525
184.77735
184.794775
184.80705
184.882475
184.94765
184.9829
185.011025
185.075475
185.1254
185.157525
185.168075
185.21485
185.27225
185.30635
185.4245
185.51775
185.6356
185.731075
185.761775
185.807225
185.891875
185.957225
186.2473
186.340075
188.6495
188.66875
188.689
188.7138
188.729475
188.7439
188.753175
188.792025
188.808125
188.818525
188.829625
188.845725
188.88795
188.90055
188.923075
188.987625
189.0147
189.057625
189.081275
189.131075
189.1712
189.2132
189.2462
189.2758
189.3087
189.338875
189.348075
189.3822
189.405925
189.4466
189.48285
189.515925
189.537575
189.563425
189.5776
189.664625
189.69895
189.7483
189.78595
189.83125
189.86155
189.8935
189.9732
190.018875
190.110075
190.176525
190.276925
190.312125
190.34785
190.4306
190.469025
190.511925
190.56755
190.9789
192.4784
192.50875
192.530325
192.5397
192.558425
192.5829
192.6074
192.6374
192.64285
192.652175
192.656
192.6636
192.7188
192.7625
192.823275
192.844925
192.856125
192.876575
192.9087
192.9621
193.025075
193.05445
193.1076
193.1353
193.140625
193.17075
193.282725
193.323575
193.4116
193.417525
193.511375
193.910675
193.92155
195.976125
196.50595
198.710225
200.2907
202.492425
202.6808
202.85005
203.865325
204.447475
206.861925
207.950775
208.27765
209.458975
212.004525
218.930775
221.909725
222.075075
223.45235
224.59015
225.1239
225.896925
225.901375
226.253175
228.32585
229.565075
231.773925
232.11665
232.468475
233.2767
236.784
239.7528
240.435725
241.409425
245.201225
245.98455
