0.1104
0.1152
0.1718
0.342
0.408825
1.56385
1.705
1.977225
1.9862
2.018225
2.118525
2.6088
2.99365
3.0127
3.411925
3.4193
3.843775
3.853725
4.0011
4.185325
4.6585
5.045125
5.323275
6.257675
6.91175
7.05485
7.06905
7.9461
7.956975
8.53245
8.53635
8.705275
9.784725
9.789675
9.83945
10.311975
11.83525
12.2046
12.2134
12.222075
12.728
12.7475
13.232725
13.318975
13.93255
14.03545
14.074
14.3741
14.3892
14.61945
14.8136
15.025475
15.034225
15.086525
15.413925
16.004925
16.755075
16.764675
16.825225
18.701375
18.705825
18.99065
19.849925
19.864125
19.887075
20.07035
20.08
20.124925
20.15005
20.5583
21.0486
21.0687
21.824
21.85775
23.588375
25.38275
25.4148
26.437075
26.450525
26.50465
26.725275
26.730375
27.37265
27.709975
27.71635
27.78575
28.0978
30.197825
30.205875
30.267175
30.44585
30.494625
32.7702
33.57125
33.65675
34.71915
35.23835
35.267425
35.31995
35.71445
36.587825
37.37345
37.87135
37.965625
38.9601
38.96435
38.9746
38.98845
39.12625
40.409275
40.662475
40.675725
40.8092
41.5377
41.9296
42.983725
43.922675
44.2937
44.3037
46.669475
46.777025
47.6168
47.8617
47.867225
49.890225
49.8976
50.7803
51.656525
51.66365
52.853425
52.8632
53.87855
54.254825
54.7201
55.0103
55.0148
55.6434
57.004025
57.7394
58.0419
60.27415
60.27895
60.581975
61.1715
61.181875
61.427525
61.45725
61.781925
62.0416
62.0626
63.147
63.5237
63.52855
63.69685
64.357
64.363875
64.460825
65.604075
65.611975
65.861075
66.1645
66.6496
67.485525
67.677425
68.2131
68.420625
68.492725
68.520825
68.56295
69.07845
69.2653
69.27745
70.269575
70.452525
72.280625
72.287
73.349675
74.3099
74.31845
75.5848
75.7075
75.71385
76.04095
76.47905
76.483925
76.517025
77.09555
77.598875
77.604575
77.642875
78.25615
78.2657
78.836725
78.840625
78.85455
78.896275
78.961325
79.302475
79.3743
79.402175
79.7219
79.855875
79.862125
81.765725
81.904475
82.389975
82.9916
84.247375
84.507175
84.83775
84.848375
85.835375
87.08585
87.439875
87.533675
87.66155
88.378425
88.76335
90.41885
90.991925
91.6425
91.647325
91.6896
91.838
91.914225
92.5463
93.151375
93.319125
94.3137
94.67075
94.69315
95.069575
95.10065
95.785025
96.638825
97.46495
97.47145
97.492875
97.5468
98.10495
98.285175
98.533225
98.54855
98.7055
99.991075
100.164025
100.735
100.985
101.77365
102.122875
102.601575
102.865725
103.090575
103.138775
104.250225
104.2603
104.922525
104.985775
105.2183
105.94655
105.9861
106.00015
107.248875
107.346175
107.443175
107.91345
107.92485
108.216075
108.236725
109.22345
110.060975
110.342875
110.556475
110.917125
111.935
112.08495
112.092375
112.489125
114.3872
114.400725
114.5057
114.514425
114.772125
115.10325
115.109925
115.3019
115.316475
115.478475
116.1024
116.111
116.683
116.7345
117.03935
117.22775
118.0631
118.299025
118.30755
118.63995
119.2226
120.1377
120.147075
120.510775
121.8047
122.2102
122.265
123.71295
124.47285
124.478825
125.2114
125.6183
126.01075
126.46305
126.4707
127.4774
127.86515
128.419925
128.426325
130.972325
130.982475
131.012575
131.027325
131.29805
131.38435
131.43765
131.726975
132.152325
132.1581
132.7807
133.475225
133.5754
133.93965
134.152425
134.664125
135.0174
135.829225
136.01615
136.200775
136.75935
136.936325
137.131075
137.224075
137.481325
137.5504
138.077675
138.166625
139.0542
139.1676
139.186425
139.8017
139.979025
140.424425
140.4538
141.259375
142.79695
143.42775
143.853325
144.143975
144.69505
144.941225
145.378125
145.474775
145.47895
145.527975
145.80045
146.048025
147.3925
148.420475
148.428575
148.61875
148.920975
148.93
149.7751
149.78055
149.9892
149.999625
150.258375
150.36135
151.9376
152.023025
152.589575
152.595225
152.6284
153.0645
153.245275
154.214975
154.574425
155.207975
155.38805
156.224075
156.2381
157.589725
157.596175
158.110925
158.134325
158.285725
158.956825
162.434225
162.4413
163.0065
163.01195
163.46605
163.902025
165.03785
165.39745
166.01305
166.030975
166.51735
166.543075
168.16075
168.17535
168.949875
168.9569
169.37045
169.6505
169.656075
169.973725
170.0699
170.7161
170.795675
171.476525
172.454575
173.261625
173.5546
173.5679
174.299825
174.56145
175.5489
175.559
175.56905
175.6361
177.18165
177.7443
177.933675
178.428175
178.579025
178.5984
179.8248
179.838275
180.05585
180.068925
180.40885
180.4247
180.609275
180.855475
180.86145
181.2255
181.56405
182.14065
182.23205
182.2527
183.398125
183.819375
183.825425
184.088125
184.525
184.896775
185.1369
185.861175
185.87535
186.515725
186.756875
186.77525
186.88375
187.322925
187.474475
187.921875
188.40155
188.886925
189.091025
189.23945
189.8255
190.05105
190.574075
190.6566
191.100925
191.6904
191.82245
193.34175
193.4416
193.4498
194.10325
194.1085
194.30875
194.636825
194.863525
195.05075
195.37965
195.648125
196.07265
196.877625
197.2623
198.338325
199.7025
199.708
199.9802
199.9865
200.1808
200.189725
200.3546
200.5054
200.512225
200.886375
200.94615
201.023975
202.269525
202.29385
202.42945
202.499775
203.676125
203.690775
203.87875
205.105775
205.3454
205.5914
206.3011
206.46395
206.48565
206.640575
206.734275
208.19585
208.441375
208.45255
208.757575
209.870975
211.31045
211.31545
211.83185
211.8556
211.996375
212.6486
212.862575
213.258725
213.264275
213.3196
