12.308075
12.326575
13.925425
13.93375
14.18765
14.411575
16.101925
16.1102
17.548125
18.402725
18.41095
20.1095
20.1198
22.27515
26.720725
26.72745
28.226675
28.23555
28.24245
33.120175
34.8591
36.23145
36.239975
36.25505
38.576275
42.528025
42.538325
43.2819
45.174675
46.5956
46.598725
46.668675
46.678775
49.8035
49.812525
52.4704
52.48005
53.331525
60.89615
65.243225
67.336375
67.383225
69.2945
69.302575
69.314025
70.748125
70.755675
72.218575
73.365975
73.375975
75.55345
75.707425
79.243175
80.439225
80.59295
81.9251
83.519125
83.52925
87.198975
87.208775
93.5209
94.6507
95.343325
96.502075
96.507625
96.5279
103.973525
109.621675
109.630325
112.18615
112.194225
112.226375
116.487375
121.920975
124.435425
124.449475
129.9632
132.366625
132.375625
134.665575
134.6735
134.68425
135.95555
139.20525
139.2904
140.1509
142.358975
143.6083
146.550075
146.558975
149.162925
149.1729
156.491175
158.25405
164.594475
164.6043
164.6328
165.52915
171.145425
173.122625
177.594475
177.604475
184.557
184.5648
184.593
190.64665
190.66115
192.712825
195.643625
196.25635
197.449275
200.311975
200.3179
200.3343
202.0721
203.30685
203.324025
204.370025
205.25755
207.585625
208.84345
208.852925
209.889225
210.8612
210.891
212.0403
