7.71995
8.8771
10.85405
16.9519
17.9885
18.450575
21.583575
22.1322
23.1206
25.676
26.605375
30.07835
31.7069
34.190925
34.553925
34.5945
34.652775
36.22165
36.47265
39.796725
45.535075
49.68395
49.73625
49.79285
53.014075
53.5789
55.6167
55.63915
55.77025
57.32655
57.4693
57.575125
60.308675
61.765725
63.04605
64.3667
66.49315
68.432525
68.439925
68.78415
72.09215
76.200125
76.895275
79.926775
80.22735
81.0309
82.3359
84.217375
87.7703
87.775175
88.953575
91.2412
91.3205
91.96265
92.06625
92.32185
93.0976
96.265225
99.010775
101.553125
104.78195
107.26265
109.183075
110.1251
110.810625
112.75255
112.91935
116.7986
116.80845
118.835825
121.249125
122.8983
123.5472
126.236125
128.57655
131.054225
138.12855
138.379725
140.7988
142.871975
142.882325
143.1092
147.895375
150.893
151.81485
156.31375
157.856025
158.315275
160.2741
161.120925
171.7759
174.26795
175.388825
176.368525
181.002525
181.741625
183.137425
184.7237
185.98345
188.167475
189.8
189.80485
190.886125
193.492375
193.902475
194.131675
200.020825
200.3221
203.44835
208.260025
210.52425
