5.5474
10.686925
16.6322
18.36695
20.3602
20.8868
20.901875
21.789825
23.13585
23.6886
23.699325
28.42855
29.73825
33.19785
34.233625
41.517125
45.60105
45.6083
45.6165
45.718
46.584175
48.302575
49.795475
50.75525
52.102325
54.339875
54.34855
54.36165
54.373925
56.9647
56.972625
56.98115
56.99115
60.789325
66.088925
66.100825
66.205875
66.993025
67.001
67.009175
67.713375
70.1095
70.120075
72.06355
73.760625
74.218525
76.509375
76.5225
77.179625
77.187575
77.19905
78.881775
79.6948
81.732775
81.740025
81.7476
81.7565
84.275375
84.297925
85.346425
86.48895
88.6663
92.508975
92.51945
97.05915
100.465875
101.190175
101.197825
101.20835
101.2345
102.0321
111.9475
112.884325
114.0771
114.087075
115.18775
118.492625
118.50205
121.4062
124.8001
132.654075
134.0597
134.076025
135.129525
136.239225
137.224575
139.858675
139.867975
142.97495
143.82475
145.3118
147.245575
148.89745
149.371425
160.537725
161.68995
161.7011
161.714475
163.79345
164.9745
164.9861
166.068475
168.0572
169.028025
171.3797
171.392475
173.566475
174.4937
176.87955
177.303275
177.497425
179.94195
179.95095
182.781725
184.761725
186.64085
186.64815
187.0085
187.016725
187.0242
187.033425
190.257975
191.833725
192.611925
193.425225
197.2437
199.816875
202.5048
202.5573
205.912125
208.274225
211.562675
211.971925
212.864725
212.872875
212.884025
