1.68295
1.6896
2.1514
2.7095
5.71665
7.321425
7.332
7.65565
7.70395
7.7491
10.582175
10.591075
10.60075
11.51655
11.627875
12.470875
12.8183
12.826575
12.8408
13.33885
13.627125
13.6548
14.15275
14.675725
14.697
15.512025
16.650525
16.658525
16.701375
18.476625
18.971625
20.57905
20.5862
23.0106
23.015725
23.022825
23.437325
23.448275
23.711
23.722175
25.668525
27.716575
27.724675
27.928975
27.937225
29.6791
29.684525
29.6917
29.703225
29.973625
31.08815
31.097625
31.109225
31.193
32.398325
32.405125
33.240375
33.883325
36.904525
36.981675
37.161175
38.91085
40.70815
41.692325
42.308425
42.32855
42.342875
42.61355
42.6424
44.8094
45.9758
45.984225
46.148875
48.094425
48.10335
48.112025
51.424275
52.82835
54.55835
54.566975
55.053375
56.641675
58.366025
59.22905
59.99165
61.0025
61.0167
62.3759
62.381525
62.388125
63.6255
63.6334
63.64005
69.203725
72.826575
72.832775
77.24675
78.131775
80.126
81.021275
82.56755
82.8139
84.93785
84.956225
86.261
86.270875
87.236375
87.259575
88.344475
88.353225
88.3637
91.011725
96.18185
96.19195
97.421225
97.4277
97.43805
97.94275
97.9742
98.44405
99.236675
99.242425
99.25115
100.308275
101.1526
101.16075
101.17545
101.2006
103.702275
103.711225
104.60395
108.06055
108.068275
108.082
110.556375
110.563225
112.840725
112.85175
116.80225
116.81035
117.6788
117.692325
119.8934
119.901875
119.90845
120.53235
120.709725
120.7302
120.7558
121.74275
124.75155
124.785025
126.9908
127.001025
127.92595
128.334125
128.342875
130.8166
130.825475
130.832525
134.686375
135.7493
135.7764
138.10835
138.1169
140.417725
140.4266
142.686225
142.69515
145.494825
145.50435
146.620175
147.962275
147.973775
148.59625
149.56225
152.40715
152.414725
154.536825
154.5451
156.37605
156.78625
157.725325
159.889725
159.952775
160.026575
160.061275
161.3454
161.70355
168.143025
168.150125
168.15905
169.3562
169.365075
171.73225
171.74695
171.76545
175.910625
177.6662
180.539975
183.6143
183.6241
184.177425
188.63475
192.2853
192.293275
197.253525
197.926625
198.225375
198.235525
199.1124
199.121225
200.66465
200.671
201.49285
201.4997
201.90325
203.00015
203.020125
203.713375
205.091975
210.733475
210.750175
210.7696
212.023375
212.039375
213.130475
213.1387
