4.0569
4.80805
5.8575
7.624775
8.4001
8.40485
9.255575
11.49915
12.761625
14.333425
14.782475
15.24805
18.72305
18.8337
19.405825
19.927325
19.932575
21.656625
21.662325
23.870275
24.039
24.2799
24.28445
26.253275
27.061975
27.1298
27.51375
27.5191
27.585
28.121075
32.873675
37.4854
38.8978
39.487975
39.7407
40.12895
40.51845
41.999575
44.94415
45.0105
45.434275
46.017825
47.645725
47.6502
47.699
49.398775
49.40395
50.412
53.0309
54.15455
54.428175
55.460175
55.46555
56.888875
56.8961
59.51575
59.76485
60.17055
61.8373
61.86295
61.920025
62.9649
62.969725
63.143925
69.234775
70.87245
70.98355
71.539075
71.54565
71.92795
72.338025
72.342625
72.86605
74.981575
75.289575
75.29675
76.16255
76.188575
78.33875
81.8868
82.496975
82.5018
82.888725
87.4852
88.119625
89.0336
89.792125
90.024975
91.289675
91.58615
94.192375
94.927925
95.316975
97.670325
98.4169
99.301825
101.67885
104.932925
107.509975
109.5522
112.4177
114.39955
114.683275
116.8575
118.240125
120.1252
120.94015
126.276625
126.28215
131.94245
137.16995
138.553
138.557425
139.037825
139.224675
139.753125
139.7587
143.00955
143.6923
144.280075
145.67055
145.67555
149.06645
149.0713
152.267275
152.2752
154.4314
158.370175
159.4524
159.626575
161.48985
161.4944
162.4822
165.141275
166.687575
174.7881
176.199475
176.2049
177.3032
177.308775
179.69255
182.25565
183.419975
183.532025
183.669025
184.6474
184.810975
187.9345
189.203375
190.792625
194.305475
194.3117
196.28545
196.868475
198.1206
198.125925
198.13165
199.43705
199.451725
199.9514
200.614475
201.774925
202.214775
202.221175
202.4301
202.54815
204.280775
204.28715
204.586675
204.592025
205.5766
205.581425
207.095025
207.102425
207.82635
210.47975
211.578025
211.671675
