0.148125
0.379275
0.39205
0.406
0.422825
0.4882
0.582725
0.71515
0.792925
0.798525
0.804525
0.825925
0.983625
1.166425
1.22515
1.255575
1.353025
1.5961
1.76905
1.826025
2.031
2.4459
2.509125
2.520525
2.613325
2.731575
2.89335
3.151475
3.1965
3.296275
3.376525
3.40645
3.680625
3.88505
3.953375
4.168975
4.262625
4.3949
4.5202
4.594075
4.5952
4.608125
4.617075
4.624675
4.62935
4.6315
4.8182
4.979825
5.050525
5.074375
5.240325
5.262025
5.323375
5.352
5.607125
5.69855
5.72415
5.915075
6.058975
6.100525
6.113125
6.3982
6.67145
6.830925
6.864775
6.981325
7.0159
7.01815
7.122425
7.229575
7.62665
7.719875
7.89075
7.8982
7.97055
8.086325
8.143625
8.276675
8.40555
8.42915
8.4896
8.605375
8.66735
8.76145
8.84015
8.84145
8.866375
8.9543
9.04045
9.227875
9.275175
9.321475
9.363975
9.37295
9.392025
9.400625
9.409875
9.475825
9.6015
9.8086
9.913625
9.98435
10.129
10.506875
10.591225
10.670525
10.675375
10.753025
10.757175
10.77695
11.115825
11.4059
11.511475
11.649825
11.691
11.76815
11.856225
11.988975
12.04625
12.078275
12.264125
12.31025
12.35955
12.36765
12.6403
12.7136
12.7734
13.014
13.043575
13.0498
13.055075
13.057125
13.061625
13.070375
13.077
13.0821
13.092975
13.214125
13.305
13.372075
13.483525
13.687125
13.776725
13.859325
13.960775
14.030125
14.251775
14.341175
14.4792
14.4912
14.638225
14.837575
14.933675
15.04715
15.32675
15.3373
15.519525
15.6544
15.773475
15.88095
15.976025
16.0389
16.087725
16.248125
16.60465
16.670375
16.84
16.9586
17.012375
17.1543
17.245025
17.297925
17.327025
17.328175
17.360725
17.48405
17.58215
17.62215
17.6346
17.6887
17.6992
17.8127
18.002675
18.1172
18.16245
18.332875
18.452375
18.5382
18.792175
18.875
18.97815
19.1405
19.15655
19.296275
19.52675
19.946575
20.05215
20.3891
20.503275
20.672475
20.7519
20.80825
20.82015
20.836925
20.854125
20.87355
20.8997
20.91545
20.96635
20.971
20.98015
21.08565
21.146525
21.1593
21.1923
21.354075
21.424775
21.574775
21.735125
21.833475
22.035
22.065925
22.069
22.0931
22.319025
22.40055
22.495775
22.5008
22.55675
22.640025
22.6683
22.672975
22.702275
22.86025
23.00785
23.06785
23.169075
23.308975
23.34115
23.3947
23.564875
23.607075
23.639925
23.879325
23.89285
23.913225
24.052875
24.183
24.296525
24.416525
24.482575
24.54335
24.6168
24.64585
24.66115
24.760425
24.764375
24.770425
24.791
24.7948
24.8145
24.83865
25.024375
25.259225
25.2995
25.300475
25.340775
25.529775
25.60105
25.748475
25.874325
25.9612
26.0973
26.144025
26.231725
26.3215
26.45735
26.553225
26.629275
26.713375
26.74575
26.7622
26.7836
26.9187
26.937325
26.99645
27.172
27.366875
27.570775
27.6403
27.645875
27.6632
27.8602
27.984975
28.064025
28.150575
28.3227
28.564775
28.6188
28.70315
28.755775
28.929275
29.0569
29.179925
29.218325
29.3608
29.50735
29.615925
29.620275
29.765025
29.76705
29.8965
29.900725
29.9947
30.339625
30.415675
30.517775
30.601525
30.616175
30.63935
30.74665
30.844275
31.100425
31.2212
31.600875
31.613475
31.83215
31.9184
32.386975
32.54255
32.66905
32.79545
32.91875
33.102925
33.267875
33.356725
33.37725
33.404925
33.4561
33.536175
33.56725
33.622825
33.66005
33.6836
33.91015
34.154975
34.24415
34.328175
34.49325
34.54325
34.654325
34.693775
34.70845
34.815975
34.945
34.96775
34.98075
34.983225
34.994075
35.1849
35.2986
35.31735
35.3225
35.376
35.509525
35.55735
35.579825
35.679275
35.781825
35.8505
35.858825
36.2126
36.310375
36.600975
36.62125
36.650625
36.6641
36.672775
36.8142
36.856
36.920175
36.99045
37.072075
37.1192
37.151975
37.22815
37.29165
37.46935
37.5735
37.87115
37.896
37.924575
38.126825
38.34545
38.408725
38.43095
38.508675
38.564
38.567075
38.579775
38.59105
38.60445
38.668375
38.753875
38.77445
38.9713
39.219825
39.25195
39.260125
39.3029
39.394375
39.4443
39.487225
39.533275
39.610425
40.1285
40.14075
40.3982
40.441225
40.564075
40.7111
40.715475
40.7207
40.737175
40.763075
40.918225
40.952025
41.0515
41.134075
41.174925
41.356775
41.433
41.599
41.773525
41.898775
42.181
42.224925
42.377675
42.487825
42.491925
42.56465
42.667825
42.802275
43.005625
43.239575
43.323975
43.403825
43.574075
43.578675
43.888925
44.0271
44.11485
44.359375
44.464075
44.46875
44.524075
44.52905
44.57425
44.581925
44.5849
44.700075
44.791325
44.8294
44.83865
44.898625
44.917275
45.01125
45.39835
45.441
45.5136
45.692475
45.80115
46.00255
46.2946
46.31985
46.435575
46.4389
46.458525
46.517125
46.5648
46.600675
46.6106
46.635525
46.674775
46.730775
46.737675
46.828275
46.89215
46.929225
47.022275
47.08245
47.0863
47.1119
47.1397
47.146825
47.2507
47.420975
47.422125
47.541775
47.55635
47.579575
47.66685
47.947775
48.2625
48.357375
48.3759
48.385875
48.42175
48.611525
48.683975
49.0435
49.313975
49.42945
49.517875
49.549125
49.596125
49.737875
49.82815
50.36895
50.372575
50.40015
50.648275
50.901725
51.169725
51.227525
51.3812
51.51605
51.5341
51.55295
51.699525
51.898525
51.929725
52.036475
52.19505
52.287
52.304675
52.330475
52.383125
52.52805
52.61415
52.6211
52.6288
52.64815
52.65865
52.70005
52.854875
53.10735
53.148975
53.183375
53.2771
53.289
53.306725
53.348275
53.507225
53.64535
53.69695
53.790725
53.9069
54.09665
54.226325
54.34
54.415425
54.548875
54.726075
54.892475
55.199475
55.358825
55.4375
55.652825
55.926375
56.147725
56.23725
56.334175
56.394775
56.46435
56.674775
56.693025
56.8181
56.85745
56.88465
56.941625
57.015625
57.086425
57.2013
57.40045
57.421575
57.453125
57.4718
57.692875
57.759575
57.95335
57.97415
58.095675
58.10105
58.308325
58.343525
58.455425
58.5629
58.938025
58.9575
58.972575
58.986275
59.090475
59.246
59.3353
59.734125
59.8696
59.981575
60.15585
60.32425
60.400125
60.4096
60.413525
60.4374
60.506225
60.556325
60.572
60.72375
60.864275
60.9079
61.03095
61.23125
61.306275
61.329975
61.383625
61.8334
61.911825
62.0455
62.20915
62.315275
62.42425
62.513425
62.636625
62.682925
62.87185
62.90305
62.918825
63.1449
63.1733
63.205625
63.25095
63.3039
63.436725
63.5392
63.792925
63.8664
63.931325
63.93915
63.988825
64.091625
64.15135
64.26055
64.380225
64.414
64.585725
64.59385
64.786625
65.00275
65.0448
65.04785
65.056075
65.284175
65.44455
65.535075
65.552575
65.5854
65.675075
65.821
65.9496
66.120275
66.358725
66.3629
66.45335
66.54005
66.60035
66.649125
66.95645
66.995475
67.103975
67.21055
67.271525
67.3283
67.494825
67.56525
67.657275
67.731675
67.919525
67.969025
68.084775
68.169275
68.17435
68.190775
68.375
68.5614
68.70725
68.7268
68.7695
68.785675
68.8011
69.048725
69.27175
69.53445
69.708475
69.82525
69.82935
69.87245
69.91625
70.044
70.095925
70.2592
70.42015
70.428025
70.751175
70.9164
71.0116
71.839
71.912625
72.100225
72.2027
72.281875
72.34355
72.430475
72.519025
72.5303
72.5511
72.683025
72.733875
72.7357
72.742525
72.94275
73.0618
73.0918
73.0964
73.10515
73.119575
73.126625
73.19225
73.2602
73.271975
73.277
73.282225
73.288375
73.30095
73.3723
73.4628
73.887425
73.946975
73.98625
74.21405
74.24325
74.317675
74.891
74.996425
75.268625
75.425725
75.467025
75.47235
75.514275
75.58865
75.72915
75.787875
75.86825
76.19405
76.405275
76.572025
76.631075
76.68445
76.857975
77.007675
77.2845
77.293
77.29865
77.305325
77.668575
77.845525
77.8933
77.91605
77.979
78.077825
78.131425
78.233225
78.508425
78.5113
78.53415
78.549075
78.5781
78.61545
78.947575
79.167325
79.209775
79.259125
79.340675
79.361125
79.4005
79.414875
79.61555
79.825325
79.914525
79.95145
79.9726
80.069975
80.075575
80.184625
80.244325
80.33485
80.40565
80.5085
80.535075
80.55005
80.622725
80.67405
80.7188
80.764575
80.8171
80.8426
80.91765
80.95595
81.08335
81.3425
81.346575
81.512125
81.595725
81.681825
81.85365
82.081825
82.114575
82.225275
82.32535
82.397075
82.502675
82.534025
82.836525
82.856775
82.885125
82.9229
82.977775
82.995125
83.04765
83.102725
83.1546
83.211675
83.306325
83.358725
83.48685
83.498225
83.639225
83.7491
83.8233
83.83655
83.93315
84.0415
84.241725
84.263125
84.27475
84.33385
84.357425
84.3997
84.450325
84.611575
84.661775
84.711125
84.944425
85.000875
85.0262
85.165
85.305975
85.314
85.32675
85.403375
85.45265
85.651075
86.0227
86.171825
86.26255
86.362825
86.481625
86.5077
86.55185
86.581675
86.775625
87.12035
87.225925
87.318075
87.346825
87.374725
87.4289
87.433125
87.45155
87.5332
87.69295
87.835925
87.8968
88.1427
88.187825
88.250625
88.374525
88.408475
88.4126
88.5126
88.6427
88.65505
88.862925
89.006975
89.08285
89.205975
89.236525
89.273975
89.449625
89.6
89.60495
89.6137
89.620025
89.62605
89.641
89.67515
89.682475
89.709375
89.8108
89.84035
90.024725
90.075175
90.0798
90.092525
90.095875
90.120325
90.12795
90.156575
90.481625
90.5783
90.57925
90.58185
90.67445
90.774325
90.912975
90.9871
91.037375
91.1096
91.166925
91.3303
91.602025
91.7162
91.7268
91.730475
91.75035
91.76595
91.90665
91.970975
92.1184
92.125125
92.436875
92.522025
92.683575
93.0342
93.04435
93.2554
93.3168
93.51215
93.6488
93.86065
93.9195
93.951275
93.97795
94.056025
94.243875
94.382025
94.497125
94.736475
95.008625
95.063675
95.089075
95.1625
95.178525
95.181575
95.300375
95.328225
95.47365
95.55005
95.6787
95.9481
96.1135
96.12165
96.243
96.264725
96.314075
96.421625
96.44325
96.4562
96.588875
96.684475
96.81215
97.048275
97.197875
97.244725
97.340975
97.67515
97.707725
97.7881
97.845475
98.02785
98.26
98.43815
98.755
98.834175
99.034725
99.2258
99.474175
99.55835
99.606325
99.776925
99.979175
100.00345
100.1734
100.305575
100.3825
100.4679
100.5024
100.525
100.559175
100.6794
100.8194
101.000875
101.18945
101.299275
101.3375
101.3487
101.361075
101.465325
101.7072
101.7949
101.841075
101.904075
101.97465
102.07945
102.173875
102.2814
102.441575
102.706175
102.818525
102.93765
103.027725
103.134325
103.23225
103.24275
103.355725
103.4644
103.731125
103.8196
103.921275
104.18725
104.301575
104.3468
104.3866
104.518275
104.608875
104.707125
105.107725
105.318175
105.634975
105.7267
105.743125
105.7685
105.80385
105.830175
106.160775
106.2147
106.217475
106.220975
106.348725
106.6828
106.766625
106.9728
107.228925
107.259425
107.28715
107.2917
107.33735
107.3573
107.531625
107.5574
107.633475
107.634375
107.641925
107.653975
107.66165
107.671225
107.675125
107.677425
107.6935
107.71475
107.7506
107.866625
107.92205
107.9955
108.1168
108.316825
108.557575
108.788875
108.8056
108.9808
108.986525
108.99345
109.142875
109.249425
109.336775
109.383225
109.392975
109.42835
109.56035
109.6234
109.7179
109.795925
109.898425
110.028025
110.0742
110.091525
110.245025
110.278625
110.4148
110.583075
110.863825
110.897025
111.077825
111.09835
111.175225
111.3259
111.45365
111.51245
111.5346
111.5991
111.64195
111.6772
111.677975
111.704625
111.7674
111.905225
112.022375
112.215175
112.39535
112.400725
112.597425
112.750375
112.857375
112.9853
113.11785
113.122725
113.448225
113.46685
113.49395
113.522925
113.537825
113.551625
113.5722
113.58005
113.74395
113.74945
113.82465
114.179475
114.310275
114.42075
114.43365
114.459675
114.592775
114.7119
114.765525
114.7852
114.811025
114.82055
114.85195
114.86275
115.053125
115.08625
115.103075
115.332175
115.42055
115.59285
115.690425
115.74045
115.81265
116.131125
116.14105
116.152075
116.178925
116.22265
116.91555
117.061225
117.086675
117.234525
117.2396
117.3825
117.7811
117.953375
118.03015
118.03295
118.054025
118.6885
118.7021
118.893225
118.990075
119.0204
119.2832
119.28995
119.4371
119.747
119.938575
120.01705
120.120275
120.240925
120.355275
120.4142
120.925325
121.0487
121.2054
121.216425
121.327625
121.38925
121.523825
121.6873
121.737425
121.8337
121.88875
121.987375
122.08115
122.196475
122.229775
122.3738
122.4034
122.4094
122.44525
122.498
122.551725
122.562875
122.916425
122.95415
123.085775
123.514125
123.5948
123.60535
123.6666
123.6781
123.7516
123.883
123.90065
123.915025
124.042475
124.0481
124.0604
124.061575
124.076575
124.495525
124.69415
124.822025
124.865775
124.926
124.951425
124.96645
124.9704
124.97395
124.98175
125.119725
125.244175
125.3774
125.3943
125.40325
125.455875
125.607075
125.643125
125.710475
125.751075
125.788225
125.911425
126.220375
126.242075
126.28745
126.33075
126.3732
126.487225
126.504175
126.511025
126.6857
126.693275
126.719625
126.84705
127.200575
127.214225
127.22855
127.35715
127.400275
127.487625
127.539125
127.640125
127.714625
127.81005
127.94085
128.027925
128.189175
128.223925
128.23175
128.258775
128.2681
128.319825
128.4016
128.653675
128.7816
128.8365
128.88305
128.9444
129.008475
129.3563
129.5787
129.656
129.7683
129.86835
129.9803
130.048775
130.3258
130.3428
130.3519
130.557
130.574675
130.82265
130.99235
131.122275
131.12715
131.2638
131.3218
131.40285
131.405825
131.409125
131.453275
131.48905
131.5697
131.810275
131.88615
132.049875
132.1794
132.209125
132.32775
132.5391
132.55945
132.5762
132.6298
132.66835
132.82285
132.824725
132.901825
133.040175
133.10595
133.12345
133.44335
133.46455
133.5179
133.626425
133.7036
133.878875
133.898675
133.9576
133.9944
134.090875
134.109425
134.1116
134.194725
134.2596
134.321225
134.381725
134.60515
134.744
134.8361
134.84775
134.9249
135.09205
135.18435
135.2286
135.326375
135.506975
135.5307
135.59075
135.647175
135.68965
135.887525
135.906175
135.952675
135.96095
135.9641
135.9784
135.98325
135.997325
136.029775
136.119825
136.16905
136.29705
136.402525
136.502925
136.513625
136.6459
137.019025
137.072625
137.167425
137.181975
137.251825
137.3936
137.6995
137.824625
137.8796
137.9761
138.09805
138.3196
138.34325
138.37045
138.513125
138.57635
138.610025
138.7139
138.760575
138.84955
138.899375
138.985775
139.0689
139.121975
139.502525
139.504175
139.506175
139.517075
139.6381
139.801775
139.8033
139.816025
139.8752
139.902975
139.909325
140.09255
140.1232
140.142275
140.203625
140.269525
140.3064
140.506475
140.551375
140.61475
140.777725
141.0076
141.095675
141.269425
141.4493
141.57985
141.68055
141.772225
141.8424
141.973275
141.993
142.014725
142.061525
142.178075
142.2375
142.299875
142.523325
142.69345
142.759625
142.8162
143.410125
143.568075
143.57105
143.5955
143.601675
143.6968
143.7847
144.084025
144.2084
144.29825
144.3258
144.3792
144.68035
145.0989
145.194075
145.240675
145.308925
145.3786
145.455025
145.461675
145.7156
145.820825
145.8754
146.0773
146.11525
146.22295
146.2513
146.40595
146.4315
146.750725
146.947075
147.257325
147.37055
147.37245
147.393075
147.3949
147.411875
147.4181
147.47085
147.475975
147.5954
147.607275
147.674375
147.7186
147.722875
147.749575
147.90005
147.95765
148.164
148.338225
148.469225
148.50955
148.5631
148.62865
148.744975
148.793525
148.863175
148.9937
149.0302
149.052475
149.167375
149.252125
149.411725
149.5228
149.626025
149.7902
149.815275
150.068975
150.239425
150.286425
150.364325
150.4215
150.535425
150.712025
150.7272
150.774925
150.777
150.786775
150.792325
150.799275
150.809425
150.835775
150.927425
150.939175
151.012375
151.033
151.086
151.654275
151.6569
151.66385
151.6735
151.67595
151.68415
151.6994
151.7028
151.751
151.757575
151.97875
152.045675
152.11345
152.303025
152.38795
152.4831
152.552275
152.668375
152.73015
152.88495
152.9524
152.9864
153.022075
153.0732
153.0913
153.379225
153.587975
153.64345
153.724225
153.83825
153.9307
154.048875
154.1801
154.231075
154.43735
154.563925
154.6374
154.707025
154.828125
155.082625
155.08825
155.111
155.28545
155.383425
155.402225
155.6796
155.7493
155.8874
156.045525
156.148825
156.1996
156.20775
156.21105
156.2289
156.240175
156.2435
156.279925
156.35735
156.449525
156.516575
156.795475
156.946975
156.981675
157.03045
157.0711
157.3579
157.5192
157.6617
157.787925
158.075525
158.0866
158.160575
158.2475
158.299125
158.358125
158.418325
158.476475
158.512425
158.617775
158.6957
158.70735
158.726925
158.826
158.94215
159.033975
159.056925
159.096125
159.108625
159.2072
159.262825
159.3244
159.3342
159.415675
159.6191
159.81105
159.930025
159.94935
159.9753
160.030625
160.11825
160.222525
160.327875
160.385825
160.457825
160.534275
160.703075
160.84935
160.947
160.9496
160.957075
160.96585
160.97
160.977825
160.994925
161.028425
161.1808
161.366025
161.444275
161.598875
161.621575
161.7196
161.733025
161.82835
161.94085
161.961625
162.042325
162.114325
162.1393
162.302825
162.3889
162.546275
162.657175
162.759675
162.813175
162.878025
162.921175
162.92685
163.16275
163.37955
163.511475
163.556575
163.735575
164.08505
164.201325
164.304725
164.388025
164.4543
164.560975
164.6628
164.667775
164.72985
164.7342
164.77505
164.8768
164.90425
164.958475
165.0792
165.24885
165.52345
165.6704
165.747625
165.77135
165.779775
165.8579
165.98405
166.1005
166.12105
166.139775
166.383225
166.592225
166.68725
166.782475
166.94845
167.23605
167.361225
167.48565
167.578225
167.623675
168.003625
168.0305
168.06125
168.29285
168.369425
168.405
168.55045
168.581125
168.899625
168.961875
169.114675
169.326175
169.44035
169.629825
169.719825
169.8645
170.015625
170.1205
170.14405
170.222825
170.51995
170.72955
170.818025
170.939675
170.98865
171.059675
171.1812
171.368625
171.520125
171.6835
171.842875
171.998025
172.0617
172.164575
172.305675
172.404125
172.504825
172.510525
172.516825
172.550875
172.636
172.696975
172.717775
172.726425
172.74145
172.7957
172.8894
173.116375
173.170175
173.183425
173.1996
173.30095
173.522
173.6156
173.70025
173.819425
173.95465
174.077625
174.08245
174.101425
174.23145
174.487775
174.76705
175.124275
175.220275
175.34225
175.456225
175.545975
175.673
175.7821
175.859825
175.883525
175.90195
175.993975
175.99455
176.060375
176.14015
176.160925
176.204275
176.339975
176.436875
176.44625
176.4674
176.483675
176.722825
176.7938
177.025275
177.189325
177.346575
177.350275
177.358375
177.382475
177.389375
177.476825
177.526325
177.62975
177.7129
177.9314
177.967275
178.0276
178.117425
178.23995
178.334
178.383725
178.416275
178.433175
178.444275
178.590525
179.087725
179.1867
179.237975
179.4194
179.522475
179.708575
179.82175
179.863775
179.8863
179.90985
179.9578
180.3372
180.373575
180.6744
180.677
180.682175
180.7136
180.718925
180.774125
180.896675
181.00975
181.0959
181.218075
181.2352
181.3972
181.607
181.748925
181.860475
181.983925
182.099625
182.274225
182.390625
182.401075
182.427175
182.5698
182.75545
182.820975
182.8591
183.35255
183.454
183.600625
183.68415
183.771625
183.903525
184.11505
184.131625
184.134975
184.141225
184.157025
184.16595
184.167025
184.17655
184.201525
184.282925
184.475325
184.678925
184.8403
184.937225
185.0683
185.200675
185.35375
185.774125
185.845575
186.0145
186.019025
186.030825
186.281325
186.468325
186.6219
186.63545
186.647675
186.675375
186.7095
186.7828
186.90725
187.069775
187.2077
187.302425
187.393275
187.518175
187.525025
187.59715
187.662175
187.68815
187.762025
187.89625
188.078575
188.153075
188.2884
188.41905
188.680725
188.859175
188.959375
189.0656
189.2758
189.284225
189.548575
189.67275
189.755325
189.920625
190.02485
190.1376
190.1566
190.16395
190.185175
190.53115
190.57665
190.615025
190.73555
190.950225
191.1292
191.134375
191.226775
191.239775
191.269225
191.330975
191.35165
191.3891
191.49395
191.677725
191.6804
191.748625
191.923725
191.93545
192.197075
192.24665
192.315275
192.3438
192.3869
192.848375
192.940125
193.126825
193.2732
193.3417
193.347225
193.349
193.35835
193.365775
193.374025
193.383025
193.4552
193.62365
193.71915
193.873975
194.0312
194.190425
194.534175
194.7071
194.7766
194.904
194.98195
195.06765
195.202375
195.302075
195.334925
195.363425
195.638175
195.96825
196.008875
196.0697
196.09565
196.362075
196.545125
196.7606
196.8085
196.83065
196.840075
196.856425
196.8607
196.8709
196.908325
197.047475
197.07
197.077225
197.084675
197.1071
197.11245
197.131175
197.1739
197.345675
197.5812
197.5843
197.5974
197.675575
197.837
198.0317
198.16225
198.234925
198.3272
198.37835
198.385075
198.4081
198.4181
198.51285
198.53325
198.564225
198.6404
198.6748
198.738125
198.8466
199.015625
199.06095
199.080575
199.146275
199.216825
199.331425
199.332325
199.335925
199.35435
199.51705
199.518725
199.544625
199.552975
199.5739
199.845025
199.929625
199.933125
200.009675
200.027375
200.22045
200.4695
200.5899
200.592875
200.654475
200.7305
200.880625
201.038925
201.082
201.160675
201.195325
201.373425
201.392925
201.535575
201.621875
201.658275
201.7711
201.859775
202.00045
202.0683
202.623225
202.739225
202.915825
202.9943
203.052925
203.145475
203.254575
203.4432
203.513175
203.53865
203.570225
204.00675
204.010925
204.08935
204.26555
204.300175
204.5185
204.60855
204.7149
204.90305
205.0949
205.201975
205.29465
205.358225
205.361
205.413425
205.472325
205.5827
205.644775
205.8406
205.890875
206.036925
206.0785
206.10865
206.28055
206.433125
206.58895
206.680575
206.7574
206.991775
207.0314
207.23145
207.333775
207.4786
207.511775
207.574125
207.65775
207.8719
207.9243
208.025575
208.04645
208.167125
208.237775
208.30835
208.497375
208.628625
208.633275
208.74205
208.841475
208.9118
209.04555
209.1527
209.2954
209.4028
209.51265
209.63435
209.722325
209.806825
209.8499
209.863525
209.878375
209.89905
209.909075
209.9279
209.9471
209.986175
210.04155
210.070975
210.084975
210.14585
210.217375
210.3142
210.50035
210.61695
210.700325
210.79045
210.919525
210.925875
210.93585
210.936975
210.94465
210.95385
210.96525
211.1512
211.26745
211.27365
211.29925
211.30405
211.320375
211.365025
211.42935
211.4549
211.4936
211.611525
211.701125
211.879825
212.013825
212.1034
212.13795
212.165925
212.190125
212.22025
212.413175
212.871125
212.99155
213.02235
213.143225
213.5161
