7.8654
30.12385
33.114275
33.514575
44.869225
44.90925
46.631125
46.64395
46.660775
46.667275
46.675225
46.688125
46.69905
59.181325
59.187175
59.1911
59.1955
59.200175
59.204
59.208325
59.212525
59.217475
67.508825
68.43615
68.449575
68.455075
68.4595
68.461025
68.4649
68.469625
68.474975
68.481925
80.011
96.8296
107.43735
107.4462
107.4512
107.45835
107.4632
107.4677
107.473075
107.48
110.851775
110.858775
110.8683
110.8768
110.882275
110.888
110.893425
110.901375
115.7227
115.7344
115.738975
115.74535
115.75035
115.75535
115.75975
115.764925
115.77455
127.672275
138.58645
138.591425
138.595325
138.60125
138.605875
138.610325
138.614975
138.6278
152.037125
152.976675
152.985825
152.990975
152.996
153.000875
153.00575
153.010775
153.022175
158.982775
161.96125
195.263
203.29745
203.3076
203.318675
203.326675
203.333475
203.338725
203.344325
203.35135
207.598075
