0.0663
0.1346
0.140375
0.15025
0.157
0.20845
0.364875
0.38005
0.45265
0.497075
0.522875
0.562025
0.61625
0.650375
0.6741
0.75985
0.933525
1.017425
1.139625
1.1953
1.2258
1.262
1.2963
1.3875
1.4874
2.1438
2.161275
2.192125
2.221925
2.2255
2.241125
2.24985
2.2935
2.386975
2.45185
2.525125
2.5727
2.810675
2.93255
2.962625
3.036425
3.062625
3.179325
3.284375
3.325775
3.363225
3.399575
3.404075
3.5502
3.5897
3.687875
3.71675
3.7993
3.903175
3.978675
4.0694
4.110375
4.14795
4.17585
4.33045
4.366975
4.426475
4.452175
4.468475
4.5245
4.561175
4.573725
4.58635
4.6233
4.712275
4.747275
4.831975
4.903625
4.93795
4.974075
5.00045
5.118375
5.15135
5.177425
5.205825
5.318625
5.41355
5.4594
5.52715
5.568875
5.610025
5.67665
5.709625
5.81245
5.848775
5.8632
5.873275
5.919225
5.947375
5.96355
6.00855
6.0162
6.024775
6.037825
6.0614
6.078175
6.0987
6.107325
6.149325
6.21525
6.221475
6.22835
6.2368
6.343575
6.40235
6.536275
6.61685
6.68745
6.757375
6.788925
6.857525
6.9062
6.912125
6.919875
6.935275
6.937525
6.949875
6.95525
6.962125
6.967825
6.97095
6.9925
7.00335
7.0071
7.0243
7.076225
7.07855
7.170775
7.211375
7.269875
7.3371
7.38
7.399775
7.468225
7.5113
7.574325
7.601675
7.63215
7.65345
7.660625
7.76795
7.814625
7.823725
7.843575
7.876275
7.908875
7.944575
7.953225
7.967775
8.00325
8.0316
8.088375
8.1098
8.1376
8.163875
8.1882
8.223375
8.2388
8.277325
8.29995
8.338225
8.359675
8.378275
8.4053
8.449125
8.5369
8.61745
8.626725
8.6347
8.68105
8.70475
8.717
8.786525
8.863675
8.910675
8.9883
9.01415
9.041375
9.081925
9.11425
9.16285
9.1719
9.185225
9.192075
9.242525
9.26525
9.369575
9.38105
9.525475
9.55545
9.62495
9.681875
9.702575
9.753125
9.778
9.802075
9.8492
9.916675
9.976625
10.013625
10.0672
10.144825
10.193325
10.238875
10.410925
10.48655
10.52055
10.5279
10.540975
10.568325
10.572475
10.58435
10.60335
10.618775
10.6491
10.662225
10.701675
10.72355
10.736975
10.76445
10.80805
10.888575
10.947625
11.04525
11.2177
11.275625
11.3015
11.31085
11.3315
11.3631
11.4059
11.464525
11.534875
11.6125
11.664375
11.69605
11.726175
11.740075
11.851825
11.936425
11.97615
12.0461
12.08645
12.149075
12.287025
12.320475
12.338225
12.37275
12.38745
12.392925
12.41895
12.43085
12.4554
12.502975
12.565425
12.6439
12.68915
12.750975
12.7818
12.815375
12.835825
12.85605
12.9144
12.9491
12.958325
13.003625
13.04435
13.065975
13.077875
13.088925
13.1159
13.180325
13.2152
13.28965
13.3268
13.34235
13.3714
13.44825
13.520425
13.557325
13.60535
13.7493
13.807075
13.85185
13.906925
13.9797
14.079675
14.113975
14.1681
14.20485
14.28195
14.3008
14.3781
14.40525
14.432075
14.461425
14.51545
14.553425
14.660575
14.788375
14.8359
14.859725
14.922025
14.952125
14.981875
15.037875
15.06155
15.12715
15.199025
15.288825
15.327375
15.37085
15.387875
15.40235
15.447525
15.449775
15.49745
15.518675
15.524125
15.5506
15.5662
15.571475
15.6004
15.611225
15.63525
15.655075
15.692425
15.7361
15.77485
15.803275
15.863075
15.9291
16.03585
16.109675
16.187275
16.263875
16.384025
16.41125
16.448925
16.454825
16.490025
16.5263
16.557875
16.6269
16.64335
16.68115
16.69635
16.7434
16.82785
16.873475
16.903625
17.01015
17.031275
17.0967
17.166875
17.201425
17.21165
17.2715
17.2944
17.34675
17.365575
17.38845
17.42675
17.471575
17.5138
17.5457
17.580875
17.620625
17.63
17.6956
17.749175
17.834475
17.89395
17.96265
17.986925
18.03
18.035
18.12725
18.180575
18.24655
18.2828
18.306425
18.3532
18.380725
18.3876
18.404
18.419225
18.4357
18.470975
18.497425
18.5296
18.595925
18.720925
18.998175
19.0212
19.0256
19.11965
19.1405
19.162775
19.175325
19.18635
19.223075
19.244325
19.293725
19.32735
19.352925
19.36955
19.375075
19.3933
19.4078
19.540225
19.73845
19.792225
19.8805
20.01925
20.0421
20.096825
20.109125
20.116
20.1342
20.14135
20.169475
20.2305
20.269
20.30845
20.344575
20.400825
20.472875
20.4984
20.5511
20.57625
20.689325
20.75185
20.850775
21.002625
21.03845
21.128275
21.2146
21.29455
21.3382
21.39145
21.519325
21.539475
21.582725
21.59805
21.677775
21.729675
21.831275
21.9046
21.93305
22.0254
22.038225
22.153475
22.2209
22.3133
22.503475
22.542125
22.57275
22.620925
22.65505
22.660575
22.711
22.729575
22.762575
22.7826
22.829825
22.96695
23.02705
23.07025
23.091475
23.102725
23.112075
23.193375
23.23745
23.296475
23.309875
23.384975
23.515
23.708225
23.76515
23.81555
23.8352
23.887575
23.9454
24.11125
24.2068
24.336425
24.490125
24.52025
24.53695
24.55085
24.55905
24.5794
24.590625
24.61645
24.653475
24.668175
24.7056
24.73545
24.7797
24.7874
24.791675
24.870375
24.902475
24.985275
24.996625
25.0197
25.06065
25.093575
25.1591
25.20175
25.240775
25.301875
25.414325
25.484925
25.57085
25.7823
25.813575
25.84735
25.880925
25.94465
26.0108
26.04435
26.073
26.149275
26.1643
26.18865
26.22375
26.266525
26.3081
26.38065
26.38805
26.47725
26.619875
26.698025
26.768575
26.796125
26.91825
26.979775
27.032175
27.07735
27.10065
27.1527
27.2402
27.3718
27.431325
27.50945
27.5194
27.593
27.6666
27.705725
27.8361
28.065875
28.092675
28.1086
28.15345
28.16975
28.17325
28.1869
28.20075
28.22545
28.26455
28.369675
28.464525
28.492275
28.533875
28.568425
28.641775
28.7359
28.868475
28.903375
28.945
29.005825
29.14725
29.245925
29.252125
29.26905
29.290575
29.299325
29.315225
29.338125
29.38855
29.439675
29.46785
29.498875
29.5551
29.58065
29.713125
29.7426
29.7892
29.86185
29.911925
29.93505
29.978325
30.036125
30.09215
30.118075
30.160475
30.399275
30.505175
30.570375
30.62825
30.697175
30.765125
30.790425
30.839775
30.886475
30.9361
30.9451
30.9594
30.982875
30.9921
31.0428
31.12305
31.1655
31.254125
31.311125
31.333275
31.342325
31.35795
31.3944
31.40515
31.41095
31.43785
31.442275
31.462075
31.494225
31.5107
31.5279
31.536
31.562325
31.571625
31.578575
31.644825
31.67145
31.690575
31.731225
31.767125
31.8144
31.830625
31.91875
31.943225
31.986275
32.03195
32.087125
32.17105
32.2497
32.2955
32.369575
32.448075
32.5261
32.5714
32.659575
32.728725
32.7731
32.778975
32.8081
32.8805
33.013625
33.043075
33.08705
33.144175
33.2721
33.2971
33.3277
33.368175
33.430875
33.49205
33.674325
33.7643
33.9095
34.07095
34.164575
34.1951
34.21475
34.246175
34.279
34.325825
34.370475
34.509
34.609525
34.710625
34.796925
34.87885
34.9424
34.97345
35.0475
35.0718
35.08955
35.09715
35.143075
35.174375
35.2716
35.407525
35.587175
35.622025
35.7236
35.77775
35.796475
35.82155
35.883475
35.90245
35.92585
35.974975
36.039125
36.209225
36.255675
36.36935
36.593725
36.783375
36.83665
36.863725
36.876075
36.8899
36.90385
36.9357
36.974575
36.983
36.98935
37.01065
37.05325
37.557225
37.598625
37.692225
37.77295
37.793375
37.824775
37.858325
37.886
37.920775
37.96165
38.020075
38.0514
38.076675
38.2012
38.320225
38.3741
38.417225
38.448975
38.48255
38.508575
38.5227
38.552175
38.5748
38.62865
38.780675
38.8319
38.9483
39.081
39.167975
39.1936
39.26275
39.28345
39.36545
39.37355
39.475875
39.59345
39.647075
39.69285
39.713675
39.751875
39.79555
39.847975
39.919725
39.9859
40.031525
40.1011
40.15285
40.213625
40.23185
40.275525
40.286125
40.295625
40.340475
40.36345
40.380275
40.392875
40.3982
40.4333
40.485025
40.50785
40.53445
40.552925
40.6441
40.70495
40.78525
40.85175
40.895075
40.94915
41.0239
41.09695
41.160725
41.208875
41.276425
41.290225
41.3236
41.44695
41.50785
41.630875
41.762075
41.89565
41.9483
42.017825
42.05495
42.147
42.19925
42.264275
42.3382
42.38425
42.409125
42.451125
42.517525
42.591525
42.7328
42.758675
42.788425
42.819475
42.8789
42.94905
43.111275
43.26305
43.303375
43.314225
43.3228
43.365125
43.3869
43.403975
43.5253
43.561625
43.5937
43.616125
43.656875
43.7561
43.828925
43.8778
43.91825
44.109975
44.1641
44.256025
44.359075
44.441075
44.48525
44.492975
44.573125
44.62705
44.63615
44.679775
44.71975
44.775
44.876325
44.96115
45.076025
45.113925
45.117275
45.123
45.18765
45.2514
45.329525
45.410425
45.48375
45.5264
45.537025
45.606625
45.6225
45.6473
45.65415
45.670075
45.701725
45.7341
45.7611
45.860775
46.14975
46.448725
46.45415
46.506025
46.51025
46.53405
46.586125
46.6676
46.7288
47.016375
47.129475
47.17055
47.2101
47.25505
47.256975
47.2865
47.29585
47.331175
47.411925
47.469775
47.476375
47.56125
47.705875
47.774425
47.83895
47.88335
47.920625
48.076975
48.210025
48.234775
48.265675
48.2725
48.2819
48.328
48.355025
48.44375
48.458675
48.4759
48.4901
48.5384
48.603575
48.6162
48.63835
48.6718
48.72755
48.883075
48.94625
49.021425
49.158975
49.2506
49.301825
49.34655
49.360175
49.376575
49.39185
49.413475
49.42665
49.43595
49.446625
49.4599
49.4677
49.4909
49.49585
49.520825
49.5289
49.561125
49.60155
49.6164
49.661775
49.7551
49.77145
49.867775
49.906775
49.9462
50.0511
50.1456
50.1923
50.213725
50.2243
50.3036
50.374975
50.38415
50.39555
50.40065
50.439675
50.44845
50.4578
50.490175
50.5128
50.5446
50.65785
50.713825
50.742275
50.8408
50.903925
50.922825
50.9747
51.062375
51.0976
51.116975
51.137575
51.14045
51.171975
51.178675
51.21215
51.237675
51.247725
51.28945
51.31375
51.34575
51.4035
51.440625
51.496175
51.681475
51.73395
51.808325
51.892425
51.9478
51.981275
52.02085
52.086925
52.115925
52.16955
52.236975
52.29275
52.34755
52.396625
52.4334
52.47195
52.575325
52.585475
52.61655
52.663175
52.752625
52.825975
52.83495
52.87835
52.965975
52.9918
53.0593
53.143675
53.29455
53.55835
53.61855
53.65665
53.73865
53.771025
53.84715
53.89645
53.959125
54.065525
54.114625
54.172375
54.309675
54.402575
54.516975
54.624275
54.652575
54.66655
54.7494
54.790325
54.8045
54.854075
55.008575
55.052175
55.1089
55.1484
55.284875
55.302225
55.345125
55.350025
55.3584
55.37615
55.399125
55.4596
55.500025
55.57705
55.609325
55.641175
55.7182
55.875975
55.93125
56.121375
56.141475
56.146825
56.19235
56.203775
56.21235
56.302875
56.3851
56.45005
56.5013
56.5658
56.605725
56.69415
56.9789
57.213925
57.30135
57.478475
57.533075
57.74545
57.813
57.894575
58.232225
58.314675
58.455125
58.5779
58.653425
58.794025
58.799475
58.8194
58.929025
59.077425
59.156625
59.2223
59.2445
59.25485
59.259325
59.266825
59.2954
59.3204
59.3417
59.431975
59.445875
59.46475
59.50095
59.61995
59.64065
59.71525
59.77145
59.960675
59.990525
60.0712
60.167325
60.271975
60.311125
60.4231
60.511025
60.578525
60.62275
60.669
60.732075
60.827325
60.8903
60.9964
61.186125
61.206375
61.227075
61.250975
61.27515
61.294325
61.374025
61.499225
61.5853
61.68065
61.712375
61.774075
61.81355
61.912275
61.945725
62.0355
62.18245
62.253525
62.43645
62.484325
62.498175
62.57665
62.68355
62.70495
62.834675
62.877225
62.966
63.12325
63.215875
63.2936
63.349575
63.363125
63.4208
63.4696
63.4778
63.52655
63.567875
63.65475
63.7123
63.72025
63.7322
63.745675
63.9941
64.2855
64.38355
64.504475
64.60705
64.632675
64.6816
64.7347
64.738525
64.748625
64.839425
65.007425
65.169875
65.209775
65.40245
65.475075
65.510025
65.516725
65.531875
65.549625
65.5555
65.560975
65.58925
65.618025
65.673975
65.683025
65.76525
65.789925
65.865175
65.900925
65.9161
65.942325
65.97435
66.034575
66.11885
66.191325
66.22515
66.263675
66.27845
66.283325
66.332775
66.352325
66.409375
66.428875
66.464825
66.530225
66.551575
66.578375
66.6048
66.6651
66.70365
66.7867
66.84185
66.860925
66.888875
66.905725
66.924925
66.98355
67.078875
67.1259
67.187375
67.42705
67.48145
67.5135
67.579975
67.602125
67.709575
67.74995
67.860275
67.89735
67.971675
68.03605
68.12625
68.1423
68.171675
68.203425
68.288475
68.35065
68.49305
68.601375
68.69965
68.732625
68.843675
68.9226
68.98635
69.071325
69.09565
69.133925
69.20555
69.250175
69.307525
69.341875
69.396775
69.5028
69.71305
69.885425
69.9393
69.97335
69.990175
70.0309
70.129425
70.175375
70.25215
70.269575
70.30165
70.452975
70.522425
70.614125
70.727775
70.797375
70.85595
71.069225
71.1033
71.122775
71.13975
71.2044
71.24255
71.790175
71.859525
71.885175
71.90945
71.9317
71.95725
72.01415
72.020375
72.07975
72.14145
72.242375
72.422775
72.694375
72.752525
72.88355
72.9376
72.972
73.012875
73.052025
73.18805
73.32515
73.584025
73.774075
73.8311
73.870975
73.893
73.981325
74.047925
74.1519
74.375175
74.464925
74.5361
74.58705
74.616625
74.629575
74.656675
74.72335
74.837375
74.891825
75.071625
75.1926
75.251275
75.301525
75.426875
75.469525
75.558025
75.5777
75.86975
76.08245
76.12135
76.17705
76.199325
76.22085
76.23255
76.2745
76.3016
76.3254
76.3567
76.408775
76.468625
76.526425
76.63715
76.749675
76.805775
77.0606
77.09655
77.1353
77.312775
77.383125
77.413275
77.4297
77.461675
77.5234
77.60945
77.61685
77.689575
77.742825
77.820475
77.8888
77.96315
78.058675
78.068425
78.073
78.0791
78.13135
78.152625
78.185225
78.2229
78.252325
78.268725
78.293725
78.3267
78.361625
78.41365
78.426425
78.44285
78.50505
78.557675
78.60255
78.631975
78.69155
78.805725
78.90335
79.0089
79.091975
79.25295
79.385675
79.429925
79.447925
79.4632
79.5048
79.563125
79.576575
79.6097
79.62525
79.6437
79.670075
79.68755
79.9471
80.018525
80.056375
80.148125
80.2004
80.235025
80.261975
80.359675
80.3814
80.401975
80.4515
80.5076
80.520775
80.5452
80.59285
80.640225
80.67775
80.728175
80.7947
80.925425
81.0101
81.08965
81.21025
81.2857
81.490075
81.52055
81.530525
81.54885
81.572325
81.59755
81.790425
81.86705
81.929125
82.02755
82.1132
82.170125
82.182425
82.26915
82.3248
82.384525
82.4323
82.517625
82.537325
82.577675
82.678125
82.887925
82.954725
83.117
83.137675
83.24925
83.27025
83.322825
83.38965
83.45015
83.5269
83.578725
83.68925
83.76665
83.83045
83.885
83.94395
83.990525
84.01265
84.070275
84.2119
84.275
84.299125
84.330375
84.3554
84.368425
84.420525
84.533425
84.650225
84.7683
84.861325
84.925675
84.953
85.027075
85.157975
85.1781
85.1838
85.2108
85.233525
85.246725
85.264375
85.281125
85.287625
85.2995
85.307825
85.33645
85.36915
85.422625
85.516825
85.5544
85.589
85.623825
85.66285
85.77945
85.818325
85.8878
85.952475
85.9716
86.023175
86.05125
86.093775
86.099625
86.1211
86.1268
86.188875
86.26665
86.285575
86.3696
86.440775
86.506425
86.561725
86.5998
86.6068
86.65105
86.706025
86.890575
86.937275
86.9782
86.9905
86.99495
87.1105
87.145225
87.19
87.2489
87.3547
87.441275
87.513825
87.57755
87.609825
87.622425
87.653575
87.8448
88.07965
88.1596
88.390525
88.414875
88.442625
88.5841
88.64505
88.666925
88.7299
88.928925
88.998975
89.05435
89.243525
89.339375
89.36705
89.385525
89.403625
89.405475
89.410875
89.42025
89.467675
89.496025
89.531325
89.578825
89.63725
89.68335
89.743025
89.798925
89.828425
89.88895
89.97005
90.02465
90.114275
90.19085
90.27815
90.322075
90.366275
90.408175
90.446125
90.49685
90.5475
90.567275
90.64945
90.670225
90.746675
90.811775
90.85555
90.905975
90.9232
90.9673
91.039325
91.063925
91.19655
91.229075
91.3254
91.534225
91.564625
91.591175
91.63745
91.704
91.761675
91.8355
91.9659
91.977425
92.0255
92.02655
92.0822
92.1283
92.15165
92.194475
92.25195
92.280875
92.3079
92.3251
92.343275
92.375225
92.3975
92.4174
92.4719
92.477975
92.559525
92.7419
92.818625
92.895275
92.9305
93.039825
93.1494
93.176925
93.203325
93.25925
93.332825
93.34
93.487675
93.516425
93.6425
93.643675
93.679075
93.74015
93.913325
93.95055
94.069275
94.09985
94.1769
94.2085
94.274575
94.3495
94.373425
94.39255
94.421675
94.47455
94.49635
94.573575
94.62375
94.69565
94.767125
94.7908
94.818575
94.843
94.8528
94.873425
94.887175
94.9219
94.98335
95.005075
95.0322
95.065125
95.1134
95.132825
95.16885
95.198625
95.251625
95.302475
95.325825
95.387
95.4896
95.568275
95.603225
95.6322
95.6951
95.740975
95.759075
95.77905
95.79605
95.843225
95.883625
95.94685
95.991325
96.034825
96.10565
96.1179
96.125425
96.207325
96.22375
96.2806
96.370675
96.461325
96.509825
96.589625
96.6544
96.734875
96.76245
96.80655
96.8567
96.892975
96.92545
96.956025
96.988275
97.010575
97.036575
97.05945
97.123525
97.158325
97.187975
97.23455
97.31805
97.384475
97.423675
97.467925
97.555675
97.6375
97.71615
97.8984
97.966325
98.020075
98.04585
98.096325
98.2423
98.3447
98.394125
98.479725
98.521025
98.54245
98.585425
98.620825
98.64115
98.66055
98.739925
98.780575
98.805925
98.938875
99.03905
99.181625
99.3176
99.36085
99.386175
99.409925
99.433875
99.460525
99.662875
99.727925
99.7794
99.852525
100.039675
100.07545
100.101425
100.1452
100.207075
100.2542
100.325675
100.43045
100.513225
100.600125
100.67765
100.6881
100.8086
100.956525
100.989475
101.046725
101.1828
101.22695
101.27185
101.3034
101.344375
101.379725
101.42615
101.460725
101.516675
101.538025
101.67055
101.82965
101.98125
102.1296
102.546825
102.5709
102.58405
102.634125
102.7056
102.73945
102.7503
102.84875
102.978475
103.038275
103.113775
103.165125
103.2358
103.257175
103.286825
103.31565
103.541
103.58295
103.67825
103.7451
103.861625
103.924275
103.973425
104.048825
104.0768
104.106425
104.15185
104.188825
104.2715
104.400125
104.441
104.448125
104.48895
104.63615
104.727125
104.7682
104.907225
105.069475
105.109425
105.1479
105.1857
105.1932
105.2354
105.2741
105.30415
105.318575
105.397625
105.474275
105.549625
105.61755
105.643025
105.69305
105.787825
105.843825
105.85605
105.903225
105.913075
105.951175
105.976075
105.994175
106.03415
106.047225
106.0694
106.1309
106.17605
106.2904
106.428
106.4889
106.6558
106.715425
106.917225
106.971125
107.000075
107.0743
107.108125
107.15525
107.209525
107.284875
107.300425
107.351875
107.445675
107.4621
107.55455
107.581025
107.6739
107.77415
107.80515
107.849175
107.85665
107.86585
107.895
107.92405
107.948475
107.96355
107.97665
108.01325
108.0236
108.05955
108.180875
108.264225
108.298475
108.311525
108.35045
108.420175
108.511375
108.5634
108.62085
108.642925
108.6782
108.723175
108.81785
108.8954
108.951975
109.16285
109.168425
109.1973
109.2044
109.245875
109.26495
109.2889
109.3245
109.3755
109.417575
109.425875
109.436725
109.4805
109.507175
109.5577
109.6187
109.741925
109.876925
110.008525
110.054525
110.099525
110.21025
110.369425
110.41035
110.527375
110.5701
110.681
110.7908
111.1706
111.2093
111.24685
111.254075
111.282375
111.291125
111.323625
111.382875
111.409325
111.452425
111.4933
111.554025
111.568375
111.6047
111.619775
111.64045
111.664725
111.679775
111.72985
111.847075
111.8944
111.984675
112.06965
112.09715
112.165875
112.181375
112.198875
112.223325
112.235775
112.2886
112.301875
112.320275
112.3368
112.358025
112.3823
112.428125
112.5725
112.6433
112.67285
112.8293
112.989
113.017925
113.1104
113.135925
113.156275
113.2152
113.30305
113.48735
113.6332
113.6568
113.691
113.83235
114.07235
114.11045
114.13935
114.16205
114.228825
114.253425
114.323575
114.339475
114.6109
114.6762
114.80015
114.910525
114.9842
115.146675
115.307825
115.33615
115.338625
115.348075
115.378275
115.447825
115.49645
115.561275
115.63135
115.815
115.84395
115.926575
115.93275
115.9678
116.0058
116.049125
116.101225
116.194975
116.24465
116.43075
116.49055
116.5609
116.623525
116.799575
116.976825
117.1083
117.132325
117.171175
117.21515
117.25345
117.29905
117.300125
117.356375
117.377325
117.41065
117.4928
117.601525
117.699925
117.8764
117.93035
118.050975
118.2252
118.4507
118.4912
118.5287
118.537225
118.5718
118.6579
118.67895
118.7412
118.77255
118.795275
118.9021
118.928375
118.9502
118.9812
118.996375
119.221125
119.286725
119.66925
119.726275
119.7686
119.789075
119.800175
119.805325
119.8246
119.882075
119.9123
119.99635
120.12315
120.313625
120.53355
120.5448
120.654425
120.717275
120.757825
120.8335
120.85195
120.89375
120.9658
121.030175
121.097275
121.13125
121.151025
121.185725
121.198775
121.220225
121.4572
121.535275
121.67625
121.681975
121.708425
121.729875
121.823475
121.899975
122.03985
122.189825
122.26755
122.3682
122.449275
122.486975
122.511325
122.525225
122.5286
122.557075
122.6407
122.729775
122.7862
122.852175
122.881375
123.01475
123.115925
123.26015
123.36315
123.433675
123.487325
123.5481
123.5674
123.602125
123.71315
123.8316
123.937775
123.97095
124.03155
124.182125
124.235625
124.268875
124.29215
124.2979
124.335525
124.4335
124.463625
124.568975
124.6222
124.841525
124.913625
125.097775
125.163725
125.1917
125.204025
125.223625
125.2562
125.26035
125.295275
125.321075
125.34835
125.390975
125.408475
125.457675
125.47035
125.525925
125.5886
125.641925
125.698675
125.727275
125.762325
125.788925
125.8264
125.87535
125.94965
126.02735
126.069675
126.084575
126.098825
126.128525
126.247075
126.29235
126.347025
126.3604
126.3978
126.43945
126.47205
126.500575
126.5362
126.5438
126.57505
126.615
126.720925
126.814275
126.92685
127.003275
127.028075
127.0661
127.10945
127.127325
127.157475
127.19075
127.22285
127.24635
127.28875
127.3315
127.35525
127.42885
127.52725
127.56465
127.73415
127.7997
127.8609
127.969725
128.0597
128.231425
128.286075
128.318975
128.36785
128.4274
128.48275
128.5155
128.55405
128.61375
128.666175
128.77905
128.808825
128.8199
128.856375
128.87995
128.98795
129.056825
129.2257
129.29245
129.3877
129.552425
129.6399
129.82555
129.926225
129.93265
129.974325
129.9885
130.0043
130.0263
130.044125
130.048675
130.075625
130.1171
130.123375
130.148625
130.1641
130.1989
130.2067
130.24345
130.262575
130.31465
130.333825
130.4011
130.482825
130.543675
130.563325
130.6745
130.6971
130.743375
130.772425
130.8549
130.942625
130.9797
131.0286
131.059925
131.100925
131.115175
131.153775
131.17355
131.22065
131.2546
131.272325
131.33045
131.381325
131.435575
131.540425
131.5807
131.60045
131.635275
131.706225
131.748625
131.845875
131.865
131.8845
131.940225
132.012525
132.204825
132.26205
132.29725
132.36025
132.455425
132.505825
132.54855
132.68775
132.795625
133.248275
133.35745
133.3869
133.399825
133.4229
133.508525
133.545725
133.559775
133.564175
133.662525
133.741925
133.857225
133.887475
133.928775
133.956725
134.01845
134.089875
134.172575
134.232075
134.347525
134.535925
134.646325
134.718425
134.778525
134.859025
134.878775
134.9117
134.96095
135.001
135.007175
135.028975
135.0623
135.13485
135.178275
135.192025
135.215475
135.247325
135.3373
135.412
135.4812
135.6045
135.637625
135.679675
135.75425
135.81095
135.930475
135.9725
136.001275
136.116525
136.19235
136.204525
136.244625
136.2945
136.34695
136.37735
136.53035
136.58945
136.64475
136.77445
136.89865
136.950975
137.007625
137.0647
137.10395
137.12295
137.1969
137.298
137.321725
137.376375
137.5976
137.788875
137.863475
137.907275
137.95585
137.98775
138.0066
138.016475
138.0923
138.121425
138.22485
138.28715
138.3511
138.366275
138.40055
138.4107
138.482375
138.53265
138.797025
138.892875
138.94965
139.046425
139.071875
139.114925
139.158525
139.234725
139.298575
139.4101
139.449025
139.45535
139.4713
139.477725
139.538275
139.6832
139.743475
139.947325
140.002625
140.040675
140.147475
140.183225
140.253075
140.345875
140.48265
140.532925
140.6424
140.724625
140.88685
140.999
141.035325
141.078475
141.1502
141.25775
141.3474
141.425925
141.5863
141.653275
141.694975
141.71695
141.748125
141.76175
141.775475
141.8331
141.88275
141.9532
142.0096
142.0854
142.141675
142.18555
142.2648
142.3953
142.49935
142.5226
142.564825
142.6746
142.7317
142.826275
142.9275
142.996125
143.063025
143.09515
143.184875
143.2213
143.3963
143.41145
143.419325
143.4607
143.525325
143.52745
143.742725
143.775325
143.7812
143.813625
143.9188
144.01105
144.090775
144.1909
144.2679
144.306925
144.4328
144.471975
144.499275
144.53315
144.548125
144.661775
144.68655
144.759275
144.859825
145.444125
145.5691
145.59245
145.61345
145.671375
145.681975
145.73
145.77605
145.845775
145.879125
145.91585
145.98925
146.630275
146.63095
146.696075
146.73265
146.777125
146.808125
146.85665
146.9284
146.96825
147.052275
147.1701
147.216525
147.3523
147.414475
147.431675
147.45625
147.5174
147.63575
147.6715
147.864225
147.9677
148.122175
148.320175
148.357075
148.372
148.38475
148.435025
148.47095
148.5058
148.518325
148.554425
148.586625
148.610325
148.64845
148.67095
148.6908
148.7097
148.745525
148.759325
148.815725
148.85585
148.89095
148.915275
148.937825
149.0385
149.091325
149.22
149.261525
149.380275
149.481075
149.756575
149.88085
150.070125
150.1644
150.24
150.263775
150.28715
150.34765
150.41435
150.45985
150.478475
150.50975
150.52095
150.58725
150.64155
150.755575
151.010925
151.098825
151.225625
151.268975
151.30995
151.37425
151.448825
151.512725
151.689175
151.843925
151.95595
152.2245
152.34675
152.427375
152.552725
152.6589
152.704
152.80265
152.85125
152.869375
153.07485
153.2379
153.26845
153.288275
153.296775
153.3085
153.3173
153.324375
153.355225
153.365025
153.406275
153.45975
153.51575
153.564875
153.5777
153.755525
153.847225
153.972
154.05585
154.0964
154.1302
154.177525
154.243425
154.429125
154.483325
154.544825
154.625125
154.651625
154.68815
154.740125
154.83425
154.977325
155.090775
155.247125
155.319325
155.45415
155.591175
155.67935
155.695775
155.746325
155.864275
155.9688
156.053625
156.20935
156.342875
156.389275
156.4207
156.447125
156.553925
156.580325
156.655175
156.7532
156.942325
156.984675
157.064
157.149325
157.224975
157.2636
157.34355
157.389875
157.495975
157.6575
157.70545
157.7329
157.764
157.862975
157.889125
157.90795
157.931825
157.954875
157.9651
157.973425
158.10385
158.19195
158.230975
158.27075
158.32065
158.395275
158.456825
158.553275
158.618825
158.77395
158.8585
158.923475
158.988225
159.13065
159.249825
159.287575
159.50415
159.813875
159.868975
159.8828
159.90125
159.92125
159.923625
159.969525
159.97685
159.981875
160.00435
160.012025
160.020025
160.046375
160.07105
160.083075
160.106575
160.1313
160.177075
160.234425
160.2857
160.4199
160.5047
160.5758
160.632225
160.957375
161.01305
161.098475
161.1404
161.16655
161.181175
161.220475
161.23255
161.32765
161.34825
161.384875
161.43815
161.5442
161.592975
161.622
161.65265
161.677975
161.71435
161.9425
162.0147
162.032225
162.0423
162.15165
162.187275
162.2526
162.298375
162.35395
162.4563
162.47485
162.4942
162.509125
162.5254
162.537575
162.5419
162.577525
162.5941
162.603775
162.671025
162.678
162.751975
162.81365
162.91685
162.98575
163.005375
163.0292
163.06155
163.0983
163.1372
163.1798
163.24195
163.2605
163.33705
163.37665
163.387575
163.45365
163.4652
163.501575
163.509775
163.584625
163.64905
163.70525
163.72
163.783225
163.8126
163.897
163.911575
163.992525
164.00565
164.037725
164.102075
164.155375
164.2166
164.2494
164.29175
164.32345
164.456075
164.493425
164.5125
164.526725
164.556875
164.571275
164.683925
164.73335
164.75385
164.795625
164.821475
164.857825
164.867175
164.897075
164.959525
165.05965
165.1292
165.145475
165.1743
165.213375
165.2664
165.285
165.3583
165.401425
165.42575
165.470575
165.529925
165.546875
165.55815
165.5706
165.6648
165.667875
165.7159
165.7611
165.836875
165.924575
165.972975
166.0349
166.06695
166.13985
166.298375
166.396025
166.526625
166.56395
166.605875
166.730575
166.764375
166.810875
166.908825
166.9278
166.986
167.027
167.074175
167.16145
167.2359
167.332275
167.422175
167.444725
167.477875
167.496925
167.5131
167.517925
167.5387
167.59005
167.59615
167.622575
167.7102
167.7535
167.778375
167.7919
167.833325
167.90535
167.951975
168.0664
168.143825
168.188525
168.349525
168.409325
168.439425
168.5968
168.71975
168.79345
168.8259
168.91015
169.0755
169.123875
169.14985
169.1631
169.2001
169.231375
169.33815
169.364025
169.428275
169.4705
169.49205
169.524475
169.5842
169.596475
169.6662
169.866325
170.00085
170.11385
170.155825
170.17645
170.1902
170.31525
170.359375
170.379
170.4503
170.508775
170.688325
170.777125
170.8521
170.90835
170.925675
170.9633
170.975175
171.15825
171.207225
171.244825
171.26945
171.2834
171.304625
171.579275
171.61185
171.6254
171.672075
171.746975
171.856325
172.02695
172.142575
172.186325
172.246025
172.279475
172.524875
172.669425
172.855675
172.973175
173.1364
173.357775
173.403875
173.54765
173.595575
174.114025
174.2515
174.389725
174.6846
175.091025
175.178275
175.206475
175.23915
175.291
175.387125
175.566175
175.5927
175.606
175.755425
175.8958
176.08535
176.143875
176.158825
176.20515
176.32735
176.711275
177.005925
177.038725
177.046925
177.063875
177.073725
177.0991
177.456425
177.5606
177.65715
177.72165
177.755375
177.76525
178.34135
178.395475
178.422
178.513925
178.5244
178.6402
178.70415
178.94285
179.259575
179.302925
179.330875
179.36915
179.40265
179.415375
179.425725
179.442375
179.46215
179.496875
179.50375
179.53615
179.5754
179.762275
179.87395
179.96525
180.31385
180.3242
180.3514
180.467775
180.579075
180.6369
180.760325
180.81505
180.840775
180.902325
180.939675
181.109675
181.305975
181.392225
181.64585
181.696025
181.7177
181.823625
181.9292
181.93525
181.96235
182.092275
182.146275
182.1726
182.26255
182.3617
182.56085
182.62455
182.625775
182.632925
182.6387
182.672775
182.681275
182.9261
183.0143
183.582375
183.583425
183.595725
183.60125
183.602875
183.608425
183.635175
183.6632
183.7065
183.74405
183.768675
183.810875
183.8706
183.9577
184.11835
184.21065
184.356225
184.6255
184.656225
184.68775
184.78815
184.8535
184.9079
184.961125
185.005225
185.0361
185.16105
185.2199
185.25165
185.258625
185.2979
185.309975
185.32705
185.361225
185.395425
185.43245
185.441375
185.47455
185.5823
185.663375
185.692075
185.7219
185.7647
185.8114
185.97905
186.028625
186.035
186.082
186.137775
186.215025
186.3263
186.37315
186.408725
186.483
186.51435
186.53285
186.564
186.61565
186.759475
186.78275
186.814975
186.95905
186.994875
187.11405
187.2192
187.292225
187.355625
187.40275
187.481625
187.5887
187.627825
187.66875
187.798625
187.836825
187.853975
187.91315
187.936325
187.976125
187.984625
188.00715
188.047975
188.075525
188.119925
188.51345
188.60855
188.68945
188.813325
188.855775
188.929325
189.01695
189.0459
189.34395
189.7589
189.85745
189.90795
189.924375
189.951625
190.003275
190.0619
190.1256
190.16395
190.207025
190.29935
190.3325
190.39105
190.441425
190.508475
190.53765
190.572875
190.59835
190.60525
190.63365
190.656775
190.690625
190.70265
190.746625
190.756425
190.9033
191.043925
191.22325
191.378725
191.57345
191.6791
191.704525
191.75225
191.7857
191.950025
192.083575
192.245625
192.280125
192.3232
192.445075
192.5877
192.6765
192.9211
193.096725
193.14555
193.218125
193.24995
193.3794
193.528875
193.53345
193.5626
193.64295
193.698625
193.75135
193.785975
193.8416
193.8893
194.0168
194.077425
194.0867
194.258775
194.3742
194.48545
194.522425
194.627875
194.76895
194.853725
194.896
194.95355
195.051425
195.11
195.150925
195.2248
195.486975
195.545425
195.55765
195.64895
195.7344
195.787025
195.8088
195.8711
195.89865
195.9285
195.951475
195.986075
196.014475
196.044225
196.152075
196.2252
196.312425
196.36805
196.463075
196.5194
196.61845
196.66615
196.90775
197.0221
197.031025
197.057375
197.06945
197.113175
197.12425
197.173775
197.199725
197.207375
197.21235
197.3016
197.3525
197.3903
197.578375
197.7248
197.781475
197.83225
198.007025
198.030375
198.040625
198.0527
198.066325
198.078
198.101625
198.1558
198.201125
198.226675
198.298225
198.429225
198.46255
198.5079
198.579875
198.791075
198.842225
198.93145
199.022425
199.047575
199.071725
199.10135
199.178075
199.3182
199.3748
199.508825
199.636625
199.759825
199.910225
200.0197
200.190975
200.57545
200.60475
200.62085
200.627775
200.631775
200.648
200.6678
200.721175
200.72955
200.80175
200.806575
200.8094
200.8307
200.946425
201.00895
201.2394
201.315275
201.33465
201.35985
201.38335
201.404525
201.48005
201.5168
201.546975
201.591225
201.69235
201.7496
201.768525
201.81585
201.868025
201.965325
202.049675
202.0873
202.116225
202.1638
202.22015
202.29555
202.5291
202.563175
202.582575
202.6079
202.628975
202.773725
202.860975
202.89975
202.941375
203.1751
203.2115
203.24415
203.2577
203.264325
203.2764
203.302875
203.539675
203.5908
203.676
203.727675
203.871
203.959225
204.046
204.06735
204.138125
204.20035
204.2784
204.329675
204.389825
204.461675
204.5166
204.576
204.63755
204.656175
204.7248
204.774725
204.8252
204.8462
204.897425
204.959925
204.975025
205.14365
205.1703
205.2196
205.234825
205.28845
205.30285
205.360375
205.37485
205.405325
205.4422
205.52025
205.663125
205.76885
205.8378
205.906975
205.994375
206.0467
206.081075
206.176275
206.20745
206.239325
206.461825
206.5534
206.572675
206.5766
206.5993
206.629875
206.63535
206.637175
206.748625
206.803975
206.809525
206.918475
206.949075
206.993225
207.23905
207.3386
207.4287
207.477225
207.5105
207.54045
207.563375
207.611275
207.656325
207.6675
207.7206
207.8279
207.9777
208.155125
208.236725
208.29915
208.317025
208.5808
208.660625
208.692125
208.721425
208.738675
208.770475
208.82995
208.85035
208.86265
208.9051
208.972775
209.008225
209.0203
209.11695
209.1763
209.2295
209.2674
209.3841
209.425725
209.44745
209.646225
209.694325
209.740675
209.777375
209.811075
209.8553
209.94495
209.98615
210.09335
210.130275
210.161325
210.321125
210.4207
210.6298
210.733125
210.79675
210.898175
210.9689
211.00865
211.0602
211.083225
211.230625
211.36395
211.438425
211.48735
211.67945
211.76545
211.8098
212.179975
212.2645
212.343975
212.3667
212.371075
212.4114
212.417175
212.42435
212.45425
212.47905
212.5385
212.635875
212.66335
212.7038
212.718175
212.75125
212.7603
212.866575
212.9081
213.236825
213.3515
213.411675
213.443025
213.465475
213.5834
213.8014
214.45665
214.503925
214.51715
214.54235
214.549725
214.581775
214.61335
214.6646
215.069025
215.19665
215.319975
215.356275
215.3862
215.422425
215.42645
215.456675
215.5157
215.537925
215.5685
215.6261
215.66885
215.673125
215.7326
215.770525
215.98375
216.079125
216.20425
216.435325
216.518725
216.67935
216.84535
216.8936
216.962275
217.005325
217.016975
217.03145
217.2075
217.377425
217.43075
217.49825
217.6279
217.6668
217.742925
217.81735
217.88045
217.893325
217.94305
217.993375
218.0495
218.118725
