0.041375
0.3165
0.321
0.71085
0.7127
0.7146
0.71665
0.719125
0.725775
0.812275
1.14755
1.451725
1.633575
1.69105
1.851525
2.146475
2.158825
2.172925
2.1778
2.18415
2.253275
2.3111
2.73545
2.836625
2.891575
3.5142
3.82235
3.824725
3.827175
3.8319
4.080075
4.141925
4.39135
4.394125
4.45225
4.496575
4.68885
4.85285
5.125875
5.464975
5.46765
5.47185
5.50995
6.002275
6.490075
6.5899
6.723325
6.733175
6.73575
6.7398
6.745425
6.747125
6.75085
6.77835
6.885475
6.901775
6.9077
7.1203
7.122775
7.125225
7.2063
8.45035
8.485775
10.43225
10.461825
10.481475
10.500075
10.669475
11.4053
11.909525
12.237925
12.456825
12.74145
13.079325
13.0938
13.118425
13.433625
13.646275
13.9719
13.992025
14.5687
14.5739
14.9398
15.0657
15.239425
15.4552
15.6291
15.6581
16.37315
17.241575
17.26205
19.39435
20.508675
20.975625
20.978375
21.11505
21.329525
21.47495
21.73955
22.016175
22.208025
22.2469
22.29945
22.45825
22.580925
22.621475
22.848875
22.972
22.976875
23.058475
23.403575
23.405925
23.4082
23.414225
23.4194
23.878675
23.908025
23.9216
26.49675
26.504025
27.44295
27.446625
27.466975
28.060725
28.4652
28.47285
28.75915
29.1344
32.7285
32.732375
32.75895
33.080025
33.0864
33.117625
33.3018
33.307
33.313925
33.525375
34.39465
37.642375
37.6449
37.659625
38.1175
38.36455
39.0528
44.065075
44.7586
45.048275
45.05225
45.05695
45.664775
45.669975
45.698375
45.827325
46.7852
47.03315
47.791325
48.906025
48.909625
48.912675
48.936625
49.264
50.014125
50.504725
51.3766
53.0841
53.359275
54.54585
54.56015
54.566875
54.933125
56.559575
57.177075
57.7687
57.801525
58.32615
58.4908
58.496
58.50865
58.544275
58.83465
58.855625
59.630625
59.63405
60.418425
60.4221
60.424925
60.441725
61.143175
62.3953
62.399675
62.8266
62.831775
62.848675
62.852875
62.8545
62.91725
62.928175
62.954775
63.19285
65.398325
65.40085
65.405525
65.4103
65.94185
66.049125
66.3981
66.93675
67.8809
67.883925
67.886975
68.82885
68.84775
69.792875
69.857325
69.860825
69.87865
70.086825
70.98165
71.179025
73.19225
75.4502
75.513725
75.61005
75.614925
75.642325
75.7619
75.77405
76.011175
76.216525
76.21945
76.2344
78.31285
79.944275
81.414975
82.65475
82.70495
82.7845
82.80415
84.65425
84.67235
85.334275
86.547275
86.5504
86.568
88.057525
88.518325
88.526425
88.556125
88.572675
88.578325
88.586575
88.679325
88.69325
89.32865
89.6347
90.906725
90.962375
91.6817
92.1034
92.341925
94.0577
94.0677
96.03795
96.77215
98.070075
98.128675
98.3072
98.33055
99.02615
99.028925
99.033475
99.047875
99.1522
99.1616
99.8145
101.0489
101.243325
101.4921
101.5229
101.54935
103.6629
103.667575
103.688675
104.4502
106.233925
106.2406
106.277475
106.309275
106.3172
106.81395
106.8205
108.021625
108.906
109.6777
110.9945
111.07205
111.3872
111.3916
111.40135
112.598075
113.2686
113.27415
113.286525
113.289275
113.29185
113.29945
114.2313
114.234375
114.2373
114.9345
114.9375
115.306
115.432025
115.71075
116.569
116.983275
116.98855
116.994175
117.02115
117.029775
117.930825
117.93445
118.695625
118.70155
118.73195
118.847875
120.17555
120.19275
120.3853
120.388225
120.391075
120.4066
120.93355
120.948375
120.96425
120.97075
121.50795
121.517625
121.681625
121.684725
121.6921
122.03845
122.05005
122.1852
122.378975
122.724475
123.028575
123.37885
123.5339
123.541625
123.54355
123.547625
124.0523
124.982425
124.985775
124.9989
125.73645
125.747625
125.887875
125.946
125.966725
125.9957
129.064425
129.068125
129.0853
129.4574
129.4629
129.466
131.081925
131.086875
131.1241
134.107975
134.813975
135.056925
135.2224
135.48295
135.512325
135.567925
135.57885
136.72415
137.27725
137.73945
137.743275
138.4497
138.452825
138.479125
139.01825
139.458375
141.1226
141.143175
141.4823
141.498825
141.5076
141.679025
141.99275
142.209725
142.265925
142.337325
142.64835
142.662225
143.003375
143.25025
143.43465
143.67335
144.0544
144.070025
144.304025
144.3071
144.31105
144.313675
144.420675
144.46805
144.67355
144.692975
144.742125
145.28665
145.550475
145.630125
145.6495
146.470275
146.472975
146.47675
146.481675
147.084375
147.9548
147.961325
147.963075
147.998975
148.0205
148.25535
148.68375
148.728275
149.908925
150.123525
150.126175
150.12955
150.138775
150.922275
151.815075
152.379175
152.383175
152.390675
152.394875
152.42185
152.62475
152.756525
153.0627
153.08535
153.453
153.457125
153.50675
153.545375
153.6501
154.041075
154.04425
154.221875
154.27845
154.4683
154.47435
154.47865
154.559425
154.563525
154.5669
154.576325
154.58995
154.593075
154.596475
154.60505
154.625
154.6435
154.680475
154.685425
154.6924
154.795625
154.809125
154.823375
154.880675
154.8887
155.04375
155.2533
155.257225
155.263925
155.273375
155.29465
155.5115
155.683125
155.703925
155.943575
155.946025
155.948325
155.951275
156.021575
156.1269
156.129425
156.131825
156.29345
156.296425
156.407125
156.458925
156.679425
156.682275
156.715775
156.73285
156.802225
156.80875
156.81165
156.8149
156.818375
156.8322
156.839675
156.84905
156.87585
156.87925
156.884325
156.990975
156.99725
157.18495
157.187475
157.405625
157.419175
157.4258
157.4329
157.43995
157.453425
157.478975
157.608
157.61015
157.617325
157.6243
157.631825
157.68005
157.689825
157.785475
157.79855
157.8109
157.8136
157.8254
157.83265
157.970925
158.077975
158.103425
158.110525
158.4806
158.48335
158.502375
158.532025
158.538425
158.5546
158.568825
158.595925
158.737225
158.739425
158.741775
158.74785
158.75915
158.84025
158.844575
158.863675
158.868725
158.8743
158.941175
158.94705
158.95105
158.96235
158.96855
158.974475
158.990025
159.0288
159.03295
159.0447
159.052525
159.06575
159.07645
159.091375
159.104725
159.194575
159.202175
159.231675
159.24915
159.252375
159.4322
159.4821
159.505925
159.5145
159.64635
159.649325
159.6926
159.932775
159.93525
159.956825
160.123025
160.13455
160.14185
160.16615
160.172975
160.1837
160.275475
160.409075
160.415425
160.528375
160.646875
160.660875
160.684475
160.701925
160.7081
160.715325
160.72245
160.75975
160.767725
160.7726
160.773825
160.778625
160.78605
160.79255
160.799275
160.814375
160.82225
160.88845
160.9453
160.952875
160.958225
160.963675
160.968525
160.97315
160.978225
160.98345
160.98525
160.99145
160.996825
161.001875
161.0124
161.017275
161.021975
161.027225
161.0327
161.038775
161.043825
161.0504
161.05675
161.169125
161.17425
161.19215
161.271025
161.28405
161.31275
161.319
161.4353
161.471675
161.478275
161.482475
161.620175
161.624725
161.62995
161.659725
162.030875
162.2299
162.2323
162.23455
162.253425
162.351575
162.3651
162.371075
162.383525
162.39195
162.399175
162.404825
162.42375
162.538175
162.927125
162.979875
163.058175
163.273925
163.360275
163.4899
163.493825
163.5075
163.529875
163.537025
163.545575
163.558725
163.6799
163.77445
163.77825
163.866725
163.9467
163.9512
163.9551
163.96105
163.968
164.039125
164.055275
164.06715
164.07005
164.07415
164.094275
164.319575
164.323825
164.32845
164.34855
164.53685
164.585275
164.6432
164.88885
164.90335
165.1657
165.168025
165.17065
165.18645
165.403675
165.4731
165.607675
165.731325
165.86425
165.867975
165.873575
165.879025
165.894775
166.075225
166.0795
166.082125
166.085275
166.1385
166.2639
166.268025
166.2923
166.328
166.350425
166.3976
166.70945
166.935675
166.944475
167.126425
167.1793
167.46295
167.533075
167.71775
167.781125
167.971075
168.113975
168.133875
168.337825
168.49495
168.50025
168.505125
168.515475
168.537
168.97215
169.049675
169.269925
169.4686
169.60805
169.65715
170.02335
170.3111
170.388525
170.435925
170.594575
170.812175
170.88945
170.994
171.0162
171.553525
171.944975
172.3498
172.353575
172.3628
172.426825
172.429575
172.436175
173.26625
173.918475
174.0766
174.08305
174.091275
174.09795
174.100075
174.116625
174.14425
174.47185
174.624475
175.39175
175.53835
175.55685
175.561775
175.73415
175.739625
175.76375
175.984825
176.0158
176.517325
176.821625
176.825125
176.837075
176.847825
177.310625
177.543375
178.320575
178.784175
178.78785
178.814575
179.4748
181.8867
182.37685
182.615125
182.9017
183.101075
183.188675
183.4605
183.503425
183.74985
183.79215
184.896275
185.329075
186.32155
186.32525
186.327375
186.3361
187.360425
187.37715
189.543075
190.7988
190.819925
191.175175
191.935875
191.968975
192.25235
192.427175
194.08125
196.007875
197.405725
197.408325
197.89045
198.1749
198.30765
198.325325
200.992275
201.402075
201.409975
201.53395
201.55115
201.67455
201.96675
202.076525
202.080925
202.10545
202.3105
203.6084
203.62165
203.637575
203.6507
203.653975
203.686275
204.223575
204.249225
204.2561
204.364
204.367475
204.384475
204.68955
205.063575
205.6501
205.67625
205.679575
205.684075
205.721025
205.922725
205.9333
206.601725
206.674675
206.680425
206.7029
209.942925
212.766825
213.658925
213.671825
213.67435
213.6861
214.01145
214.02795
214.035
214.0575
214.06015
214.116925
216.849075
216.852925
217.34145
217.349225
217.380025
218.4527
218.463375
218.883425
218.8899
219.13115
219.1562
220.381825
220.6074
220.612625
222.46505
222.477725
222.492975
223.661325
223.681725
223.901825
224.03495
224.5571
225.162
225.167775
225.7872
227.3482
227.587575
227.799975
228.1176
228.119725
228.178975
228.683825
228.72495
228.8676
229.22245
229.950225
229.95255
229.957825
229.98815
230.470625
231.0706
231.300475
231.303725
231.307675
231.35575
231.551675
232.6169
232.625825
234.459125
234.64965
236.9623
236.966225
236.980525
237.29535
237.30265
237.331775
239.225325
239.2523
239.55945
239.5679
239.890475
241.000125
244.686575
244.6903
244.702525
244.837275
244.8937
244.93775
246.0051
246.24795
246.2726
246.27785
246.30125
246.571975
246.90195
247.242325
248.018175
248.97925
249.1157
249.154775
249.1649
249.38555
249.38825
249.391125
250.41035
250.41935
250.478875
250.683425
250.79405
251.148375
251.16295
251.629625
251.63655
253.829025
254.966
254.97755
256.602875
256.77975
258.9629
259.1169
260.1861
260.191725
260.1982
260.4032
261.6855
261.6886
261.692475
263.049675
263.064
