0.088325
0.255125
0.39775
0.592275
0.828575
0.85425
0.92535
1.038725
1.32535
1.3395
1.587825
1.589675
1.875325
1.886625
1.971175
2.02225
2.09795
2.143625
2.18855
2.303425
2.333125
2.852075
2.957825
3.107075
3.14105
3.508725
3.56355
3.8404
4.261575
4.279675
4.36085
4.704375
4.936925
4.9386
4.940775
4.942825
5.009425
5.01195
5.06105
5.063175
5.078025
5.085225
5.088025
5.0929
5.169825
5.374425
5.438225
5.48805
6.007875
6.057625
6.12365
6.152575
6.1579
6.21685
6.27965
6.448575
6.453225
6.465775
6.46815
6.48775
6.669775
6.714275
6.77145
6.80285
6.805325
6.8077
6.812
7.2073
7.25855
7.324025
7.6033
7.7538
9.2045
9.5352
10.03395
10.036375
10.1694
10.233925
10.32025
10.45035
10.572225
10.7623
11.098275
11.325675
11.7284
11.762375
11.909825
11.983525
12.24315
12.29425
12.419025
12.514375
12.849775
12.9108
12.955825
13.457075
13.60005
13.78425
13.786975
15.49655
15.898975
16.36335
16.971025
17.030075
19.36145
21.11315
21.333575
21.34665
21.3499
21.3527
21.635875
21.6533
60.8679
90.182825
90.2384
91.50725
91.995575
92.2157
92.254475
93.525025
95.510125
95.68705
98.83975
99.75
101.004125
103.7887
103.990825
105.03555
105.232475
105.6965
108.15495
108.159375
109.1174
110.048825
113.582075
114.92855
115.1424
115.2339
115.396775
115.556275
115.6381
115.6398
115.6415
115.64345
115.645575
115.647675
115.649725
115.658975
115.66535
116.009825
116.252325
118.8085
121.03385
121.04945
122.349775
123.1688
124.52425
125.47935
126.73575
129.16085
129.197325
129.6197
129.6834
130.322275
130.589375
131.8944
132.43245
134.114325
134.5969
134.5985
135.838625
137.171425
137.593175
137.594975
140.058675
141.122925
141.1747
141.2623
141.2786
141.29855
141.3824
141.423875
141.42925
141.4375
142.0809
142.376725
142.455475
144.483225
147.32755
147.330075
147.809825
147.909575
148.0696
148.3238
148.32785
148.332475
148.340075
148.382475
148.39955
148.630425
148.677375
148.7226
148.8383
148.8414
148.844725
149.49635
149.498675
149.502125
149.54415
149.5483
149.56335
149.599425
149.901925
149.904075
149.906425
151.2398
151.61745
152.020425
152.21295
152.238125
152.3772
152.3844
152.54425
152.572725
152.9178
153.151475
153.218475
153.379225
153.407525
153.6054
153.622025
153.652375
153.72345
153.74355
153.875825
153.91765
153.9277
153.93725
153.9932
154.0571
154.06635
154.0762
154.077875
154.07995
154.087275
154.093075
154.098775
154.11775
154.13575
154.17085
154.253575
154.265325
154.281775
154.2893
154.29645
154.303825
154.30885
154.314775
154.32075
154.322775
154.3281
154.330425
154.333725
154.337125
154.342625
154.43665
154.4563
154.46805
154.4762
154.481825
154.55935
154.561675
154.62285
154.625425
154.627375
154.629675
154.6324
154.635425
154.6415
154.686775
154.701925
154.713325
154.732525
154.7502
154.75625
154.758025
154.761875
154.763775
154.7683
154.77015
154.83275
154.8423
154.854225
154.884
154.89665
154.89815
154.90025
154.928625
154.9311
154.9329
154.9361
154.939125
154.941625
154.952475
154.97185
154.988525
155.114525
155.1234
155.14895
155.155575
155.1581
155.160425
155.249775
155.271225
155.2771
155.281425
155.285675
155.30595
155.32775
155.373525
155.389725
155.40405
155.407175
155.416
155.418575
155.4217
155.425375
155.429325
155.438825
155.47135
155.609975
155.642225
155.660575
155.676
155.68195
155.721375
155.7693
155.781975
155.78595
155.796775
155.804475
156.033225
156.040175
156.046675
156.0525
156.180575
156.182525
156.184675
156.1875
156.19905
156.20605
156.212625
156.2184
156.225475
156.233425
156.242075
156.25505
156.343975
156.46255
156.481575
156.48725
156.49255
156.499125
156.5047
156.5099
156.5146
156.52
156.5246
156.529575
156.5351
156.5406
156.54685
156.5559
156.5624
156.678275
156.68035
156.68235
156.684825
156.743975
156.94305
156.9845
157.0028
157.008425
157.01345
157.018775
157.024375
157.02935
157.033975
157.03905
157.04425
157.0495
157.05515
157.060225
157.0669
157.0722
157.077575
157.082475
157.088475
157.10335
157.109725
157.11575
157.1376
157.14305
157.1505
157.1562
157.168175
157.17045
157.17285
157.221425
157.230775
157.239825
157.255975
157.31415
157.31915
157.324925
157.326875
157.3326
157.337775
157.344
157.348275
157.35455
157.38895
157.39425
157.399625
157.4062
157.411675
157.41615
157.4218
157.427325
157.4322
157.437225
157.44345
157.449725
157.4556
157.472575
157.477575
157.482425
157.487525
157.491775
157.49645
157.501575
157.505675
157.51035
157.516225
157.52135
157.527775
157.53305
157.5395
157.5442
157.54955
157.55515
157.5602
157.56485
157.6796
157.68145
157.683275
157.685325
157.68835
157.6943
157.700775
157.71485
157.72235
157.729225
157.735125
157.7488
157.75345
157.759
157.76465
157.770825
157.777125
157.78375
157.787575
157.793825
157.799575
157.849875
157.98195
157.986575
157.993075
157.9969
158.00075
158.08985
158.134525
158.137975
158.141475
158.147675
158.259975
158.266075
158.2718
158.27835
158.283825
158.288825
158.294475
158.2996
158.3053
158.311225
158.317725
158.322975
158.328875
158.3342
158.339375
158.344775
158.350275
158.3562
158.3616
158.36885
158.392275
158.3989
158.405425
158.520825
158.5257
158.530025
158.534225
158.538475
158.542775
158.547125
158.551325
158.55595
158.5609
158.56615
158.5708
158.5759
158.580375
158.58545
158.590075
158.59465
158.599225
158.60335
158.607575
158.612325
158.61695
158.621425
158.62565
158.630975
158.635375
158.6396
158.64565
158.650575
158.6549
158.66005
158.66535
158.66965
158.674
158.678725
158.6832
158.68965
158.69425
158.698825
158.704675
158.709475
158.7151
158.719875
158.7399
158.7458
158.750825
158.760675
158.76555
158.770875
158.79435
158.796175
158.79795
158.80045
158.806925
158.812425
158.81855
158.825
158.976275
158.98235
158.988975
158.994825
159.00445
159.012275
159.1208
159.123825
159.150625
159.173575
159.1811
159.206575
159.2564
159.265725
159.269825
159.2746
159.2753
159.35635
159.361575
159.368475
159.376325
159.3784
159.381725
159.382675
159.384725
159.42305
159.51825
159.52085
159.522975
159.544525
159.558875
159.56955
159.59585
159.6192
159.62315
159.6283
159.6356
159.63785
159.64005
159.6507
159.652975
159.65485
159.701375
159.717075
159.719725
159.728575
159.732925
159.73695
159.74895
159.751225
159.7626
159.9217
159.926125
159.928675
159.933425
159.938225
159.943525
159.948475
159.9533
159.9585
159.964525
159.96985
159.9754
159.98305
159.988225
159.9998
160.00465
160.010125
160.017375
160.034275
160.0415
160.06175
160.07125
160.088025
160.094525
160.0998
160.10535
160.11145
160.116925
160.121825
160.128025
160.13285
160.13765
160.1434
160.149275
160.15455
160.16055
160.169925
160.183975
160.190775
160.1959
160.2012
160.20595
160.2109
160.216325
160.222475
160.2277
160.232525
160.23745
160.243175
160.254925
160.371925
160.374175
160.3765
160.3824
160.388375
160.3942
160.395275
160.3971
160.3989
160.400075
160.401
160.403525
160.40995
160.414025
160.41695
160.423425
160.432575
160.44815
160.4995
160.5026
160.576475
160.58065
160.587075
160.595875
160.6031
160.6089
160.61495
160.620475
160.63445
160.6393
160.64445
160.64945
160.653975
160.658975
160.66385
160.668125
160.672675
160.677675
160.68305
160.68875
160.69325
160.69875
160.702825
160.7069
160.712175
160.71705
160.72355
160.728075
160.733025
160.7378
160.742975
160.747425
160.754425
160.759325
160.7644
160.7696
160.773875
160.779725
160.784975
160.790425
160.796375
160.8006
160.805275
160.81525
160.8202
160.8267
160.83705
160.84245
160.848875
160.854375
160.860475
160.86565
160.87205
160.8778
160.8879
160.89305
160.898325
160.9035
160.9098
160.91525
160.9218
160.92665
160.936725
160.94205
160.947875
160.95285
160.95765
160.96285
160.967775
160.9722
160.976625
160.9816
160.9884
160.993675
160.999375
161.0041
161.008525
161.01315
161.026025
161.03125
161.037
161.042225
161.04725
161.05295
161.057375
161.06175
161.067275
161.07235
161.07725
161.082125
161.08745
161.092425
161.09975
161.1089
161.1147
161.121275
161.127775
161.1329
161.138725
161.242575
161.24455
161.2464
161.2486
161.259825
161.26855
161.332575
161.338525
161.34445
161.3509
161.3568
161.3629
161.369425
161.4153
161.433925
161.4676
161.4992
161.52715
161.63485
161.636675
161.646975
161.715425
161.72095
161.806475
161.81025
161.81815
161.826625
161.83585
161.84035
161.8436
161.85745
161.862075
161.883375
162.036125
162.0415
162.046475
162.0516
162.05665
162.062175
162.067225
162.07235
162.086475
162.091675
162.096675
162.10165
162.107175
162.11275
162.117725
162.123375
162.129675
162.135275
162.140875
162.1464
162.15255
162.15895
162.164175
162.17075
162.177275
162.183275
162.1985
162.204375
162.210725
162.216325
162.222425
162.22795
162.351725
162.3571
162.361075
162.3654
162.369775
162.374475
162.378375
162.382925
162.388075
162.392575
162.396875
162.401575
162.40735
162.412025
162.417475
162.422275
162.427175
162.431575
162.436675
162.4418
162.446575
162.455775
162.46075
162.465175
162.4719
162.4771
162.5135
162.515225
162.516975
162.5193
162.525425
162.53135
162.699675
162.7087
162.710075
162.71245
162.714775
162.82105
162.836575
162.9361
162.97275
162.9842
162.997825
163.0208
163.035725
163.044225
163.049425
163.053425
163.1293
163.313
163.319125
163.3256
163.3318
163.3406
163.3472
163.3532
163.371225
163.377575
163.384075
163.39075
163.396425
163.401475
163.408125
163.4151
163.4212
163.436675
163.442525
163.447875
163.453025
163.459575
163.47355
163.4822
163.487825
163.49315
163.499275
163.504025
163.509675
163.514825
163.520125
163.52635
163.533325
163.53825
163.549825
163.55555
163.56255
163.5676
163.5728
163.57775
163.583275
163.589325
163.5955
163.629625
163.635125
163.6406
163.666625
163.673
163.678775
163.684875
163.690375
163.696275
163.7033
163.7694
163.771375
163.7733
163.78015
163.839675
163.852025
163.98505
164.0092
164.0135
164.0708
164.0979
164.103475
164.12445
164.140075
164.1444
164.148575
164.1607
164.18495
164.3171
164.386525
164.555425
164.557725
164.559775
164.581725
164.598175
164.6453
164.859625
164.86255
164.94585
164.95295
164.9585
164.964775
164.970325
164.976525
164.982275
164.989925
165.0099
165.0218
165.029625
165.036075
165.0411
165.04665
165.0578
165.065475
165.0714
165.077325
165.083225
165.088825
165.106875
165.113925
165.121325
165.12715
165.132625
165.1438
165.149425
165.1551
165.160325
165.164925
165.1705
165.176475
165.1812
165.1868
165.1918
165.19675
165.203
165.214975
165.220375
165.226525
165.23135
165.241675
165.247625
165.281825
165.288525
165.3034
165.32875
165.339525
165.357
165.374325
165.37625
165.378175
165.380675
165.38745
165.430125
165.4368
165.496775
165.5063
165.607625
165.6169
165.639225
165.847625
165.87605
165.88155
166.079
166.081025
166.13155
166.146725
166.16135
166.239325
166.263575
166.3223
166.452925
166.46265
166.473425
166.476775
166.483225
166.568825
166.573625
166.6077
166.6195
166.630725
166.6583
166.660775
166.663
166.66735
166.882275
167.095525
167.101875
167.108925
167.145625
167.16585
167.1976
167.229475
167.443325
167.8245
168.470275
168.4942
168.50125
168.707175
168.709825
168.7142
168.717675
168.9656
168.9692
169.1138
169.9811
169.984525
169.99305
169.9956
170.010325
170.132425
170.1597
170.168075
170.1738
170.4966
170.5179
170.758825
170.83055
170.901575
171.000575
171.9908
172.05105
172.05465
172.419825
172.5055
172.530775
172.583525
172.8524
173.12135
173.12425
173.126625
173.174775
173.1876
173.206975
173.28295
173.335275
173.33955
173.446225
173.7344
173.75945
173.767675
173.8476
173.851175
173.85405
173.857775
174.036275
174.050975
174.1975
174.20805
174.257525
174.309725
174.41165
174.432925
174.5663
174.57055
175.289275
175.3919
175.508625
175.5146
175.557025
175.658025
175.766075
175.7771
175.79105
176.758275
176.880725
177.03475
177.09325
177.103025
177.26305
177.34625
177.928425
178.13715
178.19325
178.263875
178.5786
178.6507
178.763225
181.70505
181.7084
181.7107
181.8318
181.984125
182.032875
182.1196
182.123075
182.126
182.1402
182.14395
182.5126
182.535875
182.604075
182.67395
182.8328
182.86965
183.5239
183.682375
183.6943
183.947625
184.667825
185.20465
189.192475
190.93965
191.07935
191.14655
191.14915
191.154425
191.424125
192.324775
192.4104
192.480875
193.42345
197.43225
197.47735
197.848375
198.070725
198.1203
198.17585
200.2969
200.513
201.81935
201.838675
201.934925
202.123925
202.2189
202.297525
202.525675
202.61075
202.926375
202.958575
203.250775
203.323875
203.398575
203.5263
203.60785
203.66645
204.745875
204.8066
205.048175
205.1193
205.98915
206.090425
206.545175
207.416575
209.40095
212.361025
212.704125
212.7801
213.81575
214.583125
215.691125
215.951875
216.107675
216.506825
216.5782
216.590275
217.85875
219.0853
220.0823
220.492925
221.250725
221.867075
223.1593
223.483875
223.564575
226.316075
226.569675
226.7882
227.268825
227.28965
227.293475
227.365075
227.38135
227.518025
227.761075
227.7664
228.2973
228.3659
228.3683
228.370975
228.373725
228.395975
228.5276
228.53075
228.533175
228.53515
228.5391
228.56255
228.565475
228.56755
228.570125
228.5856
228.981125
228.9837
228.987075
229.502075
232.81115
234.051125
234.714575
235.1544
236.396075
236.756875
237.26155
237.602225
238.349175
238.36575
238.795525
239.605625
239.838525
239.875975
240.35945
241.12195
241.87545
241.886225
242.70865
243.3961
244.432525
244.778025
244.781875
245.185125
246.072825
246.093475
246.148025
246.19515
246.33645
246.37565
246.386025
246.505925
246.78705
247.2042
247.2274
247.463675
247.523975
247.6
247.634075
247.65355
247.863225
248.058875
248.12195
248.186425
248.404975
248.441025
248.4845
248.551175
248.616
248.700575
248.858675
248.870525
249.04275
249.049475
249.12765
249.133875
249.144225
249.146475
249.368675
249.370675
249.372775
249.37525
249.4343
249.436625
249.440225
249.747175
250.08545
251.21655
252.052575
252.3236
252.383
254.335175
254.633325
254.98245
256.255025
256.25805
256.268025
256.59115
256.815475
256.874825
256.96895
257.05075
258.0065
258.39885
258.7247
259.025275
259.394425
259.78605
260.35385
260.7594
261.17745
261.273775
262.1715
262.828575
263.45935
