0.663625
1.29935
2.6865
5.709575
7.140175
10.40155
10.4313
10.919575
12.1653
21.46085
21.869475
22.111225
22.113975
22.117075
22.77015
23.330175
23.33275
23.335275
23.655275
23.658325
24.150575
29.033475
29.036975
37.648475
39.04265
39.0458
39.0489
39.347
45.063675
48.8648
51.800625
55.38635
66.981775
68.339725
71.43905
75.7943
85.37505
88.145725
90.39185
92.808775
95.484625
98.3155
106.479825
107.3529
119.96115
122.215625
123.8399
123.843475
124.463625
141.434425
141.44025
142.77765
145.470625
147.38545
149.477625
149.93715
153.054175
153.443775
153.4462
153.4482
153.45045
153.5437
153.852925
153.855675
153.858775
154.068775
154.5077
154.95965
156.017575
156.01965
156.023625
156.0265
156.063675
156.312425
156.3148
156.31695
156.319525
156.683575
156.709125
156.7985
157.160825
157.2727
157.5675
157.57035
157.573325
157.69475
157.724425
157.774175
158.33095
158.3337
158.336225
158.578875
158.582525
159.008525
160.044825
160.0476
160.0513
160.227
160.229675
160.23255
160.248275
160.582275
160.76965
160.8951
160.9016
161.1955
161.2647
161.677025
162.435525
162.438125
162.443475
162.6443
162.8878
163.21045
163.691775
163.876775
164.383975
164.387775
164.882375
164.88545
165.13575
165.303625
165.90425
166.0942
166.1131
166.139875
166.2863
166.7117
166.723
166.746575
167.054475
167.084725
167.657025
169.0144
170.793675
171.893975
172.3893
172.91365
173.155975
173.226275
173.24685
173.293775
173.317775
173.616675
174.505325
175.09095
175.093775
175.09685
175.099625
175.338075
177.510225
178.8979
181.7418
183.407625
184.07815
186.297925
204.287225
205.1035
205.3722
205.810575
215.962175
215.964975
215.967725
226.894625
227.905575
228.113975
228.1159
228.122225
228.125075
228.364825
228.368075
228.38015
228.61845
228.62115
228.661275
228.68245
228.997525
229.0005
229.2929
232.435175
239.233475
243.323725
244.7186
244.721975
244.7253
245.67935
247.110825
248.12605
248.8015
249.432325
250.0026
253.6908
253.97755
256.73575
256.750425
256.761975
256.807175
260.74305
