0.10865
0.15905
0.234675
0.39435
0.52685
0.589725
0.627375
0.6823
0.743
0.794
0.8293
0.91395
0.964425
1.003775
1.132125
1.168325
1.179825
1.187
1.20675
1.220625
1.2381
1.376575
1.450275
1.514625
1.620725
1.6705
1.732025
1.85085
1.8782
1.922475
1.9851
2.12345
2.232225
2.39235
2.47125
2.590375
2.690025
2.72345
2.7611
2.86845
3.073225
3.134625
3.178325
3.251575
3.29075
3.357475
3.439925
3.506425
3.580325
3.6783
3.734075
3.769275
3.860975
3.943225
4.0175
4.056325
4.5728
4.6372
4.699
4.778325
4.823875
4.919
4.975475
5.017875
5.022575
5.160475
5.224325
5.343925
5.372275
5.409575
5.4723
5.533925
5.5856
5.637575
5.70315
5.742375
5.844875
5.880275
5.89245
5.930125
5.977325
6.03435
6.08665
6.1373
6.19065
6.26105
6.2862
6.34205
6.3829
6.412975
6.4616
6.502925
6.596175
6.64115
6.716125
6.7436
6.81
6.852275
6.93995
7.025925
7.071775
7.13085
7.195275
7.241575
7.313775
7.378
7.43185
7.48745
7.54115
7.573475
7.6566
7.689875
7.718075
7.772575
7.8492
7.8818
7.896575
7.939625
8.004225
8.04015
8.064875
8.111925
8.1789
8.2013
8.230175
8.260025
8.2886
8.341825
8.65015
8.725575
8.847325
8.977125
9.03825
9.068725
9.12035
9.163
9.20815
9.352825
9.398725
9.492025
9.586025
9.6139
9.68205
9.7461
9.79465
9.82645
9.87815
9.981325
10.051475
10.08165
10.112275
10.28675
10.415925
10.4451
10.4885
10.520325
10.539975
10.620275
10.67115
10.7123
10.761
10.8432
10.9539
10.9959
11.05235
11.099325
11.11865
11.1285
11.2765
11.329725
11.367625
11.41595
11.471325
11.552075
11.5779
11.60295
11.637875
11.668575
11.71595
11.765575
11.8104
11.83545
11.844225
11.8492
11.933025
12.00215
12.032825
12.077625
12.136725
12.201875
12.231275
12.28365
12.328
12.49505
12.551875
12.60345
12.63635
12.689775
12.732275
12.759475
12.8388
12.884525
12.968325
13.03815
13.0876
13.126725
13.169
13.2197
13.28325
13.464025
13.5939
13.638675
13.724725
13.76025
13.84145
14.1627
14.22605
14.399525
14.511575
14.575075
14.660475
14.732075
14.8614
14.97685
15.016725
15.107225
15.323075
15.500375
15.589
15.64265
15.711725
16.114825
16.1913
16.2579
16.492925
16.672025
16.698875
16.802575
16.9278
16.96535
17.02845
17.187
17.25085
17.331975
17.3734
17.58605
17.623875
17.635975
17.657125
17.725025
17.83355
17.887275
17.937625
18.065
18.2287
18.4815
18.513
18.57905
18.63205
18.688375
18.76505
19.0128
19.065525
19.146525
19.249775
19.30425
19.386525
19.4648
19.5331
19.59415
19.65975
19.717525
19.7987
19.934425
20.1294
20.204725
20.25925
20.32865
20.456775
20.51635
20.6272
20.739175
20.8736
20.943775
21.041975
21.1031
21.209325
21.257
21.300425
21.4783
21.502525
21.5596
21.793725
21.847
21.88305
21.926075
21.981475
22.01815
22.10915
22.16665
22.3096
22.3731
22.5193
22.59225
22.6744
22.735725
22.75135
22.772375
22.787
22.8741
23.058125
23.1226
23.148425
23.30385
23.39135
23.50905
23.658975
23.74805
24.030475
24.335175
24.451075
24.54605
24.647625
24.977825
25.11855
25.190225
25.26515
25.305925
25.3315
25.3749
25.413675
25.474225
25.54595
25.657375
25.7344
25.7816
25.871825
25.96955
26.08885
26.127275
26.22165
26.28415
26.34815
26.434675
26.58995
26.69885
26.7427
26.92225
27.052475
27.1015
27.23805
27.309425
27.44155
27.582125
27.704575
27.75505
27.9637
27.99625
28.03775
28.270375
28.44185
28.8404
29.00385
29.0122
29.054925
29.169625
29.174975
29.19645
29.3666
29.51515
29.577225
29.6349
29.800475
29.879925
29.95905
30.01515
30.206575
30.290825
30.34285
30.454225
30.580725
30.626
30.723375
30.794325
30.8526
31.01275
31.019875
31.036525
31.106625
31.46965
31.561975
31.86625
32.11875
32.18355
32.22495
32.6115
32.798075
32.963875
33.000375
33.048575
33.2631
33.299175
33.72855
33.8212
33.882375
33.96105
34.063825
34.1212
34.203775
34.307225
34.463275
34.55525
35.450125
35.632275
35.64045
36.455825
36.473925
36.567825
36.580925
36.59355
36.734
36.8518
37.102475
37.4626
37.893075
37.996325
38.1008
38.149775
38.157025
38.198825
38.456175
38.57415
38.674975
38.735325
38.92045
38.9773
39.06875
39.08645
39.1375
39.198675
39.228625
39.423925
39.5128
39.59995
39.64825
39.693725
39.765025
39.80515
39.8658
39.930425
40.02425
40.209825
40.253125
40.27835
40.365225
40.47445
40.52035
40.5661
40.622075
40.6787
40.74495
40.797575
40.847525
40.863575
40.899925
40.94705
41.158975
41.245575
41.28535
41.436525
41.550375
41.61445
41.673
41.73035
41.78995
41.869925
41.985575
42.07455
42.231375
42.304625
42.400325
42.457025
42.505175
42.635225
42.722075
42.9971
43.09305
43.16655
43.3038
43.3084
43.410225
43.455475
43.5659
43.586925
43.693175
43.757975
43.854925
43.92445
43.9913
44.081425
44.1231
44.186675
44.229975
44.280325
44.32225
44.3412
44.374175
44.4135
44.5147
44.54305
44.6281
44.673875
44.730775
44.794675
44.870425
45.08165
45.13175
45.199625
45.203275
45.26835
45.302775
45.31625
45.4412
45.492925
45.5198
45.670825
45.7179
45.76265
45.788075
45.860675
46.24965
46.31855
46.4409
46.502475
46.52325
46.55605
46.580825
46.648975
46.69415
46.732775
46.8029
46.841325
46.863
46.877025
46.908075
46.930975
46.9633
47.002175
47.044475
47.0892
47.133675
47.1728
47.226175
47.4128
47.532875
47.630925
47.6803
47.714825
47.79915
47.84955
47.940375
47.993025
48.033525
48.13935
48.2387
48.296725
48.42945
48.49015
48.537725
48.5732
48.6222
48.66325
48.737275
48.775875
48.824575
48.91995
48.94965
48.9878
49.040925
49.108025
49.27515
49.33175
49.41155
49.492325
49.594575
49.64535
49.708175
49.739225
49.782525
49.81865
49.87495
49.913775
49.9591
50.0254
50.074075
50.19065
50.242
50.3894
50.4635
50.5552
50.610225
50.646725
50.6946
50.76015
50.89845
50.941375
50.9818
51.02145
51.238475
51.295075
51.32635
51.3665
51.429925
51.469825
51.5277
51.79485
51.928825
51.963325
52.004175
52.088525
52.10765
52.144625
52.3211
52.38635
52.45145
52.629125
52.803275
52.922325
53.071275
53.13835
53.2168
53.2617
53.32965
53.3894
53.6041
53.6838
53.74885
53.81365
53.882625
53.911075
54.02765
54.34135
54.452575
54.738
54.891475
55.00335
55.076025
55.33735
55.434325
55.5169
55.57355
55.840875
55.9598
56.237525
56.3575
56.478975
56.5274
56.58
56.63215
56.692325
56.731225
56.768425
56.8445
56.90005
56.9403
57.019675
57.163025
57.2351
57.3646
57.4553
57.505275
57.55665
57.6226
57.64085
57.67015
58.121825
58.27365
58.728725
58.973275
59.06625
59.13835
59.215925
59.295025
59.402525
59.444125
59.49965
59.606475
59.6758
59.766925
60.014975
60.08515
60.159275
60.2835
60.284425
60.33305
60.434675
60.468325
60.50435
60.54975
60.835875
60.93645
61.0349
61.138875
61.2669
61.342125
61.432
61.5183
61.5516
61.645775
61.716725
61.75695
61.8202
61.878975
62.006025
62.093225
62.14885
62.206475
62.345275
62.433125
62.48295
62.6008
62.750925
62.972975
62.991575
63.026225
63.110575
63.189625
63.284275
63.3693
63.422125
63.511775
63.568775
63.714525
63.862125
64.085525
64.2401
64.27925
64.3433
64.421475
64.4808
64.522125
64.739425
64.7805
64.8343
65.20245
65.261125
65.3902
65.454675
65.52545
65.62375
65.75215
65.7581
66.0473
66.212775
66.259975
66.2726
66.2749
66.3497
66.38515
66.432075
66.47055
66.554375
66.698725
66.8886
66.991575
67.0673
67.2376
67.40785
67.4748
67.500875
67.518025
67.569125
67.6615
67.8745
67.94285
67.9862
68.06095
68.13865
68.18885
68.24385
68.298725
68.367075
68.42635
68.501825
68.5087
68.5103
68.530725
68.541475
68.562075
68.574625
68.69315
68.695225
68.767
68.8485
68.9585
69.066775
69.11485
69.132775
69.197275
69.33735
69.43735
69.450475
69.655675
69.763625
69.846775
69.923475
69.965575
69.99305
70.0484
70.0974
70.1598
70.20665
70.25655
70.31015
70.346125
70.385575
70.433325
70.465175
70.534875
70.568725
70.630225
70.7424
70.78915
70.925325
70.965675
71.016875
71.044525
71.089125
71.123775
71.2035
71.2657
71.3189
71.333275
71.3711
71.395175
71.45255
71.5424
71.605025
71.774375
71.905675
71.958825
72.04935
72.0953
72.1338
72.2231
72.282425
72.342175
72.393925
72.46325
72.50965
72.55855
72.614975
72.724325
72.9484
73.022625
73.1268
73.196325
73.2637
73.3329
73.392225
73.4683
73.51935
73.56245
73.60885
73.68375
73.757625
73.81525
73.89
73.954425
74.00245
74.092675
74.1514
74.2074
74.250975
74.338275
74.407
74.442975
74.45705
74.494625
74.63365
74.666475
74.7075
74.800025
74.868275
75.047375
75.13165
75.289325
75.587525
75.68635
75.791575
75.8467
75.896225
75.95325
76.0241
76.052725
76.138
76.17535
76.26565
76.313925
76.3447
76.3737
76.420275
76.5881
76.68315
76.725875
76.786475
76.9103
77.056075
77.230425
77.30385
77.373525
77.4783
77.54785
77.599825
77.68645
77.8072
77.859575
77.9074
77.964725
78.086625
78.171475
78.2196
78.265275
78.3043
78.365675
78.461275
78.60215
78.89195
78.97795
79.030775
79.161025
79.19245
79.2616
79.372825
79.518
79.637175
79.638475
79.716325
79.757975
79.8371
79.89515
79.960175
79.99945
80.06455
80.1172
80.178775
80.25065
80.297975
80.3666
80.39245
80.42705
80.62615
80.667425
80.726275
80.803975
80.8779
80.950425
81.008925
81.05655
81.13125
81.16935
81.22025
81.2733
81.31975
81.378475
81.4402
81.535225
81.5674
81.590275
81.6214
81.68135
81.72685
81.77125
81.831625
81.924475
81.983675
82.03965
82.082525
82.137925
82.20335
82.272025
82.307275
82.36095
82.433975
82.527
82.622675
82.652275
82.800525
82.870825
82.901575
82.996425
83.1077
83.172925
83.22185
83.2774
83.33295
83.3464
83.388825
83.506575
83.56595
83.6303
83.695075
83.87535
83.93945
83.96895
84.05915
84.11945
84.1859
84.239675
84.287925
84.335975
84.3747
84.41955
84.444
84.477
84.560525
84.68315
84.7531
84.8038
84.911625
85.041175
85.247825
85.4077
85.47145
85.517
85.54695
85.5738
85.579275
85.586775
85.600325
85.622825
85.703075
85.724875
85.87505
85.99365
86.0502
86.128875
86.2394
86.302625
86.313075
86.323125
86.342675
86.36675
86.5994
86.6688
86.91095
87.2152
87.255175
87.3635
87.44905
87.552575
87.80325
87.89665
88.00315
88.11945
88.19755
88.36125
88.3844
88.46855
88.506425
88.629675
88.6768
88.7081
88.78025
88.847075
88.907
89.080825
89.129375
89.166075
89.3211
89.323175
89.416125
89.5388
89.637675
89.7089
89.7627
89.880975
89.9506
90.002
90.08245
90.15675
90.253
90.305325
90.331925
90.38005
90.40255
90.5291
90.60055
90.71975
90.826625
90.91475
91.0368
91.124225
91.21835
91.2782
91.33315
91.418275
91.46115
91.531325
91.591925
91.6544
91.740875
91.85365
92.036125
92.386525
92.497375
92.504275
92.600025
92.715925
92.7682
92.866925
92.907225
92.952075
93.019075
93.080625
93.300525
93.6756
93.729025
93.8349
94.2094
94.24065
94.295675
94.3421
94.4247
94.49795
94.531325
95.0271
95.334675
95.474925
95.6458
95.685225
95.863325
95.973
96.0188
96.0894
96.2448
96.4939
96.616175
96.7217
96.8106
96.92735
96.974225
97.2299
97.326375
97.42465
97.513525
97.572775
97.6282
97.69155
97.791275
97.862725
97.906775
97.9779
98.1508
98.49845
98.562925
98.694275
99.030925
99.13735
99.207
99.262925
99.313875
99.3795
99.56965
99.61055
99.6958
99.807275
99.87365
99.935675
99.9918
100.0544
100.087325
100.123725
100.16925
100.215125
100.2514
100.3158
100.438375
101.160075
101.22345
101.3186
101.34505
101.45835
101.52935
101.620275
101.681475
101.71965
101.744575
101.795625
101.987125
102.13925
102.21965
102.31245
102.3791
102.540625
102.61455
102.6458
102.722625
102.933025
103.01125
103.222375
103.293875
103.4886
103.555175
103.609275
103.68245
103.73045
103.8094
103.910025
104.249725
104.393625
104.46895
104.557325
104.66835
104.699
104.862575
104.887425
104.97285
104.99735
105.0824
105.14285
105.210675
105.259675
105.299275
105.383625
105.43665
105.5079
105.5504
105.597575
105.738375
105.9371
106.03
106.104475
106.1947
106.2996
106.403425
106.47505
106.531
106.585175
106.638975
106.652
106.65845
106.70255
106.733225
106.79395
106.858375
106.876725
106.919775
106.978825
107.005475
107.0622
107.103325
107.16205
107.297275
107.506675
107.5798
107.63835
107.71825
107.765125
107.814775
107.845725
107.91815
107.969625
107.978775
107.999375
108.07085
108.1314
108.19785
108.26375
108.36825
108.4938
108.58205
108.6581
108.7487
108.83615
108.897075
108.942675
108.973075
109.038925
109.074125
109.122875
109.230275
109.287925
109.346475
109.477375
109.522225
109.589675
109.66145
109.7327
109.77945
109.8619
109.89745
109.95385
110.3943
110.4458
110.527325
110.58835
110.635325
110.7058
110.74205
110.86775
110.950225
111.030825
111.0631
111.1429
111.3318
111.570825
111.96925
112.159175
112.2051
112.274725
112.32325
112.386225
112.5162
112.5856
112.65595
112.785225
112.8352
112.86165
112.940925
113.02045
113.10615
113.181325
113.222775
113.256925
113.292325
113.3784
113.4297
113.602975
113.6253
113.699775
113.735725
113.764225
113.870875
113.926575
113.963725
114.0145
114.3085
114.380875
114.4228
114.49225
114.557675
114.63455
114.75025
114.813725
114.84995
114.898175
114.982325
115.064675
115.116575
115.1557
115.298775
115.488175
115.561375
115.638925
115.8116
115.890025
115.970925
116.035925
116.1053
116.155575
116.248225
116.3034
116.39315
116.4281
116.51215
116.543
116.570025
116.597225
116.631975
116.801825
117.0479
117.1149
117.156875
117.21355
117.2779
117.3666
117.407975
117.467775
117.517925
117.64505
117.8079
117.85745
117.912225
117.955225
118.0917
118.160925
118.2746
118.3186
118.501925
118.541125
118.63655
118.887825
118.98075
119.04125
119.113475
119.173125
119.215725
119.301875
119.43335
119.718525
119.77105
119.8907
119.911725
119.927975
119.9641
120.347575
120.4117
120.5996
120.699125
121.012975
121.13225
121.157425
121.224175
121.4439
121.508075
121.60265
121.6656
121.7592
121.82165
121.962775
122.0644
122.143325
122.236075
122.326725
122.378225
122.429025
122.525
122.611325
122.665875
122.784725
122.87395
122.92495
122.9984
123.02945
123.0757
123.11635
123.151325
123.25565
123.512375
123.6638
123.740475
123.8151
123.945975
123.995525
124.024425
124.068975
124.1128
124.127475
124.194475
124.325625
124.511
124.65925
124.718125
124.79485
124.858275
124.935225
124.9939
125.228425
125.32125
125.383175
125.4704
125.587475
125.689475
125.76
125.8171
125.903525
125.96295
126.075625
126.185425
126.28815
126.456725
126.54635
126.6188
126.672425
126.716675
127.0072
127.108125
127.460675
127.6194
127.697875
127.763725
127.851
127.917425
127.969775
127.99995
128.0756
128.223625
128.29715
128.472075
128.553675
128.635425
128.716375
128.77295
128.79985
128.8416
128.9783
129.0188
129.0635
129.092625
129.12355
129.1436
129.1867
129.227325
129.2483
129.326375
129.426675
129.489425
129.573525
129.648725
129.72965
129.784075
129.90275
129.96635
130.00765
130.07925
130.3544
130.4429
130.531125
130.579925
130.632725
130.706775
130.74065
130.83965
130.8496
130.889375
130.961125
131.037025
131.1448
131.18495
131.2445
131.310725
131.383225
131.454325
131.5497
131.65145
131.7283
131.7848
131.90885
131.943225
131.974625
132.010425
132.166575
132.2965
132.3871
132.5081
132.5723
132.6285
132.751725
132.803425
132.8463
132.899275
132.97425
133.04775
133.124225
133.172625
133.239275
133.34185
133.380175
133.50715
133.550575
133.622725
133.68755
133.739325
133.819525
133.90465
133.9589
134.033975
134.078375
134.1269
134.175825
134.207525
134.24115
134.33895
134.362575
134.379375
134.386325
134.388125
134.455675
134.476775
134.5141
134.575175
134.68915
134.866025
135.07665
135.137275
135.2105
135.225725
135.24705
135.325325
135.3573
135.4394
135.498225
135.622
135.685975
135.76385
135.820975
135.894275
135.99095
136.05385
136.09505
136.159675
136.211625
136.288725
136.326075
136.3463
136.408725
136.459
136.513
136.57555
136.6544
136.718825
136.7491
136.796475
136.855125
136.990275
137.091175
137.130575
137.173175
137.2896
137.356775
137.3667
137.392775
137.432025
137.531525
137.648175
137.69245
137.736775
137.80725
137.8956
137.9507
138.021175
138.074625
138.14655
138.241725
138.280825
138.33995
138.39165
138.44885
138.65465
138.6745
138.7412
138.786375
138.837125
138.9635
139.0354
139.0832
139.196425
139.33755
139.343
139.348325
139.381325
139.41825
139.598725
139.672975
139.701675
139.750775
139.9524
140.084775
140.143775
140.235425
140.277575
140.31745
140.3871
140.395875
140.421275
140.4685
140.4856
140.543275
140.5954
140.640775
140.694125
140.746075
140.81525
140.857225
140.99465
141.097375
141.178225
141.229625
141.300125
141.31985
141.36775
141.406125
141.5284
141.610925
141.73965
141.919475
142.090425
142.1612
142.211525
142.342175
142.433725
142.57645
142.63865
142.8115
142.8438
143.0443
143.1124
143.15595
143.181375
143.31005
143.358025
143.4615
143.512675
143.556875
143.599175
143.695925
143.977525
144.010325
144.14545
144.1678
144.3577
144.46305
144.64775
144.723625
144.799525
144.851775
145.011925
145.093775
145.1451
145.659775
145.71535
145.82615
145.915075
146.00065
146.32825
146.4328
146.5648
146.679
146.744925
146.7886
146.846725
146.9967
147.021825
147.078525
147.1019
147.239425
147.280625
147.338925
147.4115
147.515275
147.573825
147.646325
147.74275
147.819825
147.89865
147.948375
148.0206
148.129225
148.216975
148.2677
148.380875
148.449225
148.5052
148.5555
148.588275
148.718025
148.796075
148.85705
148.91185
148.929075
148.960925
149.017075
149.0679
149.22105
149.305475
149.354525
149.686725
149.754175
149.871675
149.928975
149.99645
150.042475
150.1259
150.18325
150.5066
150.5661
150.6381
150.6801
150.743375
150.81335
150.87485
150.941425
151.0048
151.06
151.124475
151.166425
151.197725
151.212575
151.22045
151.242125
151.3245
151.388475
151.46605
151.536575
151.616075
151.648875
151.698325
151.747
151.887575
151.9695
152.014
152.117825
152.234225
152.291175
152.5058
152.69635
152.73305
152.87195
152.9379
152.97865
153.0393
153.074325
153.11985
153.186125
153.272725
153.326925
153.406925
153.447425
153.478875
153.516075
153.551625
153.63115
153.681275
153.9914
154.05325
154.137575
154.18715
154.302375
154.34205
154.571875
154.6464
154.693925
154.736125
154.804625
154.8553
154.921325
154.97325
155.030775
155.09075
155.135625
155.20035
155.246575
155.372425
155.40145
155.429425
155.520125
155.61085
156.0323
156.12515
156.192975
156.2688
156.419875
156.480775
156.550475
156.606
156.637025
156.703475
156.77145
156.875125
156.981
157.146
157.276325
157.3837
157.432675
157.446475
157.720575
157.789225
157.8579
158.07365
158.325725
158.520025
158.59555
158.798325
159.017825
159.161875
159.2379
159.28765
159.371575
159.433425
159.498825
159.68155
159.7004
159.7977
159.8469
159.9059
159.98795
160.02305
160.184375
160.258275
160.469725
160.622625
160.729075
160.8008
160.99935
161.023475
161.130675
161.2014
161.28695
161.4153
161.530575
161.59495
161.6571
161.7076
161.752225
161.80515
161.868825
161.926275
162.0804
162.127
162.30625
162.485425
162.6792
162.73855
162.79885
162.853975
163.092025
163.225125
163.48505
163.607175
163.66805
163.714025
163.782525
163.9388
164.0015
164.087425
164.251475
164.357925
164.39695
164.435775
164.517375
164.61445
164.638925
164.846375
165.103625
165.174
165.265425
165.3176
165.35035
165.367625
165.41895
165.484325
165.7557
165.90275
165.9677
166.0607
166.116275
166.12295
166.161425
166.195225
166.238775
166.36335
166.397775
166.44385
166.513875
166.546225
166.618325
166.674775
166.74145
166.761325
166.830575
167.027525
167.090775
167.1925
167.24015
167.31595
167.3531
167.515125
167.583575
167.6426
167.7168
167.797825
167.85815
167.929475
168.034975
168.0932
168.122825
168.1993
168.25995
168.316075
168.37195
168.439275
168.505925
168.540275
168.604025
168.7309
168.7513
168.7879
168.8562
168.938775
169.0225
169.074775
169.156275
169.198475
169.2993
169.421925
169.4752
169.618075
169.642825
169.6441
169.666225
169.711225
169.769475
169.8122
169.945875
169.973625
170.020925
170.205475
170.274725
170.338625
170.4106
170.552325
170.714775
170.777325
170.870625
170.99725
171.07675
171.137725
171.217375
171.25695
171.338675
171.5325
171.63235
171.756775
171.800975
171.8302
171.8811
171.952275
172.022375
172.1204
172.177775
172.261725
172.316775
172.385
172.50915
172.73645
172.77415
172.821875
172.971975
173.08715
173.139025
173.28305
173.8099
173.9528
174.041775
174.16825
174.259275
174.322975
174.41495
174.4828
174.54525
174.61985
174.6955
174.759775
174.832775
174.8693
174.912025
174.95205
174.98595
175.006125
175.043725
175.235425
175.394775
175.465
175.640125
175.64935
175.69395
175.773275
175.85205
176.106625
176.225325
176.408625
176.694375
176.756075
176.8808
176.91375
176.979675
177.0101
177.029825
177.08005
177.113625
177.152525
177.237675
177.31475
177.382525
177.541575
177.602175
177.67745
177.7397
177.901225
177.973675
178.062975
178.216225
178.3
178.382925
178.4421
178.49765
178.623925
178.688925
178.7788
178.804575
178.8363
178.8696
178.9962
179.0892
179.187675
179.26505
179.289875
179.346975
179.6868
179.708575
179.769275
179.8401
179.894425
179.910925
179.93885
180.41935
180.5071
180.74235
180.8136
180.84805
180.9224
181.182
181.2948
181.365125
181.455675
181.6663
181.733275
181.79895
181.871125
181.9036
181.9864
182.342925
182.441425
182.53315
182.594225
182.6983
182.862875
182.94445
183.00035
183.073375
183.187525
183.26405
183.368025
183.4642
183.567925
183.767675
183.79905
183.88615
183.937375
183.9877
184.03175
184.1033
184.163625
184.21885
184.34285
184.429125
184.534175
184.6328
184.688475
184.80185
184.827775
184.82935
184.853275
184.99065
185.08635
185.250825
185.3384
185.424825
185.48455
185.5789
185.631575
185.699525
185.7383
185.8326
185.936475
185.997025
186.07515
186.114725
186.2191
186.33915
186.389625
186.400225
186.4129
186.4276
186.43025
186.453325
186.5304
186.639125
186.7234
186.830925
186.892975
186.97215
187.09785
187.1988
187.20085
187.222225
187.246
187.259725
187.29315
187.309425
187.354625
187.402775
187.459825
187.50905
187.567725
187.597575
187.6637
188.1462
188.675275
188.78155
188.84705
188.95205
189.0643
189.1462
189.518
189.593425
189.86565
190.005575
190.23415
190.4905
190.5808
190.66165
190.71225
190.9061
191.265125
191.57195
191.711075
192.1661
192.6301
192.6887
193.133975
193.389275
193.617425
193.9361
194.194275
194.287325
194.40175
194.41755
194.46325
194.576725
194.6038
194.6355
194.927575
195.117125
195.175325
195.256325
195.360175
195.5018
195.56745
195.996175
196.0856
196.21085
196.27735
196.331
196.419725
196.475475
196.522675
196.592975
196.718425
196.869075
196.889
196.90645
196.958225
197.004725
197.060725
197.1855
197.272525
197.458275
197.46735
197.4994
197.526525
197.561
197.633
197.7069
197.801675
197.91925
198.0809
198.171275
198.224225
198.332225
198.378525
198.443275
198.5121
198.537575
198.5662
198.65275
198.7537
198.8541
198.940875
198.97275
199.103825
199.17095
199.24225
199.354675
199.3952
199.455325
199.514325
199.586625
199.618775
199.708225
199.7932
199.8754
199.9595
200.0046
200.17935
200.2212
200.2524
200.3114
200.62495
200.72635
200.828125
201.05135
201.167425
201.2262
201.2691
201.2819
201.4703
201.628125
201.795325
201.975525
202.045
202.128125
202.177875
202.26965
202.3262
202.446075
202.469575
202.725075
203.1877
203.2519
203.282075
203.31045
203.348275
203.384675
203.4767
203.566175
203.70795
204.067
204.2123
204.63215
204.91285
205.031875
205.2285
205.36315
205.372875
205.456575
205.78495
205.95055
206.1993
206.212025
206.3481
206.417225
206.660075
206.922875
206.964375
207.15185
207.198
207.448125
207.5672
207.767075
207.811025
207.90435
208.135
208.3525
208.484625
208.568225
208.707775
208.749975
208.7746
208.8746
209.07365
209.254325
209.387875
209.652025
209.725325
209.87535
210.003975
210.153325
210.304175
210.4148
210.460425
210.63185
210.712275
210.91745
211.029425
211.123625
211.267225
211.32435
211.4479
211.5549
211.660225
211.75055
211.80465
211.859425
211.955325
212.106675
212.20715
212.472825
212.741375
212.849325
212.908425
213.0108
213.247325
213.61565
213.666175
213.7118
213.845175
213.9673
214.034425
214.1337
214.203125
214.3238
214.491475
214.61535
214.6377
214.685075
214.70695
214.74
214.901675
215.163575
215.193575
215.275625
215.3633
215.39565
215.4453
215.52705
215.698
215.763725
215.851975
216.026575
216.1562
216.232775
216.317275
216.36985
216.451075
216.495775
216.582725
216.643375
216.6775
216.7711
216.840825
216.899025
217.150625
217.220525
217.274275
217.3783
217.54125
217.6634
217.7374
217.8091
217.85165
218.009925
218.052525
218.091575
218.120425
218.1413
218.23955
218.351025
218.419475
218.501975
218.580625
218.6369
218.69405
218.870825
219.0386
219.103625
219.26825
219.305825
219.357675
219.57195
219.900075
220.04845
220.24905
220.382975
220.53595
220.783475
220.889225
221.00145
221.089975
221.26625
221.417875
221.74355
221.815825
221.96025
222.1307
222.193275
222.2174
222.30315
222.68855
222.80225
222.8873
223.053225
223.311475
223.407975
223.561125
223.883275
224.0234
224.108775
224.225475
224.33465
224.45835
224.627075
224.8333
224.898
225.0259
225.064625
225.118925
225.1555
225.255375
225.508625
225.66655
225.798775
225.878775
225.96895
226.53875
226.72055
226.7445
226.781725
226.849225
226.996375
227.2534
227.3601
227.45335
227.5342
227.614425
227.6804
227.77345
227.82115
227.850375
227.90905
228.0316
228.136325
228.204375
228.257225
228.345275
228.552525
228.6751
228.7291
228.8241
228.923125
229.0196
229.074025
229.119975
229.159525
229.2032
229.27185
229.348875
229.6192
229.699525
229.790325
229.921625
229.923975
229.977125
230.2162
230.270775
230.325
230.3909
230.445
230.611125
230.692
230.734025
230.867225
230.92805
231.071
231.1878
231.320475
231.556375
231.5718
231.66525
231.695875
231.77895
231.85185
232.162825
232.243425
232.31875
232.394725
232.5319
232.65305
232.723775
232.765275
232.8526
232.930525
233.012775
233.0997
233.185775
233.2289
233.3218
233.3964
233.451175
233.5038
233.636025
233.72445
233.99635
234.0531
234.1778
234.382075
234.49425
234.620325
234.662375
234.73755
235.0476
235.480525
235.51095
235.609
235.9521
236.17905
236.292175
236.429
236.506675
236.565375
236.69455
236.773425
236.8416
237.227525
237.516225
237.63775
237.66615
237.72005
237.762825
238.201825
238.27145
238.3709
238.4824
238.580225
238.773925
238.860725
238.934275
239.278075
239.6006
239.75605
239.9615
240.084
240.50705
240.63175
240.6631
240.667475
240.69935
240.7463
240.780275
240.9415
241.003225
241.1105
241.18165
241.26695
241.358225
241.457525
241.654075
241.7589
242.04515
242.6882
242.790225
242.865225
243.14875
243.313925
243.58625
243.692825
244.063075
244.1704
244.202025
244.212
244.2402
244.339425
244.522225
244.775625
