7.5899
7.913325
9.18935
36.2355
41.7139
41.72465
41.7394
41.765725
41.767925
41.7875
41.812525
41.8272
41.837
41.858475
41.86825
41.8817
41.892525
41.91245
41.928625
41.940575
41.955075
41.986125
42.008575
42.05335
43.97605
44.61435
45.213
46.20465
50.4374
67.186075
68.492525
77.9116
82.787475
82.9149
82.971825
91.1921
91.25395
91.2619
91.273725
91.282675
91.29625
91.3078
91.3197
91.33235
91.34335
91.354425
91.364425
91.37465
91.39165
91.408175
91.422575
91.4417
91.4625
91.487175
91.67125
92.67345
92.691825
95.068775
96.613975
109.01685
119.878225
140.155025
143.721925
151.439275
160.52675
165.620675
170.3623
174.0777
174.243325
185.086875
191.8805
194.913975
214.96045
217.737125
217.95535
223.295775
