2.76355
3.025075
3.889575
4.63725
5.217275
5.497975
6.4221
6.425825
7.0077
7.029075
7.726675
8.67505
9.300575
10.152325
12.0485
15.009875
15.4065
15.9468
17.4482
17.457675
18.35465
18.7897
18.794575
19.882075
20.1719
20.243925
21.626475
21.676275
21.68485
21.697
21.745825
22.2504
23.3078
24.490475
25.54625
25.596875
25.778125
28.038075
28.650075
28.6974
30.444675
30.987675
31.119125
31.15095
31.5605
31.66625
31.68235
31.69175
31.950325
32.045625
34.1154
34.424625
35.124125
35.65325
35.657625
36.420575
37.34325
37.5327
37.5445
38.503525
38.50775
38.768125
39.696025
39.737475
39.748875
39.8465
40.286525
40.315575
40.61855
40.62205
40.64805
42.59965
43.10385
43.5318
43.690375
45.2319
46.096025
50.24865
50.314025
50.79985
52.187475
52.615825
52.620075
52.85665
52.8719
53.350975
55.040825
55.337675
57.2149
58.15135
59.5814
59.585225
60.068475
60.963975
62.32915
62.804925
62.9054
64.397725
64.51145
64.754875
64.79495
64.88755
65.022425
65.9016
66.7672
67.323025
67.636025
67.639725
67.983575
67.988925
69.199
69.496375
69.523
70.3467
71.272275
72.45195
73.0055
73.00915
73.455575
74.2214
74.697175
76.71755
77.187675
77.529225
78.46615
78.4726
78.477825
79.0622
79.8256
81.137425
81.223575
81.528925
81.82635
81.830675
82.199125
82.62205
84.042375
85.145625
85.14965
85.154775
85.999325
86.07015
86.44855
86.466475
88.874
88.88395
89.013075
89.022825
89.18055
90.030125
90.547725
90.5726
90.580475
90.586475
92.9226
93.14275
93.49555
93.49945
93.609525
93.673225
94.1715
95.244175
95.580325
95.80915
96.980125
97.008725
98.380575
98.403675
99.470075
99.47385
101.258825
103.042875
103.3857
103.479725
103.4978
104.033325
104.04155
104.83675
104.840175
107.221775
108.521825
109.5237
110.136575
110.237375
110.24365
110.99085
111.135725
111.8784
112.059725
112.063475
112.06715
112.07165
112.643775
113.215225
113.68285
113.962675
114.519425
114.524325
114.6341
114.642575
116.2569
116.749375
116.753925
116.758975
116.797775
119.5386
120.364225
121.22885
121.618425
121.953875
122.30025
123.284075
123.6926
124.0358
125.84545
125.869975
126.888625
126.91915
126.93145
127.890925
128.3978
128.402225
128.57955
129.9242
129.936375
131.1552
131.176625
131.450675
131.832425
131.8383
131.848575
131.8651
132.016025
132.057775
132.170925
133.945275
133.94825
133.9511
133.9546
134.209825
134.973175
137.573925
137.754625
137.760475
138.6168
138.7454
139.47835
139.895125
140.231575
140.43285
140.79355
140.8006
141.910225
142.821325
142.829
143.62105
143.9027
145.82235
147.15655
147.438025
147.45495
147.594125
148.93205
150.95935
150.964475
152.114
152.13595
152.693875
152.856375
152.995325
153.013725
153.49825
154.0839
154.411025
154.73675
154.758
154.808975
155.2217
155.27395
155.2787
155.2833
155.289225
156.118175
156.43615
157.058875
157.063625
157.541
157.598475
158.349475
158.451725
159.143075
160.116175
160.34015
160.69825
161.6867
161.693125
161.7145
161.722225
161.76315
162.433725
162.61285
162.648525
162.653525
162.818925
162.97555
162.9897
163.354175
164.2594
164.266375
164.815175
165.276325
165.64415
166.3716
166.37435
166.71825
166.721725
167.00745
167.0109
167.070325
167.5722
168.338925
169.256475
169.25975
169.2681
169.987875
171.187025
171.5745
171.578075
173.6478
173.653175
174.719225
174.837475
175.03845
175.778875
175.7824
175.7888
176.148675
176.4295
176.46725
176.5678
176.637875
176.643525
176.952525
178.1371
178.1404
178.423975
178.99755
179.641225
179.645975
179.671025
180.0751
180.545225
180.989475
180.992275
180.994975
180.9999
181.292725
181.2979
184.42995
186.170175
187.193
188.044275
188.04895
188.572525
188.902025
189.2469
189.672325
189.901625
189.90685
190.368425
190.7652
192.0328
192.636
192.641125
192.858825
193.27405
193.884075
194.08975
194.9656
195.093975
195.4194
195.42515
196.2396
196.251075
197.658975
197.6627
197.96135
198.300175
198.661975
200.249825
200.253
200.7748
200.778675
203.090025
203.1324
203.50535
203.515125
203.61915
203.64475
203.829625
203.925275
204.069425
204.439325
204.47525
204.533325
204.768525
204.772075
204.77765
204.783875
204.8155
205.2603
205.8955
205.92895
206.126975
206.1325
206.142425
206.15735
207.147075
208.40625
210.3506
210.41595
210.57515
210.72385
210.7571
211.36225
212.192775
212.6131
212.6683
213.71855
214.067275
214.55485
214.558625
215.185725
215.740925
216.34325
216.3471
216.49275
216.794875
218.31265
218.728075
219.0291
219.470725
220.272375
220.4037
220.628725
221.57745
222.53775
222.662425
222.9932
222.99735
223.0272
223.989925
224.1886
225.81905
225.82475
226.63795
227.64755
227.96975
227.973925
228.003375
228.549975
229.292
230.607675
230.6108
230.6174
231.017325
232.246025
232.733825
232.744275
233.545725
234.6398
235.0772
235.400725
236.0345
236.03795
236.575375
236.91405
237.306625
237.30975
238.535625
238.538825
239.332
239.335425
240.269
241.100625
242.0828
242.57065
243.1403
244.568675
244.574325
244.577125
244.607325
244.8191
245.165125
245.52465
246.992125
247.002175
247.00665
247.01175
247.29425
248.24405
248.271575
248.735925
250.558
250.565825
250.569375
250.579925
251.245475
252.569075
252.696325
253.375225
253.380375
253.872
254.189425
254.1935
254.213625
254.3265
254.4049
255.20325
255.206275
255.459025
255.96045
255.964875
256.844625
257.315525
257.5744
257.619075
258.362725
258.687625
259.879175
259.88685
259.8924
261.49175
263.34195
263.54745
263.565175
266.0771
266.0803
266.451825
266.656375
267.2381
268.5619
269.64455
269.898275
270.689375
273.63445
273.658625
273.9875
274.8422
275.740475
275.954275
277.1407
277.144325
277.147875
278.092325
278.095475
278.09915
279.277025
279.32565
279.41985
279.85045
279.930825
281.3707
282.065125
282.2501
283.8587
284.23735
284.675125
284.919125
286.98265
286.987
286.99865
287.0029
287.83625
287.879475
288.148125
288.872475
290.037575
290.488275
291.7856
292.3524
292.81825
293.297675
293.3179
294.51955
295.863125
296.1333
296.466925
297.233775
297.696675
298.01595
298.02015
298.024075
298.239475
298.812325
298.81555
298.81885
299.609675
299.61255
299.615275
301.1036
301.10955
301.113375
301.888675
302.1932
302.55745
302.560925
302.566375
303.21905
303.727725
304.203025
304.444325
305.088525
305.09145
305.0943
305.09815
306.05155
307.03565
307.038875
307.668275
307.874725
307.982625
307.994525
309.307125
309.30825
309.76035
310.085675
310.65055
311.161725
311.1649
311.1681
311.171975
311.354175
311.35735
311.360825
311.364775
311.94865
312.323325
312.328225
313.3173
313.813075
313.93985
314.9673
315.37225
315.376375
316.2737
316.767975
317.541425
317.55665
319.095975
319.2162
319.7083
319.713375
320.630125
320.667275
320.67105
320.997875
321.72845
321.732025
321.7355
321.767475
322.21095
322.789025
323.923675
323.927
323.930475
324.408925
324.42135
325.2199
325.242125
325.5965
325.59915
325.60175
325.605275
325.612425
326.16775
326.170975
327.6693
327.987675
328.34585
329.271275
329.863025
330.004325
330.337675
331.4719
333.84755
334.537875
334.539
335.01875
336.190525
336.19355
336.196225
336.929675
337.059875
338.548925
338.552225
338.5555
340.5168
341.255375
341.258525
341.521725
343.270075
343.509625
344.5638
346.09665
346.1002
346.495625
346.498575
346.50325
347.5647
347.56775
347.571075
347.97845
347.981275
347.9825
348.575725
348.790225
350.634225
350.6387
351.319675
351.389975
351.6628
351.90025
352.26035
352.2833
352.774225
353.7136
353.7166
353.7232
355.327075
355.9107
355.913675
356.112475
356.856625
356.8602
357.4088
359.13175
359.4541
359.838675
359.84185
359.8449
360.32245
360.82215
360.824825
360.82805
361.613275
362.149
362.152675
362.536125
363.546725
363.549875
363.581775
364.030475
364.035775
364.906
364.909775
364.987975
365.235825
365.641525
366.178675
368.373825
368.376875
368.379925
368.83205
368.8354
368.851575
369.32005
369.8869
370.1919
371.17295
371.717425
372.105175
372.32105
372.5509
372.581375
373.197
373.23085
373.56255
373.583875
373.905575
374.046275
374.4847
374.487525
374.49045
375.183275
375.191025
375.5225
376.2115
376.214225
376.2168
376.220225
376.4933
376.49725
377.324025
378.089725
378.0928
378.6232
379.396925
379.78435
380.753925
381.5712
382.350225
382.825175
384.073325
384.076275
384.082125
384.1417
384.774175
386.125825
386.5432
386.54845
386.5885
386.93735
386.940875
387.062075
387.131625
389.1541
389.804875
389.808825
390.936925
392.26965
392.2707
392.628525
392.6327
393.41255
393.858475
394.0422
394.04875
395.1349
395.4982
395.754225
395.763175
396.194975
396.19825
396.201775
397.1574
398.931725
398.936175
398.95275
398.956475
398.959875
399.23625
399.2402
400.081475
400.0854
400.47735
400.825775
401.767075
401.772
402.451375
403.15275
403.2628
403.87315
403.876975
403.8794
404.537725
405.5828
405.598875
405.74785
405.80485
406.069925
408.6524
408.66795
409.68025
409.68905
410.039525
411.181775
413.326275
413.37335
413.508675
413.7511
414.336475
414.3412
414.398175
414.404975
414.447875
414.75195
414.756025
416.1885
416.76175
417.50395
418.126
418.137725
418.3984
419.559075
419.5634
420.0782
421.0819
421.085125
421.75975
422.135325
422.1384
422.14145
423.7309
425.475825
425.5433
426.111575
426.473
427.053125
427.753125
427.78635
427.80285
428.392025
428.423125
428.7764
428.77885
428.781375
428.78655
429.268825
429.2716
429.27455
429.278375
429.281525
429.5905
429.760025
431.35495
431.35815
431.361425
431.366225
431.378575
431.549
431.564675
431.74325
432.2031
432.48075
432.58305
432.9694
433.16835
433.48385
435.212475
435.37425
435.79015
435.7941
435.97975
437.138125
438.802775
439.519425
440.182125
441.315975
441.319625
441.324025
443.02565
443.858175
443.8645
443.8712
443.964925
444.389575
444.58955
444.911825
444.915125
445.696075
445.699125
445.70205
445.742075
445.7851
446.0357
446.402425
446.71095
446.89825
447.59375
447.73255
449.69255
450.0647
450.626225
450.629475
451.1804
451.7724
451.775475
451.778475
452.544325
452.6698
453.037275
453.0425
453.462775
453.468825
454.629375
454.6345
455.864525
455.8676
455.87045
455.902075
456.163475
456.22225
456.28765
456.340775
456.535825
456.761875
456.857975
456.981175
457.063025
457.362625
457.4082
457.517625
458.12315
458.55135
458.625725
458.6293
458.632175
458.635125
459.096475
459.536425
459.605375
459.729125
460.3016
460.316775
460.953975
461.188375
461.4355
461.441425
461.678825
462.1422
462.6663
462.69905
462.97555
463.4881
464.102375
464.174
465.1048
465.447475
465.451725
465.458175
465.460725
465.719075
465.742275
466.0953
466.4879
468.460375
468.8132
468.926625
469.3939
469.8728
470.483925
470.48635
470.48875
470.49145
470.5342
470.608275
471.422675
472.335625
472.3393
473.0311
473.03375
473.036625
473.040575
473.163475
473.5779
474.091425
474.094825
474.098525
474.389925
474.39415
474.89495
475.1318
475.64565
475.651325
475.95395
475.9575
476.772925
476.7764
477.092075
477.0969
477.743475
