2.800425
7.64645
7.653
10.27715
10.2878
14.6133
15.64685
15.821575
15.8307
18.198425
19.640825
22.480275
22.486075
22.497975
27.448825
28.202525
28.20875
28.2208
29.228825
32.588575
33.4866
33.499025
34.608025
36.38315
41.4827
48.7866
48.792025
48.794425
48.79905
48.806125
49.724725
54.821525
54.83685
59.6062
62.3981
62.4021
63.302025
63.314
64.626425
66.337525
66.838925
66.85235
70.20615
70.2125
70.223625
75.2996
75.44755
77.633225
78.29425
78.3758
82.717175
82.72325
87.02985
87.03635
89.83555
91.279725
93.23665
93.2421
93.250125
94.456525
96.99295
96.9977
98.026475
101.51735
101.523425
101.526275
103.54675
105.154175
106.137775
106.1583
106.167125
106.228975
106.255025
107.123675
112.066825
112.07375
113.2382
113.2429
113.258925
117.606275
118.326775
120.59205
120.806625
121.07225
121.519875
122.26
122.2677
122.970575
125.7203
126.806925
132.503575
133.30185
134.038275
134.043
139.502325
139.509825
140.771875
142.704825
143.472075
143.6114
145.407225
147.601525
147.751675
147.7599
149.19985
149.545275
149.551025
149.559425
150.328625
150.4478
150.46505
152.166
152.319175
152.797175
154.28495
157.1369
157.474825
157.48035
157.4908
157.8936
158.38725
159.437725
159.459325
160.79635
161.488075
161.494925
161.51475
162.14465
162.76045
165.731325
165.738
165.745575
165.9492
166.668375
167.0207
171.144675
174.0858
174.481975
174.630325
174.691475
176.2562
177.51395
177.518225
177.526025
181.249125
182.46235
186.0536
186.4103
187.7148
187.7361
188.367375
