0.72165
0.73005
1.102575
1.266775
1.5365
1.56515
2.04775
2.5905
3.363275
3.701
5.076275
5.957575
6.777725
7.444875
8.083225
9.403425
10.926
11.413125
11.70755
12.908925
12.920775
13.534325
13.5385
14.764625
14.7705
15.363575
15.675225
15.99175
16.9723
17.371475
19.838075
20.052275
20.579775
21.697075
21.704525
21.715675
22.027575
22.2727
22.49045
22.497075
22.813525
23.4423
24.469575
24.68615
26.535175
27.3406
27.53315
27.676125
27.7272
28.082825
28.094575
28.72675
29.015675
29.61375
29.83405
30.997025
31.515925
31.5217
31.53145
32.0765
32.723375
32.732525
32.743325
33.46165
34.004025
34.709425
34.857925
35.1866
35.448275
36.00895
36.02035
36.615525
38.050275
38.085
39.164325
39.7715
40.715025
41.0576
41.070725
41.445025
41.6187
41.641375
41.718375
43.28
43.930525
44.945375
45.43865
46.166925
46.254575
46.745025
46.757725
47.569575
48.31485
48.469225
49.229875
49.735325
50.047725
51.2695
52.0347
52.394975
54.025825
54.430625
54.73055
54.788325
55.64115
55.949925
56.728025
56.75365
56.86165
56.986225
57.0669
57.77225
57.781125
57.791875
57.806875
58.826125
59.025925
59.032225
60.09145
60.400025
60.714575
61.042425
61.2743
62.805825
63.725975
64.21705
65.2076
65.540825
67.067425
67.650725
70.709125
70.769225
70.774825
70.79245
73.14175
73.2674
74.2934
74.684125
74.839925
75.229925
75.6458
76.033125
76.55965
76.5752
76.59425
77.596575
77.8151
78.675175
79.490675
79.497075
83.187925
83.236275
84.506025
85.2701
85.559675
87.26125
87.2672
87.909675
88.215325
89.458275
89.586625
91.06265
91.579475
91.7576
92.29325
93.809475
94.05515
94.261375
94.26895
94.8066
95.132075
95.693625
96.84355
97.439675
97.684
97.879675
99.4902
100.102275
100.44425
100.7206
100.9105
102.0799
102.694175
102.97025
103.68325
103.92165
104.4205
105.004675
105.3969
105.447075
105.55775
105.652225
106.18955
106.639775
106.90785
106.922525
107.72755
108.1665
108.734775
108.79255
108.8162
110.773575
111.282625
111.309175
111.87105
113.393625
113.48215
114.43275
114.903125
115.1819
115.97035
116.656425
116.7048
116.89985
117.082325
117.096825
118.234875
118.403175
119.538575
120.6263
121.28085
121.5619
121.917575
122.062625
122.073225
122.49105
122.49835
122.9805
124.0329
124.497375
124.50315
124.51175
125.13265
125.363125
126.1809
126.5937
127.20555
127.43145
127.8016
127.9257
128.47875
128.677175
129.11095
129.66
129.90355
131.1804
131.6425
132.0609
132.068125
133.121225
133.141675
133.3922
133.48535
133.525975
133.545675
133.71295
133.9002
134.627425
135.36055
135.668975
136.614475
138.180725
138.380125
139.665225
139.671875
140.2336
140.43995
141.72375
141.968275
141.976225
142.327725
142.882975
143.580375
143.738075
144.366625
145.7052
146.449925
148.25395
148.262075
149.1813
149.53405
151.086175
151.702275
151.722775
151.741075
152.2997
152.306475
153.8618
153.871125
154.315375
155.03935
155.991125
157.42995
158.051825
158.538125
158.787975
160.303325
160.5952
160.859825
161.398225
161.797425
163.781625
163.8619
163.873275
164.05445
164.165925
164.5212
165.3964
165.666
166.60365
167.101825
168.86155
168.8905
169.594575
170.18655
171.314175
171.669025
171.6804
172.089575
172.098625
174.237975
174.244975
174.68965
175.156825
175.30065
176.51055
176.56735
176.9888
178.008825
178.014125
178.021
178.287325
178.7278
179.984025
179.992175
180.00245
180.258225
180.300325
180.74955
181.07175
181.443225
181.533525
183.5381
183.9854
183.99165
184.0129
184.41685
184.936775
186.05055
187.163425
187.434175
187.74405
189.04805
189.520475
190.8544
191.299275
191.451425
191.901675
191.91225
191.99765
192.00795
