0.913725
1.914125
3.496225
3.50085
3.50715
3.513225
3.54465
3.5928
4.23795
4.245
4.2617
4.7705
5.956
5.961025
5.97955
6.5896
6.595
6.60225
6.621525
6.721375
6.727275
6.733725
8.154475
8.162
9.42745
11.331925
11.3386
11.695475
11.720775
12.7656
12.7706
12.77705
12.794675
13.67605
13.681
13.690625
13.7023
14.46555
15.628025
15.6331
15.641175
15.658425
16.4285
16.438625
16.44925
17.20665
17.211675
17.2182
17.229475
18.304325
18.309375
18.317275
18.333175
19.958675
19.963
19.968625
19.974325
19.9857
20.2541
20.28175
21.221075
21.2263
21.233525
21.2483
21.5108
21.6979
23.332675
23.337875
23.344175
23.354425
26.154725
27.55
27.555425
27.5752
34.715275
34.72255
36.73145
39.08245
40.59595
41.07725
41.6233
41.629375
41.6364
41.73605
41.760025
41.7936
41.814825
43.266125
43.27135
43.279275
43.2919
43.29445
43.302925
43.50495
46.2699
46.274725
46.281375
46.2929
47.56165
47.5714
49.26605
49.432275
52.170125
52.4065
52.414175
55.9683
57.7749
60.99575
61.00025
61.007
61.038225
61.043675
62.253375
63.104475
63.1127
66.070725
66.891275
66.89585
66.9022
66.9082
66.93855
67.01995
67.02765
67.04955
70.0627
70.6006
70.605
70.60815
70.609725
70.615575
70.62245
70.902425
70.929475
75.434925
75.439525
75.4457
75.462925
76.2629
76.268975
76.276375
77.43845
77.843
77.84795
77.855575
77.8683
81.818175
81.8228
81.829725
81.852925
82.3556
82.372025
83.921475
84.0579
84.3401
84.34495
84.3512
84.3639
85.266525
86.0645
86.07475
86.0807
86.088325
87.244425
87.2729
90.4574
90.4622
90.467575
90.475625
90.4884
91.06095
91.07
91.53915
91.54415
91.55525
91.588275
94.00025
94.654075
94.6565
94.661575
94.668525
94.6701
94.6798
97.404275
98.015175
99.0771
99.081825
99.087925
99.102275
100.102675
100.92275
100.93505
100.944575
100.96745
101.57535
101.58075
101.587775
101.5946
101.615875
102.050675
102.0566
102.08375
103.125775
103.86085
103.865675
103.87265
103.881475
105.30455
105.30985
105.3196
105.346975
107.402525
107.4134
107.43915
108.15705
110.425975
110.7972
110.802475
110.8125
110.82025
114.809925
117.817175
117.822025
117.8299
117.839725
118.590825
118.596825
118.6158
119.601475
119.95255
120.416475
120.449725
123.975375
123.979975
123.987225
124.0058
124.988225
124.993275
125.00225
125.042225
125.0485
125.05645
130.01205
130.0175
130.033575
130.362775
130.37145
131.285975
132.53365
132.540425
132.5503
133.214825
133.22035
133.235475
133.371475
133.771625
133.784325
134.226375
136.216825
136.221575
136.228325
136.241275
136.718875
136.7205
136.724475
136.73355
136.746075
138.300675
139.668175
139.6804
139.695775
139.70075
139.707
139.71565
140.883925
140.8936
147.30225
147.30705
147.313575
147.320075
147.54865
147.5802
150.343475
150.34845
150.355325
150.36345
153.318175
153.32365
153.33635
155.890025
155.894725
155.901025
155.910225
156.201925
156.2219
157.4657
159.090025
160.3001
160.304975
160.31055
160.31775
160.32425
160.339225
163.939975
164.7275
164.7327
164.74015
164.7561
165.4123
165.421925
168.002725
169.4456
169.450975
169.458125
169.467425
171.602875
171.60835
171.6156
171.6239
171.766475
172.769075
172.77575
172.7884
173.105975
174.246325
174.25225
174.25755
174.270075
174.278075
174.28775
174.475625
174.589575
175.911975
177.347075
177.8775
178.01875
178.6987
179.990575
179.995375
180.001375
180.0096
181.901925
181.9215
182.206525
184.44265
184.44755
184.454325
184.46315
184.49525
185.903675
185.957025
185.96375
187.657
187.661875
187.66895
187.679775
187.866325
188.392225
189.1919
190.142375
190.147525
190.155325
190.16445
190.43965
190.447575
190.4706
192.0503
192.056775
192.062225
192.0688
192.074875
192.082475
192.143525
