0.686675
1.459325
1.465
1.481875
1.847775
2.478275
4.4746
4.4805
5.733325
7.7535
8.027075
8.76545
10.922625
12.107025
12.657325
13.846825
13.85275
15.34485
16.2192
17.748675
19.857575
19.892125
19.923675
19.9402
19.963
20.034425
20.2037
20.357925
20.3857
20.3956
20.52305
20.555075
20.560675
21.805875
22.5566
23.036875
23.963475
24.729925
25.582675
25.757
26.0928
27.178075
29.455
29.459375
31.858825
31.863125
33.078025
33.127125
33.1337
34.1262
34.633925
35.386475
35.44495
35.4749
35.528875
35.5884
36.905775
37.0883
37.62745
38.492
43.428075
44.013675
44.1773
44.183
46.61785
46.622775
46.633
46.641425
47.428225
48.526575
49.275025
50.644875
50.64885
50.875075
52.522225
52.63885
53.253775
53.452875
53.819525
55.03495
55.92245
56.090075
56.09605
57.6422
59.775625
60.1469
61.12835
61.2072
63.5095
63.8754
63.88595
64.3226
64.332675
64.339825
64.600325
65.129375
65.969725
66.044025
66.912225
68.206675
68.21435
69.681875
69.68805
70.289925
72.553625
73.8611
73.867175
74.917725
74.9481
74.95685
75.0317
75.04395
75.057925
75.114925
75.13265
75.146575
75.156225
75.16195
75.166725
75.171525
75.181225
75.193675
75.204075
75.212175
75.221375
75.23225
75.249425
75.949925
77.35205
77.3598
77.51655
78.20185
78.205925
78.302925
78.7823
79.7043
80.347875
80.5546
80.604425
80.97445
82.759
82.978525
82.9882
83.42775
84.6944
86.602375
86.609175
88.547625
89.162725
89.6531
90.17215
90.66525
92.281975
93.737525
94.586925
94.592275
94.600075
95.86295
95.86815
95.879
95.9442
97.747375
97.75305
98.0926
98.102275
98.93425
99.82165
100.457425
100.462
102.218975
102.430175
102.644125
104.53025
105.474675
105.983475
106.01045
107.617975
107.62375
108.323125
108.401075
109.1208
110.223925
112.3582
112.9874
113.090675
113.1058
113.415775
114.783625
114.785075
115.439625
117.79195
117.797125
118.9386
121.30205
121.30815
121.570575
122.2384
122.246675
122.689625
124.685275
124.6911
124.696825
124.846325
125.2176
125.50705
125.98405
126.4729
126.755725
126.762575
128.694925
128.699825
129.039075
129.7199
129.826125
130.0618
130.5411
130.709425
131.0724
131.793875
133.81395
134.4843
134.5028
134.51785
135.185025
138.30355
138.7664
138.774525
139.88075
139.888425
139.938125
139.948575
139.9552
139.98125
140.70245
141.5586
142.53155
142.536625
142.552675
142.557725
143.596525
145.839425
147.9639
148.363
148.77795
149.0128
149.159375
150.246525
152.9442
153.31745
153.7859
153.791525
153.795825
154.606075
154.6098
157.044675
157.463975
157.567925
158.33375
159.160875
160.6776
160.682275
160.68775
160.697775
160.717675
160.87135
161.706725
162.5592
163.072425
163.2764
163.287675
164.15975
164.16565
166.48695
167.730725
167.735225
168.2623
168.355175
168.361175
169.552525
170.003675
170.755575
170.811
170.816775
170.8255
171.56725
172.4159
172.933275
174.101425
177.1002
177.25695
177.2662
177.5332
177.539325
177.724925
179.500425
179.505325
181.09915
181.217825
181.279425
181.5394
181.89895
182.136275
184.92735
185.099
185.318325
185.51475
185.816325
186.3715
187.067625
187.0739
188.7021
189.90835
189.916075
189.9383
189.9765
191.543825
191.55075
