0.78455
1.367075
1.37495
1.381225
1.6152
2.29295
4.352825
4.358425
5.379075
5.55135
6.1046
6.67835
7.286975
8.992075
9.08835
9.43625
10.5083
10.896025
13.60275
15.23155
15.634175
15.93555
17.238725
17.436775
17.4519
18.3727
18.83145
20.4307
20.437875
20.871575
21.2881
21.616275
21.815975
24.4634
24.923625
25.34705
27.531575
28.1412
28.1501
28.592625
28.762275
29.3351
30.091175
30.159375
30.260825
32.071575
32.116875
33.725975
33.73305
33.7407
35.561075
36.822925
36.882775
38.4859
38.49625
39.079675
40.1024
40.6691
41.422275
42.04285
42.19945
42.2085
42.222125
43.0134
43.03085
43.1863
44.657575
44.670825
45.063925
46.0517
46.12525
47.698175
49.537875
51.68545
51.8733
51.898775
52.84915
52.8575
53.3266
54.25645
55.2087
55.84095
56.7797
56.847475
59.640775
60.34305
60.432425
60.756625
62.7211
62.764325
63.968625
64.679025
65.9272
66.43075
67.135525
67.806425
68.228425
68.53875
69.0156
70.8358
70.852025
71.136025
71.1465
71.38535
72.8714
73.08665
74.5175
74.57315
75.458425
75.5661
76.406525
76.9832
77.18055
77.65065
78.5203
79.3946
79.4269
79.5492
80.115625
82.1007
82.337025
83.810875
84.085625
84.1091
84.81855
85.017525
86.02455
86.0317
86.04035
86.1995
88.089375
88.258425
88.535225
90.026775
90.54705
92.343525
92.601025
93.362975
94.93925
95.9685
96.71235
97.3846
97.500425
97.5028
97.5092
98.367375
99.80105
100.1828
101.405175
102.097925
102.122
102.797025
102.8802
103.4732
104.4182
105.199525
105.927525
106.106625
106.527575
106.606975
107.41275
108.253
108.954525
109.6478
110.139025
110.836375
110.84765
113.049175
113.0543
114.372075
114.60085
114.6196
115.0213
115.888475
116.327
118.0767
118.1974
118.614575
119.825475
119.847275
120.768775
122.033925
122.7061
122.7202
122.740875
124.4022
124.8791
124.88735
124.89165
124.9029
125.17315
125.345575
127.072875
128.130675
128.446725
128.461525
130.166275
130.174125
130.183125
131.92
133.087425
135.1626
136.017725
136.69735
138.541825
138.54885
139.6847
140.133825
140.452375
140.8476
142.467225
142.620975
143.09925
143.10705
143.906375
144.25795
145.87095
145.948825
146.49065
146.50145
147.60125
148.02195
148.193425
149.785475
150.850125
150.98535
151.2937
152.07195
152.111425
152.92875
153.8974
153.91355
154.54245
154.579575
155.688025
156.148225
158.2221
158.227
158.23305
158.24065
158.3826
158.506525
161.37215
161.3786
161.3875
162.67515
162.792625
162.8033
162.9196
164.567775
164.7033
164.7161
166.62665
166.6358
167.0736
167.080675
167.770675
168.14205
168.758525
169.7238
170.709125
170.7156
171.86145
171.86685
171.875025
172.4625
173.33455
173.3454
173.35545
174.196
174.204825
175.149975
176.1226
177.357475
178.4806
180.41595
180.5948
181.532575
181.544075
181.55155
181.559975
182.5096
182.613225
184.270325
185.4705
185.496725
186.043125
189.11435
189.12145
189.12845
189.139575
189.797025
189.8138
190.335625
190.7246
190.7356
191.8581
193.01885
193.594875
193.773775
194.030625
195.22335
195.245425
196.492675
197.33195
199.285975
199.302225
199.7692
199.918075
200.350075
200.358075
200.6948
201.601375
202.056
