0.440325
0.588375
0.79655
1.314725
1.382425
2.595625
2.599125
2.6115
2.858925
2.866025
4.3577
4.363475
4.453925
5.075275
5.55785
5.5649
5.65525
6.297
6.683575
8.701475
8.992775
9.000425
9.0859
9.106675
9.14
9.316275
9.5224
10.54785
10.8692
11.29855
11.316625
11.609925
11.770825
12.21925
13.9591
14.0241
14.358525
14.65485
15.25045
15.75665
16.036825
16.087
17.21585
17.265475
17.44175
17.87315
18.348675
19.08795
19.2096
20.470875
20.50685
21.824225
22.23085
22.74535
23.44835
24.099775
24.10685
24.130125
24.35525
24.443625
24.940725
25.63725
26.0395
26.04225
26.047075
26.09345
26.647
26.651375
27.247225
27.321775
27.3277
27.9391
27.95625
28.588075
28.59125
28.621825
29.31125
29.337325
29.500925
29.747475
30.160875
30.1807
30.257175
30.269425
30.286675
30.3426
30.949725
31.333525
32.311525
32.506675
32.64325
32.65575
33.42025
33.729275
33.7361
33.747375
33.762
33.775125
33.823375
33.900225
33.96915
34.349225
35.1598
35.567275
35.90585
35.911375
36.24385
37.001025
37.210425
37.611825
37.788875
38.207175
39.995975
40.68655
40.691975
40.9254
41.023975
41.051225
41.233425
41.433575
41.86205
42.199625
42.216075
42.2471
42.416875
43.2315
43.413075
44.342025
46.072025
46.14415
46.9283
47.599125
47.69945
47.703875
48.40255
49.97715
50.037375
51.68755
51.691775
51.918875
51.92355
52.41615
52.4312
52.849775
53.033275
53.1035
55.7997
55.897825
56.05335
56.8413
56.8457
57.459025
57.9232
57.96245
58.26615
58.27745
58.595825
59.401325
59.674475
60.160875
60.353325
60.363125
60.42645
61.29535
61.30795
63.024025
63.046825
63.564025
63.66535
64.57205
65.401075
65.949875
65.9754
66.546125
67.804125
67.8173
67.878225
68.227675
68.24755
68.88555
70.0344
70.2522
70.84815
71.951575
72.575575
72.9059
74.39575
74.596825
75.456725
75.461425
75.567975
75.5729
76.418575
76.716075
77.1007
77.171925
77.1826
77.29745
77.36415
77.6526
77.78395
77.870525
78.708325
78.903375
79.633625
80.048475
80.226525
80.80745
81.3109
81.634075
81.64615
81.7068
81.7836
82.30885
82.61015
82.6266
82.9728
85.456775
85.467
85.559475
86.050425
86.20325
87.208825
87.225025
88.257625
88.2699
89.37295
90.04025
90.259
90.2775
92.410375
92.509225
95.957775
95.96765
96.05515
96.070625
96.480725
96.5498
96.56315
96.576425
96.656575
96.726675
97.4946
97.515025
97.60035
98.3855
98.823325
98.971125
100.15165
100.178325
100.185475
100.2097
100.589275
100.628225
100.680675
100.701475
101.3104
101.485075
102.2505
102.27405
102.5014
102.531625
103.51975
104.338325
104.43565
105.2208
106.948575
106.964925
106.97455
108.567625
108.980825
109.6433
109.662325
110.167575
110.83225
110.83565
111.152275
111.15805
113.075025
114.224775
114.96025
114.968375
115.756825
116.634625
116.662825
117.6214
117.658075
118.19985
118.20385
118.4729
118.631125
119.11585
119.12515
119.14075
119.82865
119.83425
120.0443
120.293025
120.772075
121.336425
121.541725
122.03755
122.07205
122.599525
122.760075
122.97185
123.816825
124.484025
124.881775
124.884825
124.889825
124.9017
124.941025
125.03675
125.6264
125.6398
125.950175
125.9737
126.14225
126.475675
126.5009
127.152925
127.191525
127.518175
127.9128
128.450125
128.4611
129.207025
129.62075
130.1593
130.161975
130.164325
130.17735
130.180625
130.1852
130.19695
130.209375
130.22235
130.24785
130.41235
130.79075
131.162675
131.20785
131.2286
131.46555
132.031325
132.76535
133.1654
133.263125
134.2583
134.78565
135.696425
136.0109
136.702025
136.741775
137.500375
137.83445
138.234075
138.243325
138.69995
138.804375
140.013175
140.413125
140.431525
140.494
140.505625
141.152425
142.05175
143.10965
143.779875
143.891825
143.9074
143.92965
144.25575
144.259475
144.514125
144.807325
145.224575
145.2583
145.49175
146.13295
146.4888
146.49435
146.50675
147.540325
147.5945
148.031325
148.101525
148.612775
148.70055
148.833525
149.824125
150.090575
150.983925
151.299225
151.302675
151.331325
152.049675
152.2368
152.242125
153.037275
153.814975
153.8992
153.971475
155.346425
155.45345
156.152025
156.156675
156.78245
158.2359
159.99185
160.1401
160.8182
160.8229
160.9645
161.38325
161.8768
162.0666
162.1313
162.80245
163.18885
163.484575
163.5383
163.770175
164.797075
164.812425
165.1424
166.67625
167.07625
167.080275
167.096125
167.206125
168.005375
168.154075
168.86875
169.7525
169.7686
169.820575
170.427425
172.088875
173.35075
173.37245
173.434125
173.913675
174.2005
174.4681
175.2113
175.53455
175.5396
175.9663
176.1683
176.727
176.88615
177.355775
177.36895
177.79395
177.84535
178.50005
179.9685
181.06455
181.32095
181.548375
181.55455
182.86775
184.06025
184.06135
184.070375
184.1065
184.310275
184.828825
185.16365
185.497075
185.5014
186.045575
187.07545
187.92665
188.219275
188.971175
189.1174
189.1504
189.181575
189.7854
189.850325
190.724125
190.734475
191.19085
191.233525
191.527875
191.690125
191.986125
192.014125
192.373925
193.39735
193.543175
193.954975
194.18855
194.764375
194.76935
195.311425
195.422225
195.8898
196.500625
196.761175
199.0109
199.129775
199.13795
200.355575
200.385475
201.0011
202.0695
