0.573475
0.645425
1.381175
1.91785
2.163125
3.0352
6.049025
7.338675
12.196
14.539475
19.390525
19.64045
21.4056
25.9119
26.292025
26.9764
27.16255
35.444825
37.525525
37.593775
38.705175
38.7419
39.913075
41.4181
41.79915
55.199725
56.1457
57.71585
58.492525
61.654025
61.697575
71.8756
77.0573
78.499425
79.8475
82.25635
85.06875
88.929575
98.692225
101.397175
105.3943
106.566025
107.396175
107.44625
108.524525
108.557775
111.039525
114.51565
117.221975
117.249175
117.889175
119.8925
122.487625
125.26395
127.045975
127.596025
129.15355
130.26095
131.6954
133.29845
135.097625
138.804125
140.264825
140.650575
143.84005
144.068075
145.244875
145.8769
146.105425
146.213475
148.963775
150.298125
150.607875
152.110425
153.418575
157.062
158.462125
162.7537
166.98475
168.878575
170.75945
171.782125
173.116725
174.84095
181.623675
183.11315
186.496325
186.502025
187.11975
188.146475
190.920375
190.929475
195.6811
199.62215
199.636275
200.7804
201.31275
