1.52745
3.35045
8.494625
9.354325
11.044975
14.339125
14.946275
15.139125
15.9807
23.85665
25.5613
25.6547
28.1846
29.5391
29.748375
29.816875
29.8875
30.354525
31.4728
31.621725
32.440275
33.081275
33.968125
34.918775
37.304425
37.3549
37.480625
38.305825
39.658875
43.837625
43.9313
43.994175
44.0807
46.483725
46.494975
47.48195
47.62595
47.730775
48.754225
48.929025
49.0275
49.82275
50.2753
50.38195
50.494375
51.231525
51.297725
51.335525
51.361925
51.5373
51.547075
53.653275
53.771125
55.571325
56.5599
58.236025
59.7646
59.92005
59.929175
60.938325
61.00305
62.7987
63.21205
66.73435
69.2758
69.9341
71.607275
73.368125
73.69995
74.670525
76.078425
76.1461
77.997875
78.112225
78.18085
78.5241
79.200325
79.4413
79.743775
80.792225
81.4266
83.493975
84.563425
84.8571
84.96985
85.6717
86.4403
86.5419
87.1037
87.2864
89.604175
89.617825
89.693875
89.710125
89.78915
89.81145
90.25405
90.516575
90.625825
90.67185
91.02445
98.2443
98.29115
99.6732
100.564225
101.15485
101.49795
106.206025
106.215575
106.6885
106.723225
107.2496
107.3825
107.516775
107.66215
108.638875
109.385775
114.5476
114.560275
117.549175
117.5762
117.58485
117.6855
121.800075
125.296725
127.70885
127.7978
130.63475
132.121575
132.127325
134.392075
134.409675
138.046775
139.308625
141.19705
141.2169
143.495225
143.66755
143.8347
143.9857
144.0392
144.383675
144.413625
144.993325
145.007025
145.2663
145.311825
145.473825
146.514875
146.63085
146.680775
146.714875
146.830625
147.655625
147.7359
148.360575
154.54485
160.01705
160.137475
160.139325
160.310575
161.0551
163.07525
167.7903
169.875775
170.817575
171.74335
171.75105
174.18485
174.82675
174.960575
175.360625
176.492225
176.616525
179.754175
180.116925
183.046625
183.06225
184.069925
184.919275
186.109775
186.16215
186.492
186.550975
191.7637
191.77535
194.294075
