1.53645
1.9079
2.58095
4.917125
4.9232
6.375675
8.1533
8.163325
8.875975
9.901075
9.9114
12.331925
12.340825
14.980925
15.013425
15.75895
16.778625
17.463725
17.47205
17.496375
20.08355
21.19635
21.3389
24.53515
25.8209
27.91765
27.9244
27.9356
28.79555
29.615125
31.2954
32.1689
32.994575
34.028425
34.256325
36.261
38.283275
39.015175
40.458775
41.644275
42.6979
43.95185
43.9882
44.11415
45.086175
45.094175
45.101575
46.316
47.24075
47.247725
47.254175
48.868375
49.3207
49.464125
50.213875
51.340275
51.531575
51.53955
53.477275
53.489575
53.499275
55.47255
55.6262
57.5546
57.56415
59.84425
60.236475
61.6833
61.869125
63.22045
63.329075
64.11105
64.11865
64.3741
64.775225
64.785
66.22615
68.353725
69.283625
69.293775
69.4463
71.49755
71.511825
72.750975
73.342875
73.628175
73.709775
73.7558
75.69655
76.085875
77.33395
77.345375
77.9694
77.976275
77.983775
78.59065
79.17375
80.17405
80.794275
83.64075
83.673275
84.81115
85.295775
85.5692
86.1783
86.994675
87.28375
89.31585
89.58685
89.61375
89.63405
93.636475
93.646675
93.656075
95.2921
96.79165
97.35205
97.92335
99.32195
99.49445
100.35615
101.5819
102.031975
102.3755
103.413275
104.926875
106.20705
106.209025
106.2133
106.7241
107.391525
108.380425
108.43775
108.451175
110.5296
111.373925
112.219725
114.104125
114.465075
114.861375
115.044625
115.173125
116.481175
116.83985
117.609025
120.206825
120.9339
121.610175
121.684025
121.7053
122.01885
122.064675
123.750725
125.25525
125.3701
126.087
127.77235
127.922825
127.937525
130.641425
130.642825
132.124975
133.2804
133.4334
134.415575
134.861
135.218775
135.2256
135.235625
135.244675
136.490625
137.658375
137.833525
139.315525
142.100075
143.580575
143.8505
143.976975
144.641275
144.9077
145.71775
146.4619
146.483925
148.220025
148.453425
149.21775
149.3066
150.61375
150.61985
150.625775
150.63355
151.189875
153.99495
156.062
156.07155
158.02045
158.2144
160.457125
160.871575
162.612075
165.525225
165.635775
166.562125
166.991675
167.7055
168.942075
169.440175
169.806975
170.76405
170.7706
170.800175
173.902225
174.63035
176.61415
177.6053
177.76345
179.102475
179.205625
179.75735
180.651525
181.4972
181.549775
182.4092
184.930025
185.514625
186.96275
188.045575
188.054475
190.39745
190.787525
191.7812
194.972675
194.989775
