0.080675
0.33405
0.337725
0.344625
0.52755
0.9844
1.1041
1.52745
1.530575
1.533625
1.7826
1.828375
3.204575
3.20865
3.376825
4.214325
4.468225
4.489475
4.6259
5.105375
5.112575
5.395275
5.770525
5.774125
6.291725
6.88735
6.890825
6.897925
7.499075
7.517125
7.538375
7.587275
7.650875
8.2715
8.274775
8.2783
8.947325
9.134225
9.1512
9.24245
9.7325
9.7357
9.739175
11.3942
12.02445
12.045075
12.07785
12.1251
12.13195
12.1657
12.17445
12.18765
12.8811
12.887975
13.01545
13.0957
13.134975
13.218725
13.29865
14.204875
14.210225
14.22225
14.22935
14.3134
14.31825
14.560475
14.61465
14.986875
15.014425
15.01845
15.02275
15.4685
15.4733
15.905175
15.9197
15.9292
15.9527
15.966275
16.027175
16.04245
16.15985
16.69935
17.007
17.05265
17.16915
17.621525
17.64915
18.83695
19.673475
19.78405
20.5225
21.49625
21.571275
21.9342
23.9595
24.02175
24.609725
24.680725
24.68705
24.999
25.00315
25.070425
25.100075
25.325325
25.35935
25.387675
25.847375
25.850225
25.8535
25.858375
26.49785
26.510525
26.519975
26.525825
26.529825
26.54295
26.551475
26.557825
26.562275
26.56865
27.198475
27.211225
27.4707
27.607625
28.44015
28.882025
29.14615
29.591775
29.595475
30.050925
30.0544
30.058675
30.383175
30.4718
31.191725
31.47725
31.480775
31.48475
31.488325
31.496925
31.573225
32.022075
32.403775
32.66575
32.704775
32.74065
33.06535
33.141425
33.20085
33.39205
33.42545
33.5912
33.6088
33.6181
35.732075
35.747375
36.634425
37.27895
37.340675
37.3535
37.4172
37.45395
37.53665
38.00025
38.065
38.153175
38.202525
39.1245
39.12785
39.131425
39.13745
40.220425
40.300275
40.3387
40.429475
40.4357
40.44455
40.818975
40.822125
40.82535
40.83055
41.30215
42.0703
42.6941
42.9968
43.017075
43.042125
43.050925
43.89705
44.018775
44.593775
44.60565
44.613075
44.623625
44.63635
44.64025
44.648975
44.653225
44.66175
44.6706
44.679925
44.76255
45.117125
45.12035
45.1238
45.382125
45.45165
45.861625
45.865175
45.872175
46.0697
46.737875
46.9351
46.95995
49.44955
49.5645
49.807775
50.249925
50.25355
50.25755
50.274625
50.961525
52.84545
52.907025
52.9551
52.976025
53.05585
53.0702
53.0889
53.91175
54.139375
54.15285
54.294675
54.367725
54.441175
54.45205
54.488375
55.37845
55.538725
57.270875
57.276475
57.284425
57.294825
57.3496
57.374975
57.400125
57.406275
57.441125
57.974275
57.97975
58.165375
58.17395
58.239825
58.3575
58.601325
58.609125
58.705425
58.717925
58.75935
58.815975
58.835925
58.9102
59.5696
59.5744
60.05765
60.06315
60.0721
60.07835
60.110425
60.120125
60.48305
60.48595
60.489275
60.5
60.517725
60.55145
60.562375
60.5796
60.58625
60.605125
60.626725
60.648025
60.665775
60.685075
61.116425
61.119575
61.1224
61.127075
61.5092
61.51235
61.51595
61.55955
61.62815
61.724925
61.73065
62.185825
62.188925
62.192
62.198925
62.445875
62.44985
62.453875
62.46
62.4685
62.831425
62.835225
62.84515
63.2753
63.287175
63.70255
63.70695
64.339875
64.515775
64.6557
64.706425
64.7259
64.733
64.76535
64.7857
65.41155
65.61305
66.115375
66.1186
66.526075
66.897725
68.866425
68.92165
68.9645
68.9843
69.0061
69.0147
69.02155
69.026
69.037675
69.043475
69.573725
69.577825
69.7537
69.809325
69.941
70.39625
70.399575
70.5688
71.11275
71.6982
71.711675
71.872475
71.89425
72.135975
72.64255
72.650225
72.72705
75.27845
75.80035
76.872275
77.0578
77.0978
77.1198
77.12175
77.14575
77.1869
77.2069
77.285775
77.6888
77.69225
77.699175
78.597575
78.750475
78.782525
78.79105
78.81175
78.8799
79.931575
80.00865
80.102475
80.12475
80.1662
81.68515
81.897175
81.9321
81.940975
84.411975
86.47065
86.489575
86.5178
86.58595
86.610225
86.662675
87.27475
87.279375
87.3185
87.39075
87.40575
87.429125
87.7072
87.728425
87.74335
89.378625
89.54145
89.8191
89.83335
89.87275
90.45275
90.45615
91.6131
91.617575
92.22985
92.85355
92.857775
93.054925
93.115225
93.13125
93.15
93.1595
93.179175
93.256225
93.317525
93.355875
93.3885
93.819225
93.8236
94.257325
94.26065
94.265525
94.26935
95.322975
96.502475
96.5797
96.604225
96.693125
96.703875
96.723025
96.782425
97.321275
97.32505
97.3294
98.185025
98.9089
99.008675
99.0608
99.27175
99.327325
100.6939
100.8446
100.876475
100.88795
100.914925
100.9225
101.1265
101.21845
101.26445
101.2828
101.304575
101.31965
101.341325
101.349325
101.35445
101.361725
101.367025
101.37815
101.385375
101.413575
101.680025
101.80275
101.8056
101.808675
101.817275
101.9075
101.966375
102.000425
102.0093
102.061375
102.088575
102.3876
102.392075
102.598875
102.61935
102.706675
102.729475
102.7533
103.115875
103.1253
104.0646
104.067725
104.07095
104.0783
104.101525
104.64935
104.65285
104.6566
104.687625
104.72955
105.0814
105.102325
105.484475
105.487325
105.815
105.818675
105.93135
106.0304
106.917125
106.922975
107.987525
108.00045
108.00735
108.046725
108.06195
108.081
108.11535
109.098425
109.460975
109.51215
111.423175
111.68295
116.4454
116.48135
116.489125
116.50195
116.602575
116.731425
116.751175
116.798925
116.8315
117.515425
117.588925
117.603375
117.640925
117.65865
119.2441
119.255925
119.9189
120.0056
120.00995
120.01635
120.02105
120.031825
120.0462
120.052675
120.068025
120.2789
120.32695
120.869975
120.87315
120.8768
121.35185
124.404725
124.414
124.470825
124.491975
126.125025
126.766425
128.51485
130.014675
130.181375
130.21595
130.314675
130.3456
131.2045
132.94965
132.9801
133.427275
136.4021
136.4666
137.20855
137.266925
137.32545
137.424925
137.936925
138.4008
138.404425
138.40905
138.449425
138.641175
138.68345
138.709525
139.299425
139.307425
139.890775
139.893825
139.89725
139.903725
141.290725
141.3082
141.633975
141.679325
141.71695
141.763875
142.3904
142.441075
142.45375
142.4745
142.5065
142.52365
142.756425
143.170425
143.18415
143.31165
144.2076
144.272825
144.2984
144.314225
144.3261
144.354125
144.77855
145.15025
145.15295
145.155925
145.1594
145.43175
145.478475
145.52235
145.975475
145.97845
145.981475
145.98665
145.995925
146.07335
146.52575
146.528875
146.532375
146.53605
146.73735
146.74435
146.763
146.81675
146.825675
146.849775
146.859025
146.876275
147.308075
147.315375
147.3234
147.723075
147.7262
147.729375
147.73645
147.8383
148.6146
148.622875
149.29045
149.296
150.383775
152.29225
152.53435
152.620975
152.65045
152.86235
152.902025
154.57545
154.9239
154.93145
154.951875
155.7417
157.055425
157.0743
157.160925
157.186925
157.220525
157.267675
157.307825
157.3206
157.33335
157.3459
157.406025
158.590425
162.118
162.4252
162.6202
162.6512
162.6659
162.6724
162.682
162.687625
162.7393
162.78595
162.80445
162.8142
162.819525
162.824775
162.82995
162.8366
162.8819
162.889475
163.325725
163.3297
163.942875
163.98505
163.994725
164.10545
164.13935
164.73535
165.570525
169.13005
170.3487
170.39165
171.6277
172.126
172.2215
172.281675
173.07745
174.4899
174.5307
174.595
174.612975
174.63275
174.657275
174.6706
174.6799
178.350575
179.470675
183.98595
184.43045
184.67715
184.70575
185.438275
185.55635
186.284725
186.32115
186.370825
187.740125
187.78165
187.786
187.797025
189.22165
189.225725
189.22755
189.229575
189.234625
189.299075
190.693925
190.73475
190.9936
191.02875
191.612925
192.208025
192.21225
193.059875
193.2299
193.959925
193.9638
198.175525
198.207525
198.343875
198.366175
198.389775
198.402725
198.42495
198.446725
198.464775
198.472325
198.543425
198.555175
198.57805
199.265925
199.288475
199.295
199.305925
199.309775
199.318
199.4296
199.487925
199.501125
200.405775
200.4095
200.4139
200.418025
200.90035
200.904125
200.90845
200.92025
200.937675
201.697225
205.2429
205.3097
205.630925
205.638175
206.015125
206.0287
206.729
206.7352
206.7973
206.917525
207.430525
207.434575
207.4385
208.2353
208.30255
209.183775
209.187375
209.19285
210.167175
211.69475
212.094075
212.15515
212.1746
212.252975
212.290775
212.742225
212.7802
212.788875
212.827325
212.864825
213.914225
213.93455
213.961725
214.08045
214.167675
214.187625
214.206225
215.161225
215.1652
215.457025
215.483125
215.503925
215.510325
215.5477
215.569725
215.57745
215.636575
216.212375
216.217875
216.555675
217.678275
218.861875
219.6762
219.80585
219.937
219.970275
220.02685
220.2825
220.941275
221.34475
221.3636
221.873075
221.87665
221.881625
222.7728
223.7085
223.7158
224.343525
224.4548
224.98285
224.994775
225.035475
226.202975
226.328725
226.338825
226.466275
226.579575
227.32855
227.33255
227.5325
227.591
227.614625
227.753925
227.794425
227.816875
227.884175
227.948325
228.019875
228.518875
228.5219
228.5253
228.53105
228.536525
228.770125
228.801575
228.8523
228.88555
