0.003725
0.25705
0.617
0.830425
1.183775
1.56125
1.73735
1.8451
2.578675
3.412675
3.659625
4.4951
5.29765
5.521425
5.673325
5.936775
6.4885
6.69855
7.106625
7.579425
7.751325
8.435475
8.9771
9.2873
10.133025
10.33555
10.769675
11.246825
11.3412
12.010825
12.132475
13.073375
13.16155
13.346675
13.8537
14.832225
15.48825
15.846775
15.971975
16.281325
16.3757
16.42465
17.730725
17.878775
18.46825
19.36
19.60915
21.3844
22.640975
22.769525
22.834125
23.548175
24.18445
24.61895
25.724625
26.367925
26.631875
27.1184
27.653425
27.8877
28.131375
28.576275
28.948425
29.02995
29.58025
33.657225
34.222475
36.4722
37.083325
38.0501
41.56995
42.40175
42.4825
42.6223
43.251425
43.316475
43.3485
43.75725
44.503025
46.350425
46.7821
47.685375
49.498675
49.63145
49.774025
51.28175
51.718325
52.4771
53.141425
53.827575
54.98305
56.411775
57.312925
58.034925
59.687025
61.14115
61.6358
61.83355
62.87545
63.0418
66.02995
66.891675
68.548425
69.02795
69.662125
70.627625
70.85515
71.252575
76.1961
77.09295
77.742475
77.94145
78.4152
82.603525
83.028375
83.2891
84.462975
84.82375
87.14845
89.50155
91.034525
91.229675
91.404425
92.043925
92.255125
93.869775
94.282
94.420675
95.14925
95.485925
95.54935
96.234575
96.717275
97.3677
97.54635
99.765225
103.43645
103.80035
106.489525
107.276425
107.755875
112.33425
112.616275
112.7401
114.336575
116.26245
117.225925
118.0549
118.2248
118.614475
119.674175
122.7933
122.88065
122.938225
123.209275
123.300475
124.0625
124.995475
125.344775
126.585275
127.90885
128.35095
129.7644
129.8693
129.934
129.992
130.000825
130.94185
131.028675
131.1534
131.32615
131.752625
132.577875
133.57725
135.776475
135.892125
137.9811
138.29035
138.84875
139.90395
140.264275
142.258125
143.2097
144.1278
144.969575
145.9232
145.980625
148.6465
148.911275
149.928975
151.969775
152.03885
153.407325
153.428225
153.862625
154.238425
154.26975
155.8626
155.914
156.075325
156.5711
157.175725
158.397775
159.0445
159.97565
162.20785
162.513425
163.46425
163.4985
163.6503
163.92455
165.23775
165.32985
166.330775
166.6649
167.113275
167.3469
168.4516
168.580075
168.7898
168.8258
169.118375
170.91665
171.464025
172.282675
172.770625
173.330375
175.489475
176.573475
176.714125
177.87295
179.983825
180.895025
181.4298
181.810775
182.363125
182.8595
183.820425
184.090625
185.34005
186.2089
186.901875
187.386225
188.369425
188.9859
189.524
190.0119
190.697375
191.81095
192.279375
193.28905
193.910625
194.50905
195.4408
195.775675
195.827075
195.8367
195.85955
195.874
195.921975
195.941575
196.294075
196.977775
199.14005
199.314675
200.1563
200.730625
201.41105
202.05135
203.740125
203.762275
204.05105
204.06805
204.139325
204.401475
205.032
206.712775
206.82935
207.44825
207.6859
209.468975
209.785375
209.896325
209.916575
210.72255
211.263025
213.3651
213.944675
214.0641
214.75705
215.041025
215.0893
215.2513
216.084525
216.3032
216.414925
216.624
218.0041
218.41365
218.80375
218.878825
219.2221
219.514775
220.54755
220.7384
221.187525
221.67805
222.2517
222.3685
222.962725
223.1367
223.79915
224.102775
225.016575
