0.014875
0.023675
0.0289
0.034725
0.042625
0.1013
0.17275
0.190425
0.213625
0.42745
0.4305
0.433275
0.5436
1.089
1.1528
1.446175
1.6648
1.6686
1.6738
1.68125
1.70675
1.725625
1.7758
1.79735
1.8029
1.811775
1.86345
2.22255
2.233375
2.238825
2.249925
2.2644
2.273975
2.29145
2.382175
2.3979
3.035275
3.385575
3.408475
3.438025
3.454725
4.4168
4.42705
4.6331
4.6409
4.679275
4.712275
4.726575
5.256475
5.264375
5.319925
5.326725
5.331525
5.343625
5.34955
5.35275
5.359425
5.3645
5.395775
5.4048
5.7707
5.7734
5.7761
5.77965
5.7832
5.9032
5.9341
5.96845
6.212775
6.243375
6.340575
6.36975
6.38085
6.40005
6.4064
6.410075
6.414
6.4172
6.4825
6.57055
6.575375
6.584875
6.590175
6.596025
6.922775
7.047
7.455425
7.4601
7.46485
7.4722
7.4884
7.5113
7.515425
7.551175
7.56755
7.57165
7.58535
7.591975
7.600125
7.60725
7.622625
7.637475
7.641175
7.65095
7.66535
7.671725
7.79805
7.80265
7.806775
7.81395
7.832375
7.839225
7.84975
7.85375
8.487225
8.904825
8.907625
8.91085
9.023975
9.133875
9.228875
9.232425
9.248275
9.313525
9.31665
9.32675
9.33435
9.3524
9.372475
10.0694
10.07305
10.8315
10.991075
11.39605
12.0379
12.066875
12.0765
12.1
12.118025
12.8433
12.84685
12.861275
12.8858
12.922225
12.94105
12.966025
13.022025
13.030425
13.039425
13.04555
13.051575
13.097575
13.121875
13.1341
13.77385
14.267
14.400075
14.547475
15.0986
15.9197
15.922775
15.92745
15.9353
15.954275
15.979475
15.985375
16.006975
16.0189
16.129225
16.5686
17.010375
17.02895
17.509025
17.571525
17.574475
17.585125
18.0645
18.6387
18.84615
18.888825
18.8986
19.44715
20.1005
20.370875
20.3839
20.563675
20.872675
20.913775
21.049425
21.1035
21.42715
21.437
21.585
23.95545
24.018475
24.0255
24.683175
24.68745
24.6979
24.759075
25.273625
25.32195
25.40745
26.50095
26.56915
27.061
27.976575
28.69925
29.054075
29.61185
29.662675
30.364025
30.367825
30.373025
30.999375
31.511225
31.606425
31.90995
31.925025
31.979225
32.28855
32.302525
32.625225
32.6595
32.66285
33.354525
33.47855
33.563125
33.57925
33.581975
33.6166
33.619525
33.692875
33.71195
33.729575
34.088275
34.1825
34.4671
35.12425
35.129375
35.1812
35.191875
35.1989
35.222625
35.259875
35.2631
35.270025
35.278325
35.28545
35.29595
35.303
35.3073
35.310775
35.339325
35.345225
35.3694
35.372425
35.378075
35.77225
35.77815
35.799975
35.80335
35.812125
35.8334
35.84
35.85045
35.859225
35.8626
35.867475
35.961675
36.06475
36.07505
36.117
36.148225
36.1518
36.156725
36.168925
36.17305
36.1774
36.1809
36.18605
36.19115
36.195575
36.220925
36.577375
36.579625
36.582
36.58505
36.59535
36.617025
37.172275
37.175975
37.280325
37.4088
37.45875
37.462675
37.481925
37.66805
38.054325
38.0583
38.06785
38.077225
38.142175
38.17285
38.1865
38.20555
38.6909
38.693575
38.6964
38.7022
38.709225
38.744075
38.757975
38.770275
38.777625
38.784825
39.174075
39.177975
40.256625
40.267075
40.329975
40.40545
40.88255
40.88505
42.06025
42.073275
42.0766
42.777625
42.794175
42.811025
42.814575
42.82575
42.830825
42.852725
42.87605
42.885475
42.892375
42.919275
42.93165
43.045825
43.8177
43.91335
43.9357
43.95915
44.5883
44.616925
44.6384
44.671775
44.685225
45.42235
45.42895
45.438525
46.03815
46.04635
46.056525
46.074875
46.90415
48.37375
48.40455
48.536875
49.509
49.56915
50.29
50.295175
50.954425
50.9729
51.009675
51.02235
51.059575
52.841325
52.86815
54.14495
54.32145
54.329925
54.35405
54.370425
54.373825
54.3842
54.392125
55.9566
56.40465
56.4157
57.29555
57.2988
58.000325
58.013625
58.02345
58.035575
58.085975
58.106025
58.35155
58.35975
58.3745
58.566075
58.580075
58.597375
58.614175
58.621425
58.63
58.64915
58.657775
59.6437
59.66255
59.671875
59.68415
59.7001
59.705675
60.0467
60.04985
60.055225
60.5387
60.605675
60.651975
61.56035
61.598225
61.611175
61.629925
61.653975
62.489875
64.364225
64.36855
64.4828
64.50495
64.51205
64.53175
64.580675
64.616325
64.633225
64.649825
64.692275
64.70765
64.78555
65.363325
65.409875
65.4243
65.454125
65.471175
65.47825
65.535
65.549625
65.557125
65.56335
65.578025
66.12525
66.1285
66.131975
66.8889
66.905
66.965275
68.8494
68.8548
68.863175
68.9319
69.011675
69.69865
69.75925
69.9203
70.46605
70.473975
70.608625
70.635575
71.853275
71.86395
71.880475
71.92775
72.655475
72.71575
72.733325
75.317425
76.877225
76.883275
76.9423
76.979875
77.01965
77.0545
77.059025
77.080225
77.10715
77.112225
77.1597
77.24905
78.780825
78.8032
79.918675
79.9234
79.93585
81.778125
81.7805
81.794325
81.800725
81.8234
85.7586
86.207525
86.22385
86.234375
86.260825
86.304725
86.322625
86.33115
86.3357
86.580975
86.60655
86.615375
86.641375
86.66275
86.6784
87.276575
87.27935
87.297325
87.3379
87.673125
87.677125
87.705475
89.54175
89.55695
89.60905
89.642975
89.687025
89.7023
89.756575
89.7751
89.822425
92.8433
92.926725
92.946825
92.963525
93.0527
93.056175
93.062225
93.07045
93.131
93.140175
93.170825
93.191525
93.225475
93.238625
93.2422
93.3031
94.239675
96.3896
96.417425
96.499025
96.63105
96.68035
96.683625
96.7161
96.734325
98.8454
98.863925
98.9013
99.009
99.042
99.17175
99.2255
99.27045
99.27565
99.287075
100.7462
100.758225
100.771675
101.065025
101.0771
101.100075
101.1488
101.1573
101.262225
101.3224
101.3664
101.373775
101.90455
101.940075
101.974275
102.008475
102.012925
102.021475
102.602775
102.6094
102.62085
102.6518
102.678475
102.704625
104.0995
104.69365
104.72985
104.800575
104.90465
105.0158
105.933575
105.94635
105.95645
106.03955
106.92005
106.925725
107.964325
107.990675
108.01555
109.19775
109.357625
109.3633
109.3858
109.468175
110.45975
111.386525
111.390775
111.413325
111.664125
113.253575
113.2784
113.324575
113.60855
116.200525
116.212675
116.26015
116.2907
116.390125
116.41175
116.4867
116.4981
116.505775
116.6661
116.6913
116.717375
116.7356
116.765375
117.524175
117.5271
117.60595
119.803175
119.82035
119.878225
120.0178
120.02495
120.052175
120.22415
120.231625
121.3634
121.37455
121.43545
124.414625
124.417775
125.74815
126.130175
126.141575
126.158775
126.86805
126.8792
126.9021
126.9155
127.121075
128.42795
128.4485
128.493925
129.720175
130.11435
130.180475
132.1701
132.908525
132.976325
133.665975
135.1497
135.780625
136.485175
137.0851
137.137625
137.18675
137.25355
137.257975
137.276475
137.287375
137.293225
137.36905
137.375325
137.388725
137.393725
138.56375
138.568075
138.57225
138.5806
138.63085
139.415
141.058475
141.2747
141.6497
142.25365
142.30315
142.306225
142.31195
142.4891
142.692925
142.697025
143.184925
143.188175
143.2373
143.248925
143.283325
144.14635
144.15645
144.1871
144.208375
144.2251
145.406925
145.420775
146.0848
146.662025
146.67445
146.794125
146.811575
147.775325
147.7987
149.5287
152.55365
152.563925
152.6212
152.82305
154.5182
154.523475
154.55725
154.570725
154.59075
154.9536
157.088025
157.235375
157.275425
157.280675
157.2898
157.292425
157.297775
157.3044
158.114125
158.122425
161.292625
162.38205
162.580375
162.5925
162.597725
162.70675
162.710125
162.726425
162.730625
162.744
162.777525
162.9417
164.035675
164.0425
165.467075
165.473775
165.52425
165.547925
166.663975
170.340675
171.674525
172.0501
172.119225
172.1409
172.301975
173.987175
174.42965
174.53125
174.5811
174.595875
174.599925
174.653725
174.6576
177.34295
180.0328
184.62565
184.649175
185.011625
185.438925
185.456775
185.49105
185.656575
185.665675
186.293475
186.436175
186.4539
186.4729
187.83875
188.636425
189.230775
190.642375
190.64765
190.7696
190.941375
190.9468
190.965725
190.983625
190.9876
190.99175
192.988175
193.053825
193.24215
193.26215
193.267225
193.2736
193.291675
194.577225
195.137925
196.40615
198.092225
198.194625
198.266275
198.28155
198.347725
198.365025
199.191325
199.312475
200.84445
200.849075
204.339625
204.642125
205.550475
205.560975
205.566525
205.5869
205.6129
205.622025
205.626325
206.750675
208.159525
208.165575
208.186125
208.21945
209.3839
212.00345
212.00605
212.046075
212.048975
212.072075
212.14935
212.86255
214.01435
214.151275
214.182825
214.20685
214.21035
215.562125
215.63755
217.0401
218.76055
219.63335
219.641775
219.667875
219.804125
219.80905
219.8135
219.84975
219.922975
219.953475
219.958575
219.963475
220.002925
220.009175
220.017775
220.032875
220.04145
220.5395
221.314675
221.344025
224.445925
226.110275
226.1842
226.194675
226.2187
226.225375
226.233225
226.241975
226.24555
226.2546
226.261125
226.28245
226.28645
226.299775
226.310975
226.39735
226.42045
226.46285
227.008475
227.5772
227.61465
227.759175
227.784325
227.793675
227.828
227.8362
228.7249
228.7372
228.7422
228.746125
228.761175
228.777425
228.7954
228.812475
228.837875
228.853425
228.85855
228.884375
228.889275
229.01935
229.023725
