0.0789
0.1398
0.170475
0.22795
0.236775
0.254875
0.27355
0.332875
0.401725
0.4639
0.5854
0.5886
0.604275
0.7521
0.9014
1.0029
1.08015
1.577375
1.599125
1.612525
1.711775
1.79635
1.8348
1.84595
1.8655
1.870225
1.876625
1.8841
1.936925
1.93975
1.9471
1.9543
1.98915
2.02435
2.078525
2.1756
2.22405
2.48105
2.638775
2.78675
2.857375
2.897375
2.90505
2.97455
3.3508
3.3557
3.359125
3.373525
3.375225
3.377025
3.456375
3.465
3.48105
3.514575
3.52465
3.55385
3.626775
3.63765
3.6792
3.709575
4.157425
4.321
4.339175
4.621325
4.8512
4.985225
5.006925
5.117525
5.1263
5.178625
5.218975
5.22835
5.28585
5.3038
5.37
5.371675
5.398925
5.406475
5.419725
5.603
5.612875
5.676
5.694425
5.727125
5.766425
5.875725
5.878475
6.044475
6.075125
6.098625
6.107175
6.110925
6.1915
6.19475
6.206825
6.210125
6.265425
6.276925
6.327075
6.351
6.3516
6.424825
6.4321
6.43505
6.445975
6.45025
6.45775
6.470225
6.48
6.49185
6.547725
6.573175
6.639825
6.732325
6.8417
6.915075
7.024375
7.0958
7.229775
7.23855
7.285375
7.294
7.309975
7.341175
7.382475
7.4368
7.479175
7.497
7.505225
7.51595
7.519325
7.529775
7.5557
7.57
7.599825
7.694825
7.7034
7.88215
7.932225
8.06485
8.075375
8.09335
8.0975
8.219025
8.471925
8.5972
8.6231
8.652075
8.721525
8.821175
8.851325
8.9619
8.977875
8.98495
8.99875
9.0027
9.004275
9.014
9.01555
9.024275
9.0373
9.047325
9.1155
9.12695
9.147025
9.192875
9.2402
9.247975
9.2669
9.3019
9.3348
9.33775
9.347475
9.351875
9.4035
9.427
9.46075
9.646775
9.786875
9.99135
10.014875
10.02085
10.11115
10.134675
10.213675
10.221225
10.2446
10.249475
10.25975
10.305875
10.3268
10.348175
10.394175
10.4407
10.451625
10.510075
10.573
10.655725
10.683
10.685025
10.689025
10.6942
10.70185
10.7088
10.721925
10.73985
10.780275
10.81485
10.854075
10.861325
10.87785
10.886375
10.940225
10.95585
10.971975
11.042
11.0465
11.092625
11.143375
11.269825
11.2971
11.301275
11.305875
11.312475
11.3277
11.37675
11.391075
11.527275
11.53655
11.64475
11.64745
11.6566
11.6626
11.672575
11.673775
11.681425
11.69525
11.7025
11.7136
11.730675
11.740575
11.771275
11.81975
11.845975
11.878175
11.94135
11.986325
12.056725
12.14305
12.276675
12.4221
12.425725
12.5442
12.588325
12.602875
12.63665
12.65945
12.679225
12.6986
12.792775
12.8002
12.815825
12.8366
12.84115
12.8546
12.877825
12.885525
12.95175
12.95995
12.977725
12.993675
12.99865
13.0524
13.068275
13.0951
13.10835
13.113525
13.1211
13.132025
13.13375
13.1367
13.1502
13.1569
13.166225
13.213075
13.232175
13.23475
13.23775
13.251975
13.311825
13.4269
13.544875
13.56595
13.581775
13.6951
13.7052
13.7169
13.757025
13.802325
13.817425
13.8496
14.067025
14.0839
14.102125
14.21865
14.229
14.249025
14.2684
14.320775
14.372525
14.39805
14.401675
14.4046
14.42785
14.43455
14.47485
14.517875
14.573575
14.642675
14.814075
14.84995
14.854425
14.938075
14.982875
15.106825
15.11735
15.120475
15.1315
15.2112
15.250625
15.272675
15.3532
15.532275
15.543325
15.5837
15.6912
15.791475
15.8359
15.857425
15.933425
15.9683
16.021025
16.0227
16.0333
16.115975
16.1606
16.164625
16.218375
16.220825
16.22615
16.23355
16.26925
16.2895
16.325825
16.34175
16.37815
16.38035
16.401975
16.415
16.5545
16.596975
16.609875
16.63745
16.64145
16.65365
16.65885
16.6639
16.6678
16.683
16.6984
16.712375
16.721225
16.72625
16.73995
16.75265
16.775475
16.8385
16.904825
16.920125
16.94365
16.965125
17.0321
17.057125
17.0694
17.08435
17.1067
17.1323
17.285825
17.289775
17.305125
17.306675
17.38245
17.463025
17.500625
17.5147
17.539875
17.55755
17.5879
17.5938
17.624175
17.626075
17.635175
17.63575
17.6399
17.6457
17.6609
17.663975
17.6698
17.6794
17.69615
17.70215
17.712225
17.7217
17.746
17.7673
17.7717
17.7953
17.8047
17.8131
17.81545
17.8344
17.84445
17.85735
17.87205
17.886125
17.9452
17.9486
17.987525
17.994525
18.028275
18.0681
18.09555
18.13775
18.2624
18.320375
18.3668
18.426325
18.442575
18.626975
18.65185
18.683175
18.687875
18.695875
18.701125
18.717675
18.724925
18.732825
18.773775
18.79305
18.88235
18.920275
19.008975
19.010575
19.02945
19.081825
19.107825
19.12905
19.14175
19.2343
19.250975
19.28
19.29035
19.296175
19.3564
19.38625
19.417175
19.4474
19.45565
19.467475
19.495325
19.511975
19.5162
19.562025
19.59435
19.6147
19.647275
19.7273
19.731525
19.754425
19.7721
19.796925
19.91255
19.933
19.937925
19.949575
19.97465
20.00875
20.0335
20.06465
20.08995
20.119775
20.1465
20.1822
20.219475
20.228425
20.24775
20.283075
20.292725
20.3106
20.32125
20.3448
20.35975
20.3644
20.41645
20.4247
20.434425
20.451975
20.48825
20.497825
20.53725
20.5637
20.6139
20.61665
20.6226
20.7566
20.790275
20.91115
20.9358
20.947975
20.96005
20.979975
20.993375
21.008925
21.017
21.045125
21.07575
21.178425
21.183975
21.194175
21.207075
21.2389
21.3104
21.352
21.37745
21.3894
21.4288
21.48345
21.512025
21.55735
21.56265
21.574975
21.5773
21.5789
21.588575
21.60085
21.60875
21.63495
21.6527
21.670375
21.69775
21.8565
22.009475
22.01195
22.12565
22.27285
22.2912
22.3594
22.524675
22.534625
22.594
22.68915
22.987125
23.0372
23.065925
23.11225
23.140875
23.15375
23.2704
23.4223
23.515
23.805025
23.869225
23.959675
23.963925
23.9763
23.978825
23.98815
23.99005
24.014825
24.0314
24.058775
24.090825
24.119625
24.128375
24.3497
24.5609
24.5639
24.621825
24.630175
24.68525
24.715775
24.7271
24.77875
24.8085
24.870075
24.9073
24.97555
25.01895
25.033225
25.0428
25.046525
25.0845
25.1571
25.174925
25.1797
25.195525
25.2137
25.21915
25.26475
25.27785
25.34765
25.4311
25.5293
25.5358
25.64475
25.666175
25.758725
25.774475
25.892
25.958975
25.979725
26.018875
26.0244
26.0392
26.17595
26.203825
26.2094
26.254125
26.31375
26.331175
26.494025
26.572825
26.60275
26.6145
26.634375
26.655975
26.658925
26.6659
26.672425
26.693125
26.713675
26.729625
26.802525
26.82375
26.84215
26.9133
26.93195
26.995925
27.036375
27.19265
27.34455
27.444125
27.47095
27.585075
27.5955
27.617875
27.6356
27.674825
27.798675
28.0006
28.094025
28.10635
28.45315
28.761975
28.86445
28.98875
29.030925
29.064975
29.07215
29.184625
29.217775
29.251125
29.496075
29.620425
29.6974
29.755375
29.87805
29.90885
29.92625
30.1483
30.314775
30.36615
30.38385
30.396325
30.4315
30.4493
30.68505
31.04135
31.25545
31.39285
31.412925
31.4285
31.483575
31.5265
31.534
31.6953
31.704275
31.79315
31.797725
31.800875
31.81725
31.827975
31.976925
32.1043
32.1117
32.29935
32.7027
32.829075
33.1126
33.2013
33.270725
33.2796
33.28755
33.30755
33.3608
33.40875
33.43245
33.55125
33.59325
33.59965
33.604
33.62585
33.779075
34.26225
34.28965
34.3206
34.328675
34.34645
34.3574
34.4093
34.473125
34.5619
34.62495
34.65895
34.706475
34.85535
34.965425
35.121725
35.132025
35.13505
35.186025
35.2127
35.312775
35.331725
35.4139
35.454975
35.466125
35.482425
35.5071
35.5093
35.529525
35.572825
35.588875
35.596625
35.624675
35.669575
35.77325
35.835025
35.883625
35.91
35.9254
35.947175
35.96895
35.98545
36.003925
36.008325
36.030875
36.069725
36.084625
36.09855
36.15035
36.2013
36.208025
36.215825
36.294125
36.38035
36.498925
36.6187
36.627525
36.629325
36.635475
36.63985
36.6436
36.663975
36.74345
36.764925
36.83085
36.863175
37.02
37.0839
37.145575
37.155825
37.1726
37.270025
37.275075
37.2901
37.312075
37.314625
37.319575
37.334
37.35035
37.367475
37.390625
37.3974
37.442325
37.4516
37.463225
37.466075
37.472125
37.475275
37.51905
37.566625
37.660375
37.772725
37.811525
37.833725
37.835725
37.855175
37.9222
37.9557
38.01425
38.040125
38.05855
38.0719
38.091575
38.187175
38.18895
38.1953
38.2017
38.246325
38.288275
38.295775
38.311625
38.34475
38.3809
38.42345
38.438175
38.764825
38.767425
38.7857
38.81145
38.8177
38.8199
38.833975
38.892675
38.910425
38.9462
38.985175
39.03275
39.2103
39.2241
39.338125
39.347075
39.444725
39.592975
39.650025
39.6856
39.69105
39.75175
39.849875
39.905475
39.921175
40.129825
40.138175
40.197175
40.19955
40.21045
40.21435
40.2221
40.2326
40.244575
40.272825
40.2761
40.286775
40.291425
40.31485
40.3273
40.38595
40.411625
40.420425
40.4414
40.496725
40.52225
40.548625
40.612225
40.68365
40.773775
40.79475
40.876025
40.8863
40.889425
40.9676
41.058425
41.06315
41.068275
41.08565
41.130775
41.180475
41.276625
41.356375
41.4193
41.455375
41.4613
41.463825
41.478675
41.489175
41.52725
41.652125
41.763125
41.9385
42.021125
42.032275
42.049325
42.066575
42.0957
42.121275
42.13715
42.15315
42.1753
42.1876
42.21215
42.242625
42.247375
42.259675
42.353325
42.35685
42.41585
42.47135
42.4805
42.512725
42.526275
42.693925
42.702475
42.725275
42.733325
42.744025
42.7514
42.786225
42.79585
42.811725
42.8348
42.8415
42.84445
42.8535
42.892175
42.89675
42.89835
42.9107
42.915275
42.92275
42.9558
42.959025
42.994075
42.99775
43.004275
43.012325
43.01585
43.0388
43.104
43.2019
43.27595
43.31395
43.343975
43.443475
43.48855
43.5883
43.680525
43.743525
43.865925
43.88725
43.89595
43.9012
43.9032
43.9137
43.917575
43.9312
43.94275
43.97365
43.977475
44.0008
44.017225
44.202325
44.286275
44.602775
44.6102
44.62255
44.62425
44.635625
44.642525
44.6488
44.652825
44.65495
44.6727
44.674125
44.677175
44.679475
44.70105
44.785025
44.867825
44.879175
44.8803
44.928275
44.94475
44.950875
44.954475
44.965375
45.0108
45.039575
45.05275
45.0575
45.0688
45.168425
45.206675
45.2642
45.32775
45.355375
45.380375
45.422075
45.451675
45.483925
45.490275
45.4953
45.51555
45.590175
45.63695
45.664525
45.669225
45.672775
45.685075
45.892875
46.006625
46.01
46.034775
46.04295
46.054575
46.05815
46.0611
46.0728
46.08225
46.0956
46.1111
46.123375
46.158525
46.16395
46.18515
46.199925
46.2113
46.2274
46.235725
46.282025
46.32055
46.347825
46.418525
46.48695
46.8131
46.84465
46.847775
46.856375
46.8589
46.865575
46.867675
46.917375
46.9352
46.9491
46.95685
47.020675
47.434825
47.587
47.6547
47.768225
47.776375
47.837975
48.03065
48.11035
48.31325
48.338225
48.35465
48.3892
48.428925
48.446725
48.463175
48.4846
48.503325
48.5432
48.5513
48.60355
48.6386
48.770375
48.892925
48.992875
49.0057
49.037975
49.091475
49.0998
49.1648
49.2029
49.3512
49.4249
49.49195
49.507225
49.5113
49.517975
49.52855
49.542125
49.544475
49.5574
49.5616
49.578025
49.595475
49.636275
49.73305
49.8338
50.22455
50.245825
50.279225
50.2876
50.298675
50.30715
50.335975
50.574125
50.582925
50.6836
50.79955
50.957825
50.9595
50.9707
51.00985
51.044525
51.054025
51.058825
51.110325
51.127675
51.1618
51.167725
51.17025
51.1709
51.180625
51.191825
51.2002
51.205475
51.2295
51.28255
51.357575
51.363675
51.397325
51.45385
51.60785
51.609525
51.618725
51.765475
51.79825
51.8843
51.95055
51.955275
51.9797
52.0971
52.1949
52.224675
52.296075
52.398675
52.432675
52.470075
52.4734
52.6559
52.662925
52.714125
52.739825
52.82595
52.84115
52.885925
52.89805
52.900425
52.916075
52.996175
53.0062
53.012775
53.022325
53.025075
53.03305
53.0574
53.071575
53.0953
53.103225
53.10815
53.1146
53.124
53.143675
53.168425
53.2163
53.23785
53.256125
53.36245
53.52425
53.5762
53.589425
53.6287
53.64235
53.76085
53.78245
53.798325
54.1485
54.170475
54.185825
54.273325
54.294975
54.319625
54.331525
54.365475
54.367375
54.4069
54.4339
54.5324
54.557975
54.7781
54.8468
54.90215
54.9051
55.277325
55.289875
55.400475
55.642975
55.7218
55.728325
55.7727
55.781925
55.797
55.80325
55.833275
55.837825
55.84435
55.8783
55.91645
55.95825
56.02245
56.057825
56.1027
56.133025
56.1497
56.246275
56.26085
56.3645
56.36965
56.37575
56.3769
56.379725
56.388875
56.4314
56.43955
56.45305
56.48655
56.496975
56.508325
56.5289
56.5331
56.5392
56.560675
56.5811
56.60035
56.636975
56.768725
56.814275
56.8561
57.0899
57.0959
57.301925
57.319275
57.3625
57.400825
57.421225
57.47895
57.502325
57.696825
57.865625
57.948
57.9663
58.00015
58.0262
58.09175
58.129825
58.14545
58.226625
58.265275
58.267725
58.289925
58.30025
58.318875
58.332025
58.33325
58.365825
58.36965
58.376275
58.404425
58.463425
58.46865
58.555275
58.565825
58.573675
58.59285
58.597225
58.618625
58.63545
58.639525
58.6441
58.646775
58.6617
58.674525
58.677375
58.6788
58.6909
58.7064
58.723125
58.7342
58.781675
58.79455
58.8004
58.847275
58.8575
58.8879
58.91035
58.948525
58.981275
58.989525
59.044825
59.067225
59.07835
59.0855
59.10045
59.105225
59.118125
59.173275
59.253825
59.3948
59.478375
59.664125
59.67435
59.695675
59.704225
59.7176
59.7521
59.772575
59.7995
59.8179
59.834
59.848275
59.87785
59.884825
59.95985
60.014525
60.0574
60.059425
60.066675
60.19845
60.2112
60.335625
60.51555
60.578525
60.5849
60.58675
60.5886
60.600575
60.61945
60.638975
60.65195
60.684575
60.735675
60.78475
60.837175
61.132725
61.235375
61.25755
61.318
61.3282
61.48855
61.562825
61.578325
61.581575
61.590325
61.6021
61.61425
61.616275
61.62505
61.632075
61.64595
61.6536
61.6661
61.677675
61.68605
61.736825
61.8434
61.931825
62.025475
62.1286
62.13655
62.14385
62.1547
62.33475
62.399075
62.4013
62.4327
62.455175
62.52315
62.64965
62.72865
62.839175
63.051575
63.1054
63.116
63.196475
63.282775
63.445625
63.540525
63.56585
63.770925
63.7946
63.846
63.857975
63.946425
63.958675
63.960675
64.007025
64.01605
64.27175
64.29715
64.30145
64.3035
64.3585
64.361325
64.383375
64.39515
64.400825
64.407925
64.420225
64.430025
64.43405
64.449475
64.45715
64.474425
64.502025
64.52675
64.5481
64.5545
64.574775
64.5877
64.602475
64.637975
64.642675
64.655925
64.659025
64.681325
64.69955
64.701375
64.719925
64.72855
64.737425
64.743775
64.763025
64.77365
64.782125
64.787575
64.80295
64.8365
64.944
65.01615
65.032675
65.05635
65.219225
65.324625
65.3427
65.346775
65.381425
65.392575
65.416
65.419525
65.421525
65.4331
65.44025
65.459725
65.4753
65.48785
65.53605
65.551925
65.5624
65.5663
65.5816
65.58455
65.632525
65.70495
65.777825
65.809975
65.8222
65.8328
66.014525
66.019625
66.02095
66.02585
66.034125
66.09615
66.113775
66.123625
66.1319
66.1692
66.227725
66.292725
66.391
66.51725
66.565375
66.583825
66.755925
66.8867
66.9065
66.918
66.924575
66.926175
66.9367
66.983825
67.0953
67.135275
67.1759
67.1909
67.20755
67.381325
67.527525
67.8882
68.152225
68.2082
68.218025
68.223175
68.2413
68.3457
68.43485
68.4773
68.58495
68.781975
68.801575
68.843
68.858525
68.881725
68.92425
68.927125
68.946175
68.9508
68.952775
68.9575
68.9998
69.007675
69.014575
69.026275
69.02685
69.034625
69.041925
69.05015
69.06395
69.14955
69.166375
69.265275
69.2892
69.298125
69.36735
69.430775
69.597275
69.603925
69.620375
69.6264
69.645725
69.66655
69.66935
69.677225
69.6792
69.695825
69.698025
69.717375
69.73765
69.73935
69.75865
69.81065
69.8219
69.916825
69.919475
69.929375
69.933525
69.93645
69.943125
69.956225
69.973075
69.995025
70.0511
70.07225
70.3109
70.314025
70.447575
70.485975
70.526175
70.566325
70.613725
70.620075
70.6242
70.649025
70.749325
70.7702
70.772225
70.7853
70.816775
70.865175
71.11775
71.36555
71.39525
71.42185
71.4268
71.4368
71.497425
71.505325
71.832775
71.867275
71.882225
71.88435
71.887275
71.894775
71.921875
71.943775
71.94645
71.9485
71.95865
71.9614
71.9727
71.9961
72.014525
72.0432
72.0526
72.0834
72.092075
72.11965
72.1833
72.19195
72.26095
72.2656
72.2757
72.358575
72.511875
72.594375
72.650325
72.659675
72.662575
72.67985
72.696575
72.703725
72.7193
72.730575
72.7399
72.744725
72.7551
72.78545
72.92005
72.971525
73.037375
73.066925
73.228275
73.612375
73.677875
73.84225
73.9748
74.0195
74.031875
74.145725
74.198175
74.266175
74.369575
74.37425
74.37865
74.406725
74.409275
74.415625
74.4309
74.451175
74.45955
74.507875
74.51905
74.624775
74.777075
74.96665
75.045325
75.1381
75.1642
75.1711
75.242075
75.258325
75.300175
75.34945
75.43105
75.4557
75.525525
75.52935
75.53315
75.555925
75.5754
75.581775
75.613
75.6469
75.740425
75.748275
75.940975
75.944825
76.161125
76.22255
76.2399
76.27965
76.308325
76.3205
76.491875
76.710725
76.7191
76.721325
76.8034
76.86035
76.897025
76.89935
76.901
76.90865
76.914025
76.918825
76.9263
76.94625
76.9567
76.98135
76.982975
76.991925
77.0128
77.019025
77.03095
77.0337
77.048075
77.0625
77.070325
77.0776
77.087925
77.1047
77.11485
77.133125
77.164375
77.18515
77.243425
77.260725
77.264925
77.277175
77.297475
77.35315
77.395075
77.40655
77.416825
77.424325
77.4454
77.7141
77.717875
78.16425
78.371625
78.418125
78.5937
78.5961
78.654325
78.720075
78.722525
78.724525
78.733175
78.737775
78.742925
78.755625
78.76195
78.76435
78.774525
78.782075
78.7991
78.809275
78.819975
78.83625
78.877725
78.8956
78.946175
79.03935
79.172
79.187525
79.438925
79.452775
79.5626
79.56635
79.711575
79.783575
79.8914
79.905875
79.9557
80.0122
80.0441
80.06055
80.064175
80.0912
80.10825
80.11275
80.2137
80.237875
80.29285
80.3581
80.404825
80.513025
80.52035
80.729
80.7332
80.8738
81.003625
81.0128
81.344975
81.4192
81.461725
81.679275
81.807775
81.82335
81.83575
81.8434
81.8781
81.8976
81.91165
82.2386
82.3792
82.520975
82.584225
82.62745
82.6627
82.67475
82.6845
82.844325
83.1672
83.171225
83.380375
83.5187
83.52315
83.527025
83.644775
83.8158
83.8253
83.831575
83.99735
84.003325
84.04175
84.143475
84.148825
84.156075
84.25265
84.25755
84.265225
84.36895
84.410175
84.41185
84.43475
84.470425
84.4762
84.49875
84.53055
84.575675
84.5834
84.917075
85.4261
85.601075
85.605825
85.6257
85.83305
85.860775
85.931775
86.145275
86.1685
86.20645
86.215525
86.2371
86.23885
86.248575
86.256325
86.261975
86.317925
86.3312
86.3627
86.4008
86.410625
86.43125
86.4756
86.490325
86.495075
86.4978
86.5048
86.52125
86.57665
86.59935
86.605825
86.61395
86.61995
86.632425
86.6777
86.684125
86.69405
86.75105
86.758025
86.8729
86.9085
86.949125
87.27155
87.307475
87.312675
87.3146
87.3424
87.344
87.380825
87.39595
87.41895
87.5923
87.603375
87.671725
87.673425
87.6883
87.701175
87.706175
87.717275
87.740125
87.924025
87.9266
87.937225
87.9477
87.966925
88.221325
88.40815
88.532225
88.54245
88.74165
88.801925
88.91315
88.91905
89.11495
89.22935
89.24665
89.2921
89.3006
89.302775
89.307475
89.321275
89.32485
89.335975
89.367325
89.3858
89.5177
89.5269
89.5341
89.540675
89.54245
89.5512
89.554425
89.55945
89.56905
89.57775
89.5882
89.618525
89.62345
89.625625
89.62755
89.63085
89.6412
89.646625
89.6529
89.663625
89.671825
89.6843
89.701875
89.707
89.7128
89.718225
89.728475
89.76525
89.780125
89.8046
89.81995
89.82195
89.840425
89.86075
89.96175
89.9902
90.009375
90.026975
90.065075
90.148725
90.2705
90.284275
90.29225
90.303875
90.395075
90.755275
90.7896
90.852125
90.85755
90.871
90.9661
90.9967
91.005025
91.16265
91.238675
91.28115
91.36645
91.383475
91.4105
91.65765
91.664175
91.672975
91.71925
91.723725
91.761425
91.773425
91.77795
91.7918
91.809275
91.860075
92.010175
92.01935
92.365475
92.370175
92.48725
92.497925
92.794675
92.80515
92.8478
92.864075
92.86895
92.872375
92.8804
92.8956
92.9282
92.930775
92.9525
92.9547
92.96275
92.971025
92.9772
93.02305
93.039925
93.053575
93.070325
93.08885
93.1174
93.130925
93.13265
93.138175
93.145575
93.1506
93.164575
93.1813
93.1967
93.204725
93.210625
93.23515
93.236725
93.2467
93.255925
93.270225
93.275625
93.2912
93.296075
93.35335
93.3551
93.382025
93.45305
93.484675
93.496975
93.501925
93.512325
93.5808
93.6091
93.68055
94.06215
94.46275
94.68415
94.732125
94.80835
94.859775
94.863
94.92975
95.05945
95.106925
95.1211
95.14895
95.164625
95.17095
95.4316
95.509075
95.533075
95.54195
95.59165
95.62865
95.84145
95.856775
96.1061
96.20325
96.205475
96.37515
96.380325
96.3819
96.39515
96.407925
96.428475
96.4606
96.48615
96.496975
96.499075
96.5012
96.5066
96.5167
96.528675
96.55215
96.584575
96.59045
96.62345
96.627275
96.698675
96.715825
96.717575
96.7278
96.73145
96.7361
96.7488
96.81805
96.844725
96.854075
96.901175
96.916725
96.952275
96.964825
96.98275
97.0064
97.054375
97.064925
97.28585
97.4384
97.466
97.488125
97.4909
97.497075
97.72985
98.060625
98.31645
98.322575
98.423675
98.4258
98.435925
98.461325
98.757075
98.81175
98.82545
98.845225
98.8532
98.869175
98.911225
98.918875
98.935525
98.9856
98.993275
99.00475
99.0145
99.018175
99.02885
99.04575
99.056075
99.117375
99.14115
99.148925
99.1606
99.164325
99.17375
99.185
99.19025
99.1928
99.202175
99.21155
99.220225
99.229825
99.23405
99.24075
99.243275
99.25685
99.272325
99.2845
99.31665
99.32855
99.3582
99.39435
99.4144
99.5136
99.54525
99.614525
99.632175
99.69715
99.700875
99.96465
100.07055
100.31955
100.5182
100.665275
100.796025
100.798325
100.816525
100.825475
100.849775
100.8593
100.945025
100.965475
100.975825
100.980225
100.98645
101.050975
101.07945
101.0903
101.104075
101.1064
101.141875
101.143575
101.159375
101.221725
101.246975
101.2546
101.2629
101.28235
101.29
101.301825
101.322275
101.328975
101.340425
101.37245
101.396575
101.41465
101.422375
101.424775
101.4291
101.500775
101.8624
101.86365
101.885975
101.8879
101.91235
101.91985
101.92355
101.928325
101.956575
101.973775
101.991425
101.9997
102.011
102.01855
102.05
102.063125
102.122025
102.1459
102.258325
102.42065
102.42445
102.57285
102.595275
102.597025
102.601525
102.61735
102.619
102.637425
102.64495
102.647575
102.66675
102.67625
102.697275
102.7064
102.72635
102.7283
102.7391
102.746
102.754125
102.769275
102.7787
102.790025
102.80055
102.841075
102.869925
102.8749
102.889775
102.94425
103.0877
103.14055
103.152025
103.180925
103.318275
103.33385
103.33945
103.350775
103.540325
103.54305
103.5547
103.633525
103.670675
103.84275
103.8685
103.899675
103.981725
104.041825
104.099325
104.101925
104.106175
104.1217
104.2293
104.2469
104.24955
104.27485
104.305725
104.33995
104.374575
104.494725
104.57675
104.59475
104.60335
104.613775
104.670325
104.72135
104.723475
104.74755
104.75825
104.763425
104.779625
104.8675
104.894825
104.9068
104.91745
104.948425
104.9566
104.961625
104.96395
104.97275
104.9753
104.984375
104.9878
105.012675
105.016875
105.02195
105.03205
105.039475
105.045425
105.059375
105.0766
105.090475
105.121125
105.184225
105.1892
105.21955
105.223525
105.226425
105.2588
105.2607
105.2949
105.375775
105.41855
105.42445
105.48005
105.496475
105.536575
105.56325
105.5978
105.683075
105.874075
105.882925
105.928675
105.931275
105.95455
105.95925
105.9727
105.9819
106.001725
106.0351
106.058575
106.0609
106.0741
106.086875
106.2082
106.241225
106.25435
106.51285
106.52885
106.543975
106.694825
106.7774
106.789125
106.899925
106.9022
106.98075
107.08805
107.223625
107.303275
107.436375
107.527325
107.6181
107.690125
107.8931
107.94645
107.954275
107.964825
107.967325
107.97425
107.976175
107.995675
107.997725
108.016875
108.04845
108.06735
108.08225
108.201625
108.2343
108.254
108.291375
108.384225
108.798075
108.853125
108.873075
108.91455
109.047575
109.106375
109.17235
109.275175
109.290925
109.3306
109.3558
109.364975
109.3667
109.376425
109.398725
109.494825
109.49675
109.500375
109.5049
109.51145
109.51495
109.5267
109.565225
109.581025
109.59585
109.626725
109.6417
109.705675
109.726075
109.7905
109.8131
109.952575
110.253225
110.3898
110.4183
110.7117
111.0404
111.16555
111.191625
111.23325
111.24445
111.3066
111.312375
111.32675
111.331575
111.35365
111.403675
111.42835
111.441225
111.4429
111.455275
111.4738
111.485025
111.5083
111.541
111.55365
111.65005
111.651975
111.675975
111.69635
111.716325
111.718675
111.723475
111.725575
111.781825
111.8004
111.8777
111.89925
111.917275
111.92175
112.252425
112.295225
112.308325
112.447825
112.467725
112.5361
112.82945
112.9076
112.985825
113.12445
113.165875
113.20375
113.208075
113.2411
113.2469
113.26635
113.278075
113.2838
113.286975
113.2963
113.3079
113.312925
113.3263
113.328175
113.330975
113.3355
113.36335
113.3909
113.433525
113.487325
113.490175
113.51185
113.52345
113.557075
113.568175
113.59355
113.600475
113.60605
113.656025
113.689075
113.692375
113.700225
113.826775
114.00605
114.02775
114.07195
114.1853
114.2421
114.254775
114.3324
114.410575
114.43075
114.48135
114.50955
114.6126
114.83305
114.8349
114.84255
114.9364
114.945675
114.992375
115.11995
115.13355
115.43075
115.44785
115.553075
115.5567
115.565725
115.62445
115.74065
115.767075
115.78605
115.79095
115.800475
115.807375
115.94645
115.950125
115.990975
116.0699
116.07495
116.080475
116.13905
116.18945
116.223475
116.237425
116.25985
116.29965
116.301475
116.312425
116.317625
116.328225
116.3362
116.341
116.362775
116.378
116.400725
116.408
116.416475
116.4278
116.439775
116.44465
116.4529
116.482225
116.491425
116.501675
116.512125
116.58375
116.630975
116.664725
116.69245
116.700225
116.7019
116.72865
116.731825
116.7401
116.74995
116.758275
116.778125
116.7941
116.803025
116.81955
116.838225
116.970675
116.98865
116.996475
117.02925
117.03585
117.0494
117.30895
117.543975
117.5457
117.55795
117.5671
117.576825
117.58245
117.594575
117.602875
117.620775
117.628175
117.677325
117.75125
117.826725
117.865325
118.0368
118.4488
118.50155
118.58675
118.595475
118.706225
118.72275
118.816225
118.822675
118.846
118.877075
118.9382
118.99805
119.00555
119.0194
119.038775
119.0566
119.071775
119.10885
119.14235
119.3503
119.715425
119.813175
119.8703
119.9162
119.91815
119.933325
119.951325
119.975875
119.9839
119.9958
120.005925
120.007675
120.023925
120.02705
120.0293
120.034325
120.047875
120.051
120.0565
120.0635
120.06985
120.0737
120.08135
120.096175
120.137375
120.142225
120.150575
120.17795
120.205275
120.20825
120.2365
120.24215
120.256025
120.263025
120.269925
120.29485
120.321625
120.378675
120.382525
120.410675
120.46965
120.483175
120.503325
120.540175
120.5823
120.58895
120.5944
120.715975
120.8595
121.352925
121.375875
121.379175
121.3987
121.415025
121.42765
121.4331
121.462825
121.486125
121.498225
121.5274
121.560725
121.5946
121.6276
121.762075
121.784675
121.833925
121.88965
121.937575
121.96445
122.12005
122.13795
122.3058
122.416925
122.457575
122.716325
123.323825
123.3468
123.35365
123.37315
123.6301
123.63645
123.670575
124.010775
124.096975
124.17535
124.22455
124.351125
124.376175
124.3866
124.4374
124.453
124.464
124.471375
124.475075
124.483375
124.489
124.523125
124.555125
124.5587
124.569625
124.574275
124.58585
124.594
124.6082
124.616025
124.618125
124.633875
124.652
124.66855
124.701025
124.7213
124.727875
124.741325
124.74795
124.77345
124.77655
124.7935
124.919975
124.925075
124.987625
125.059425
125.102275
125.137525
125.148825
125.4026
125.466775
125.482375
125.579075
125.693475
125.7872
125.9144
125.94305
125.967425
126.074725
126.084175
126.123
126.12625
126.149475
126.1581
126.18
126.1822
126.205225
126.265725
126.282675
126.284725
126.323975
126.431825
126.4764
126.48425
126.54355
126.5862
126.608225
126.8001
126.82935
126.83885
126.842975
126.847325
126.864675
126.88025
126.954325
127.039625
127.070575
127.083825
127.1693
127.290575
127.3219
127.3591
127.689875
127.78325
127.941575
127.99345
127.9983
128.0532
128.0624
128.121075
128.1482
128.223275
128.264775
128.43945
128.464975
128.4666
128.489525
128.49805
128.512125
128.526025
128.554125
128.5926
128.60665
128.6225
128.6277
128.632525
128.688075
128.8355
128.946275
128.95515
128.975675
129.0742
129.246175
129.250575
129.310375
129.447825
129.556675
129.62605
129.644775
129.725925
129.75575
129.806425
129.830475
129.915425
129.9187
129.926375
129.9528
130.01385
130.0599
130.099225
130.11125
130.1173
130.11845
130.1339
130.14315
130.197025
130.214975
130.237
130.277525
130.283125
130.288825
130.29655
130.3088
130.3195
130.32785
130.33665
130.37075
130.5342
130.63175
130.690525
130.88855
130.89495
131.0643
131.15355
131.588925
131.6281
131.725925
131.7439
131.838825
131.8914
132.384275
132.5356
132.54705
132.832275
132.884125
132.9286
132.9413
132.946925
132.978325
132.983125
132.9904
132.994475
133.00685
133.01935
133.03055
133.032375
133.040925
133.04635
133.09785
133.101275
133.1167
133.1222
133.13475
133.154025
133.199625
133.2111
133.249775
133.33145
133.336
133.367425
133.397525
133.409825
133.482
133.486675
133.5038
133.521875
133.5278
133.53265
133.53525
133.58205
133.58955
133.593825
133.6038
133.62835
133.69465
133.8518
133.870075
134.244175
134.2596
134.418825
134.475925
134.482075
134.5723
134.687525
134.74145
134.80615
134.8368
134.956425
134.9832
134.9911
135.00005
135.0145
135.048875
135.064275
135.098225
135.48635
135.52225
135.546675
135.6341
135.76715
135.772425
135.7804
135.8295
135.91895
135.97875
136.09995
136.1435
136.171825
136.173825
136.17585
136.177625
136.1807
136.1894
136.1924
136.1941
136.218075
136.316675
136.37555
136.381075
136.3965
136.411375
136.432725
136.4966
136.520475
136.529425
136.5365
136.5502
136.5584
136.5668
136.5833
136.6445
136.680225
136.72755
136.741175
136.991275
137.0848
137.102275
137.110675
137.1135
137.12435
137.1274
137.13275
137.13925
137.1471
137.17795
137.1887
137.203225
137.214775
137.2255
137.268425
137.2853
137.302875
137.36505
137.40935
137.42795
137.44825
137.486825
137.513025
137.5756
137.580725
137.650825
137.785925
137.792775
137.839775
137.943125
137.94725
137.952175
137.965775
138.15225
138.1865
138.2268
138.602875
138.6133
138.614775
138.62555
138.642975
138.663725
138.6719
138.6762
138.701525
138.7508
138.802575
138.85505
138.90155
139.091575
139.129125
139.13685
139.398075
139.551025
139.603625
139.616575
139.66015
139.7659
139.7926
139.80705
140.03065
140.04995
140.0632
140.08705
140.091475
140.095475
140.09865
140.1369
140.295425
140.30615
140.329175
140.373125
140.378975
140.46075
140.4936
140.4998
140.637725
140.752075
140.82215
140.84985
140.874825
140.9213
140.9981
141.01615
141.042025
141.0529
141.06015
141.061825
141.0763
141.081175
141.0976
141.10015
141.155575
141.166875
141.174975
141.185125
141.2026
141.239125
141.295725
141.36145
141.382525
141.56
141.56865
141.61515
141.617175
141.629825
141.634175
141.647375
141.663725
141.66645
141.694325
141.71415
141.71875
141.743075
141.753775
141.805025
141.823325
141.958125
142.01825
142.022175
142.052675
142.06785
142.171675
142.2088
142.2381
142.25425
142.25655
142.2641
142.3058
142.3143
142.3161
142.3245
142.33905
142.4306
142.44265
142.4671
142.481625
142.524475
142.59245
142.605475
142.609225
142.630925
142.6789
142.686075
142.6893
142.70095
142.70405
142.98505
143.0473
143.088375
143.0963
143.130425
143.1521
143.17105
143.213975
143.21595
143.240325
143.28035
143.281975
143.291125
143.30235
143.3562
143.565775
143.6525
143.655325
143.658525
143.68565
143.6932
143.69595
143.699
143.706825
143.72575
143.855975
143.86575
143.878725
143.9889
144.139975
144.14215
144.1556
144.161825
144.18845
144.21825
144.22035
144.226675
144.241675
144.274075
144.31835
144.323025
144.352625
144.369525
144.3732
144.393775
144.507825
144.5394
144.63445
144.64805
144.77675
144.94355
144.98505
145.0017
145.022375
145.062025
145.0781
145.13295
145.154475
145.215975
145.2331
145.42305
145.432225
145.43395
145.438725
145.44305
145.449725
145.46335
145.4958
145.585925
145.6105
145.612425
145.6172
145.619225
145.662875
145.67585
145.943775
146.00365
146.00545
146.007125
146.048825
146.0671
146.078025
146.084625
146.088525
146.1406
146.145575
146.156625
146.17255
146.300075
146.307925
146.31825
146.3226
146.44615
146.531425
146.535925
146.600675
146.664225
146.676725
146.679375
146.690425
146.704475
146.729275
146.755525
146.762775
146.81265
146.81825
146.84735
146.9237
147.008275
147.01385
147.07845
147.144625
147.2757
147.4407
147.447975
147.501825
147.6116
147.62545
147.7314
147.749725
147.761225
147.776375
147.779625
147.786625
147.79315
147.8215
147.825975
147.8491
147.87075
147.90345
147.9078
147.91995
147.9456
147.9883
148.080075
148.401025
148.40555
148.419325
148.6045
148.6123
148.648625
148.6649
148.6918
148.824425
148.9857
149.002325
149.01145
149.094475
149.24455
149.511825
149.799325
149.866175
149.89435
149.987925
150.000575
150.0245
150.06905
150.156325
150.219375
150.250225
150.266375
150.2829
150.32295
150.3311
150.357325
150.39535
150.4457
150.489525
150.51285
150.52075
150.576325
150.644175
150.6921
150.747975
150.770875
150.776075
151.06755
151.07525
151.120625
151.20385
151.26425
151.367975
151.376675
151.4327
151.4913
151.535275
151.6167
151.626775
151.665375
151.767
151.77035
151.80115
151.81155
151.905675
151.90805
152.011125
152.01935
152.14235
152.169975
152.3048
152.307375
152.315775
152.3276
152.422675
152.472675
152.4809
152.497225
152.499975
152.505725
152.50905
152.5155
152.55345
152.5682
152.57625
152.5812
152.62375
152.6379
152.75305
152.7563
152.779375
152.813525
152.83345
152.84435
152.8578
152.875975
152.87925
152.888675
152.9195
152.937
152.9467
152.956125
152.9849
152.992125
152.99935
153.01925
153.041
153.055325
153.073475
153.1848
153.19315
153.257075
153.30045
153.330775
153.47735
153.52415
153.563575
153.61625
153.6219
153.669
153.696625
153.712125
153.714175
153.739725
153.762925
153.802775
153.82265
153.85815
153.8628
153.868725
153.882925
153.9154
153.92675
153.944
154.099225
154.1064
154.17985
154.186275
154.191825
154.242475
154.275525
154.34245
154.50665
154.537625
154.570625
154.5772
154.603475
154.62395
154.664075
154.671025
154.70205
154.71175
154.7186
154.723075
154.728
154.72995
154.7355
154.749075
154.76565
154.787375
154.801925
154.84
154.9022
154.91335
154.93875
154.955025
155.121575
155.131525
155.233375
155.29375
155.385
155.397425
155.43685
155.6308
155.662725
155.79425
155.80485
155.8246
155.834775
155.941325
155.9857
156.06645
156.209275
156.334275
156.5207
156.55465
156.572175
156.5921
156.741375
157.049675
157.0671
157.070575
157.0837
157.087275
157.10375
157.109125
157.123775
157.145825
157.175575
157.1787
157.18475
157.199575
157.2035
157.233525
157.27805
157.347325
157.34965
157.3541
157.383975
157.3868
157.3944
157.4848
157.50175
157.50905
157.6021
157.816325
157.83535
157.838375
157.87295
157.9548
158.00005
158.0168
158.0267
158.121425
158.126875
158.186775
158.25075
158.319
158.3793
158.434375
158.443975
158.45305
158.45545
158.467975
158.545925
158.54965
158.886225
158.890725
158.893375
158.916675
158.952825
159.1274
159.293775
159.3387
159.391325
159.3947
159.398175
159.4082
159.447825
159.468
159.6975
159.747
159.812525
159.8258
159.838225
159.91325
160.30295
160.4244
160.45815
160.4881
160.519775
160.556975
160.718275
160.759375
160.7813
160.90125
160.912375
160.916575
161.0001
161.0192
161.02525
161.038
161.096825
161.10665
161.113175
161.2402
161.24435
161.2477
161.254325
161.2671
161.287275
161.311375
161.32305
161.329025
161.335
161.344325
161.349325
161.353375
161.364725
161.4596
161.503975
161.55595
161.671875
161.735625
161.81625
161.8815
161.9243
161.98695
162.002925
162.014825
162.09195
162.20245
162.212625
162.232975
162.346225
162.3519
162.364675
162.394
162.42145
162.4254
162.438225
162.4435
162.458225
162.505275
162.510825
162.5406
162.550125
162.555225
162.607925
162.612625
162.63945
162.661425
162.6726
162.68005
162.74955
162.824275
162.828325
162.8432
162.921675
162.9285
162.934325
162.94295
162.9467
162.980675
163.089875
163.186175
163.297075
163.451975
163.483175
163.498625
163.550025
163.557275
163.564575
163.585875
163.611575
163.61385
163.6162
163.623825
163.630325
163.642125
163.683625
163.727225
163.96295
163.964725
163.971
163.977775
164.0031
164.015725
164.0173
164.0244
164.091975
164.12915
164.193075
164.3441
164.4518
164.656675
164.7983
164.9163
165.088575
165.358425
165.367325
165.3707
165.471125
165.482475
165.52895
165.5506
165.56625
165.568075
165.5718
165.61235
165.619525
165.650825
165.6791
165.73775
165.745425
165.760825
165.833425
165.856375
165.8939
165.895975
165.905675
165.914
165.942025
165.957925
166.125425
166.444475
166.4495
166.49515
166.51665
166.579175
166.62625
166.65145
166.760525
167.0357
167.089075
167.2345
167.267925
167.53055
167.54705
167.578725
167.63465
167.657175
168.00615
168.16395
168.251875
168.28015
168.3359
168.511525
168.55085
169.1946
169.2466
169.33735
169.360825
169.574575
169.61595
169.626225
169.7051
169.7457
169.8139
169.858025
169.9395
169.956525
169.978125
170.046675
170.101525
170.22155
170.241275
170.2511
170.296775
170.3001
170.313425
170.347475
170.35365
170.40575
170.410875
170.431875
170.449
170.45625
170.463025
170.494075
170.50875
170.56755
170.583375
170.608875
170.62315
170.635925
170.66185
170.68085
170.712925
170.7162
170.7298
170.74335
170.75305
170.758825
170.7907
170.808875
170.883775
170.897225
170.95
170.96515
171.045875
171.1587
171.2705
171.277775
171.356575
171.60005
171.611975
171.625225
171.62895
171.7335
171.7851
171.920175
171.9871
172.013525
172.034325
172.059325
172.1607
172.218275
172.2203
172.23435
172.239425
172.246525
172.27555
172.28235
172.292625
172.3649
172.3681
172.376525
172.402875
172.426625
172.494475
172.817625
172.81975
172.82635
172.8308
172.8344
172.839825
172.87055
172.875075
172.878325
172.883175
172.885375
172.891975
172.9264
172.9926
172.9988
173.016225
173.0362
173.113675
173.26955
173.3188
173.386675
173.44665
173.51315
173.51925
173.6646
173.944225
174.0037
174.022625
174.03435
174.051275
174.08855
174.198725
174.3146
174.345175
174.355225
174.393675
174.4112
174.42375
174.428375
174.4334
174.47565
174.54755
174.5838
174.599
174.6117
174.619775
174.65485
174.659475
174.683275
174.692
174.717925
174.7288
174.73295
174.77545
174.858675
175.2351
175.2441
175.286675
175.319225
175.37315
175.526725
175.6145
175.69345
175.694475
175.7038
175.7684
175.880325
176.003175
176.091475
176.351875
176.358675
176.41255
176.5281
176.5754
176.616975
176.773925
176.801725
176.823075
176.907825
177.05225
177.055625
177.0726
177.1323
177.1535
177.17655
177.184325
177.19195
177.20355
177.2186
177.302025
177.31075
177.31445
177.330925
177.331775
177.334075
177.354
177.435475
177.494225
177.596825
177.85285
178.0724
178.1388
178.1897
178.38665
178.40835
178.4131
178.443025
178.46205
178.597975
178.621525
178.7885
178.872225
178.983275
178.986025
178.990175
179.12425
179.36605
179.6138
179.616725
179.627
179.66315
179.728875
179.7819
179.8996
179.907575
179.911
179.91975
180.114075
180.12285
180.156925
180.24885
180.325275
180.34415
180.590625
180.671125
180.775875
180.823325
180.876
180.93745
181.055525
181.06095
181.203125
181.27235
181.275925
181.295625
181.3273
181.4566
181.5601
181.879125
181.92245
182.234075
182.2375
182.2433
182.4287
182.46935
182.4721
182.4852
182.525025
182.798575
183.001025
183.01675
183.0747
183.08045
183.090025
183.17255
183.213075
183.3287
183.333575
183.34035
183.648625
183.689575
183.694975
183.771825
183.84535
183.8602
183.903
183.988975
184.289275
184.31275
184.317325
184.376925
184.37855
184.47575
184.491325
184.5071
184.542775
184.561375
184.578525
184.5863
184.59905
184.657175
184.679625
184.7331
184.8114
184.82765
184.831925
184.835975
184.894225
184.901625
184.92165
185.034325
185.1342
185.3524
185.4608
185.46185
185.478325
185.484975
185.5034
185.523625
185.569425
185.6225
185.664625
185.6684
185.702775
185.890775
185.98465
185.995025
186.06765
186.075975
186.238475
186.250975
186.253
186.271225
186.29875
186.300725
186.32375
186.361025
186.44315
186.4996
186.50305
186.506725
186.51015
186.525375
186.539875
186.56925
186.617375
186.684125
186.778775
186.784375
186.79715
186.849
186.9752
187.189525
187.316375
187.343125
187.385675
187.680675
187.701075
187.7333
187.773175
187.78795
187.7911
187.823125
187.9264
187.934875
187.974125
187.977875
188.0639
188.1203
188.152225
188.196275
188.299925
188.381525
188.651025
188.805725
188.890775
189.04085
189.159075
189.185975
189.214025
189.274775
189.2987
189.331525
189.358225
189.398425
189.425525
189.459075
189.7006
189.905875
190.008475
190.049575
190.07975
190.15895
190.1727
190.187725
190.19395
190.21945
190.229175
190.2368
190.244275
190.2495
190.3319
190.385375
190.493025
190.501875
190.671675
190.74085
190.754
190.779775
190.791075
190.79385
190.84995
190.89555
190.907525
190.91065
190.9175
190.943775
191.011675
191.015125
191.051125
191.0828
191.170625
191.194675
191.267675
191.276875
191.300525
191.4061
191.445975
191.569775
191.63985
191.675975
191.8254
191.885125
192.05895
192.15955
192.16145
192.167075
192.177775
192.182
192.196775
192.29315
192.361775
192.485375
192.612175
192.7845
192.871175
192.94765
192.96285
192.964475
192.98095
192.98535
192.990525
192.992875
193.019225
193.029475
193.033025
193.043425
193.062425
193.078875
193.09835
193.113
193.13335
193.1613
193.16945
193.186675
193.19075
193.195875
193.20745
193.212825
193.22425
193.22765
193.244475
193.252925
193.273325
193.284225
193.290375
193.320525
193.343075
193.3574
193.377375
193.460475
193.494725
193.5009
193.520225
193.541675
193.560375
193.583675
193.697425
193.738175
193.836525
193.859275
193.909125
193.9243
193.954125
194.052475
194.089775
194.094775
194.115375
194.1203
194.127225
194.19
194.2186
194.30395
194.34085
194.426475
194.43505
194.4742
194.487725
194.49955
194.519525
194.534675
194.543525
194.569675
194.579125
194.5878
194.667625
194.783375
194.819225
194.886175
194.956725
194.982675
195.03285
195.077775
195.232075
195.26235
195.6052
195.6695
195.696025
195.8176
196.287725
196.321475
196.7109
196.955875
196.963225
197.059375
197.258575
197.30845
197.380625
197.425875
197.486025
197.525225
197.613225
197.633025
197.6506
197.719725
197.73295
197.7871
197.803475
197.8264
197.84065
197.863775
197.8897
197.890425
197.896025
197.91525
197.9404
198.013175
198.0192
198.053525
198.064475
198.093125
198.098375
198.1102
198.130675
198.132925
198.20605
198.257825
198.259625
198.27145
198.291425
198.3316
198.33825
198.362475
198.368325
198.4241
198.427875
198.442825
198.446225
198.453
198.467725
198.47805
198.486625
198.491375
198.5364
198.59325
198.620725
198.688275
198.7706
198.951675
199.04865
199.101825
199.106325
199.135875
199.1415
199.14725
199.1641
199.178325
199.2086
199.213
199.223825
199.259675
199.272375
199.309525
199.31115
199.3138
199.31975
199.32805
199.377175
199.414825
199.472825
199.5345
199.54295
199.721575
199.72425
199.795675
199.957625
200.055025
200.092825
200.0986
200.1245
200.189
200.2695
200.3839
200.411075
200.416375
200.426775
200.43595
200.4411
200.452475
200.477175
200.678775
200.7197
200.84635
200.8578
200.91705
200.92395
200.981775
201.02745
201.03435
201.04415
201.12175
201.14035
201.25125
201.371125
201.4728
201.502475
201.5145
201.616025
201.7112
201.7945
201.82455
201.871625
201.8834
201.89335
202.002325
202.369325
202.43795
202.45045
202.6265
202.662975
202.7228
202.82355
202.958725
203.28905
203.30835
203.360825
203.3664
203.4555
203.5551
203.77895
203.875775
203.9138
203.9273
203.978775
203.982975
203.9863
204.044375
204.337675
204.38115
204.580975
204.606025
204.62305
204.63735
204.677025
204.80385
204.826275
204.83925
204.887225
204.949675
204.968825
204.979475
204.993575
205.002175
205.0039
205.012175
205.048475
205.13095
205.136675
205.14235
205.14555
205.1509
205.15835
205.188525
205.19735
205.205675
205.210225
205.223725
205.2367
205.24485
205.255025
205.26055
205.274025
205.2886
205.3051
205.343925
205.3481
205.38775
205.396675
205.4417
205.45165
205.515
205.55365
205.56335
205.5695
205.6087
205.62105
205.6272
205.658725
205.708725
205.713075
205.72585
205.729825
205.73155
205.739325
205.755525
205.77085
205.7994
205.93035
206.156575
206.159425
206.179925
206.229
206.2707
206.3559
206.40095
206.478125
206.5501
206.583225
206.59405
206.633
206.781675
206.794925
206.8081
206.8468
206.895875
207.067325
207.0782
207.233525
207.25
207.278775
207.30765
207.47265
207.5964
207.602575
207.647
207.73045
207.747475
207.758325
207.786175
207.856675
207.9865
208.146225
208.15605
208.173925
208.22135
208.255625
208.333975
208.371475
208.377425
208.38565
208.4071
208.557325
208.6216
208.6744
208.686675
208.84955
208.854
208.857
208.868675
208.889475
209.096875
209.2154
209.64605
209.74895
209.88985
210.49875
210.561725
210.908175
210.96225
211.1174
211.124325
211.152825
211.203
211.2064
211.21975
211.28565
211.291225
211.293475
211.304075
211.3121
211.3303
211.36585
211.3829
211.3976
211.42335
211.43515
211.45815
211.7461
211.776775
211.78045
211.78705
211.797525
211.823
211.83335
211.877775
211.9814
211.993525
212.00055
212.018375
212.024475
212.048275
212.052125
212.062575
212.065775
212.215075
212.26145
212.28195
212.32035
212.3975
212.570025
212.772875
212.826575
212.870925
212.9963
213.008425
213.157075
213.166525
213.3829
213.4659
213.537
213.6816
213.737725
213.869925
214.024225
214.0365
214.0589
214.11315
214.152
214.1544
214.18025
214.20555
214.209375
214.225175
214.237
214.374925
214.382175
214.401725
214.496325
214.83875
214.8624
214.89635
214.961
214.986125
215.15985
215.199175
215.449125
215.473675
215.5566
215.56245
215.566725
215.6185
215.6226
215.627125
215.6317
215.649375
215.674275
215.67755
215.683675
215.7077
215.759325
215.77795
215.83265
215.8719
215.91615
215.922425
215.947125
216.118525
216.140225
216.1448
216.14695
216.170725
216.32935
216.3761
216.39065
216.394025
216.51975
216.555775
216.559925
216.660175
216.7359
216.736475
216.795275
217.0191
217.082875
217.171725
217.444075
217.469
217.475225
217.5497
217.579325
217.79685
217.79935
217.8064
217.832225
218.082375
218.1077
218.113325
218.172775
218.32995
218.46275
218.508625
218.59415
218.7412
218.78365
218.81255
218.857475
218.8988
218.9888
219.0297
219.1718
219.439
219.453175
219.60545
219.62325
219.67655
219.690975
219.73225
219.737375
219.741375
219.7547
219.763825
219.7661
219.777125
219.785525
219.79745
219.8102
219.8131
219.842575
219.859875
219.86435
219.870125
219.88235
219.8929
219.916675
219.92885
219.9651
219.971625
219.977775
219.985725
220.0049
220.007275
220.02455
220.0293
220.04475
220.0801
220.1108
220.12
220.1369
220.16635
220.20925
220.222
220.2717
220.331225
220.375025
220.38665
220.4816
220.555825
220.571375
220.607375
220.6355
220.721075
220.727375
220.73615
220.738925
220.7514
220.801525
220.82165
220.93365
221.015525
221.07435
221.220325
221.27095
221.287725
221.298475
221.352575
221.358
221.3745
221.4937
221.535625
221.5438
221.5535
221.618275
221.622325
221.652
221.65505
221.723425
221.80875
221.88925
221.902625
221.923425
222.021075
222.0746
222.326075
222.35535
222.3613
222.41585
222.43275
222.434875
222.442175
222.46395
222.530175
222.5488
222.556375
222.612775
222.698275
222.7215
222.7311
222.82625
222.8802
222.88875
222.957575
222.967325
222.971675
222.9839
223.22355
223.3564
223.430025
223.509525
223.618775
223.72865
224.037575
224.171925
224.3584
224.37165
224.412275
224.44725
224.457825
224.506525
224.56495
224.57095
224.581125
224.594
224.602925
224.62275
224.651525
224.655325
224.6595
224.66715
224.683325
224.7079
224.753
224.82175
224.8421
224.875275
224.895925
224.944525
224.98565
224.989825
225.13985
225.235875
225.337925
225.342875
225.3585
225.366025
225.367925
225.3869
225.392725
225.50175
225.8895
226.09655
226.109325
226.134275
226.16735
226.189825
226.21855
226.23145
226.243775
226.256875
226.283875
226.2934
226.29695
226.31265
226.33095
226.3369
226.372675
226.378625
226.402675
226.40805
226.422825
226.4357
226.455225
226.473875
226.50805
226.537875
226.540275
226.612275
226.615975
226.63035
226.682825
226.765025
226.8023
226.87925
226.9334
227.0027
227.02395
227.027675
227.1501
227.18045
227.275125
227.287075
227.2938
227.30755
227.407125
227.467275
227.5737
227.580075
227.5951
227.59685
227.621025
227.643275
227.66095
227.67625
227.727225
227.7372
227.742725
227.766725
227.7775
227.78075
227.808475
227.812575
227.817
227.9457
227.9598
227.9643
227.978925
228.001925
228.0152
228.062075
228.10295
228.171
228.21885
228.450475
228.48175
228.49635
228.56215
228.671025
228.74
228.75225
228.754225
228.768075
228.785025
228.79835
228.8041
228.812125
228.8254
228.8506
228.852625
228.86345
228.899825
228.9911
229.027975
229.104075
