0.560875
0.5661
1.359525
1.382475
2.887975
3.55425
3.605275
3.91055
3.9261
4.47095
4.474625
4.47905
4.48375
4.4918
5.27725
6.12955
9.928425
9.973775
10.042275
10.125775
10.6475
11.41075
11.4146
11.418375
11.424625
11.44695
11.477425
11.485625
13.4544
13.4931
13.514325
14.026425
14.06535
14.67635
14.68035
14.68535
14.801325
14.8737
14.910325
14.96005
15.463675
15.467625
15.472775
15.49595
16.14625
16.150775
17.9788
18.0135
18.045675
20.397475
20.401525
20.642525
20.6799
21.9092
21.9205
22.6338
23.546875
23.551375
23.586675
23.629425
23.63655
23.740175
24.110925
24.11735
25.389275
25.392775
25.3967
25.616375
25.668625
25.688575
25.701625
25.7274
25.808725
26.0821
26.619525
26.624275
26.629675
27.34685
27.350675
29.769575
29.832675
29.881475
31.264775
31.2861
33.19705
33.24485
33.331975
33.3403
33.419275
33.516975
33.7459
34.5106
34.545075
35.147075
35.1516
35.167175
35.1732
35.236625
35.2514
35.289925
35.306575
35.32185
35.34535
35.458025
36.24215
36.24495
36.24795
36.251725
36.821325
36.830675
36.9052
36.9335
36.995975
37.53455
37.53805
37.541725
37.808325
38.12625
38.161125
39.298175
39.302275
39.42495
40.3778
41.08295
41.08695
41.09105
41.101575
42.16165
42.166
42.174075
42.206875
42.28855
42.91435
42.9174
42.920825
42.924775
43.68305
43.9746
44.828425
44.83275
46.272775
46.276625
46.281075
46.292075
46.38165
46.404975
46.51645
47.044975
47.0572
48.146075
48.1512
48.687975
48.699525
48.7421
50.05295
50.057775
51.9998
52.091275
52.77125
53.406425
55.4754
55.5108
56.05305
56.4356
56.5143
57.253475
57.25765
57.34605
58.844725
58.917825
59.139575
59.146625
59.1765
59.1821
59.212275
61.24375
61.24855
61.257475
62.098125
62.105925
62.110475
62.118875
62.702425
62.7138
63.88065
69.1235
69.1451
69.181875
71.523875
71.5422
72.343125
72.459675
72.501225
72.571625
72.621425
72.6383
72.653325
73.029025
73.337775
73.342625
73.349075
73.88165
74.0212
74.09495
74.843525
74.905375
75.646775
75.650725
75.6552
75.661925
76.288925
76.292775
76.297025
76.301625
76.538325
76.585175
79.0854
79.391975
79.457575
79.837875
79.85185
80.17
80.3419
80.368425
80.858975
80.86305
81.648225
81.651625
81.6551
81.6597
82.895225
82.898925
84.03015
87.427
87.4676
87.9652
88.234975
89.8154
89.83395
89.8703
89.9367
89.962
90.157025
91.775475
91.77865
91.78185
91.78565
91.790275
91.98865
92.84835
92.85225
92.8567
92.867425
93.695775
93.699925
93.704075
93.7085
93.71315
93.7507
94.92585
94.931075
96.2643
101.76715
103.36585
105.094625
105.18885
105.288425
105.34755
105.841575
106.903775
106.94195
106.965525
107.323125
107.4026
107.433525
108.169725
108.197275
108.2088
108.472475
108.576725
109.50615
109.51405
109.556325
111.39985
111.9268
111.938325
111.946725
112.012725
112.0348
112.047275
112.63435
112.639125
112.642675
112.674625
112.695375
114.8833
115.718775
115.72325
115.729525
115.741
115.75295
115.77735
116.107825
116.14765
116.5564
116.560525
116.566125
116.57355
117.825225
117.84625
117.902125
119.38405
119.388425
119.411975
120.09795
121.271925
121.2771
121.2823
121.31315
121.33165
124.0071
125.6715
126.8965
126.900325
127.006025
127.884
127.89685
127.903
128.97285
130.06875
132.058275
132.23945
132.34035
133.043425
133.7798
133.784275
134.2039
138.15205
138.883175
139.191325
139.241375
139.37305
139.445225
139.4644
139.614725
140.05245
140.0555
140.0587
140.06225
140.06965
140.0812
140.7199
140.724075
140.90015
141.45405
141.463825
142.274825
142.279175
142.284075
142.29425
142.461975
143.435325
143.58485
143.80955
143.891175
143.920325
143.9574
144.3222
144.39585
144.408575
144.766225
145.06185
145.065275
145.069375
145.45795
145.461825
145.466075
146.075175
146.079175
149.297875
150.45825
151.098975
151.39735
151.404025
152.408175
152.4141
152.433975
152.4683
153.573225
153.577325
153.58715
158.15965
159.9872
160.0333
161.99225
166.11355
166.121475
168.15075
168.294275
170.37095
170.4288
170.46455
172.514075
172.559075
172.830875
173.515425
173.5444
174.040075
174.240475
174.260725
174.819325
174.824475
174.970425
175.193075
175.34845
176.09595
176.0996
176.10485
176.5589
177.897
177.900875
177.9054
177.9136
178.120225
178.8519
178.855775
178.862725
179.67485
179.69045
179.81475
180.015775
180.6074
180.75305
180.77915
180.833175
181.449375
181.452775
181.4564
182.5325
182.53625
182.539925
182.545425
182.607675
182.982575
183.01185
184.8594
186.1529
186.166075
186.170325
186.68675
186.696875
186.708075
187.370425
187.621475
187.666275
189.6403
190.682125
192.7402
192.767325
192.8842
193.4885
194.258125
194.262175
194.2663
194.281925
194.67795
195.50085
195.5706
196.6218
196.870925
196.88245
196.903875
196.929475
197.01915
198.91675
198.959625
198.980175
198.99625
199.00085
199.844175
200.177725
200.6363
200.737975
202.2809
203.075925
203.07965
203.083325
203.10135
