0.957425
6.104725
9.620225
10.386675
10.759825
10.7644
11.508975
12.113825
13.483075
13.9939
20.613275
20.8457
21.9393
26.579175
26.7181
26.738775
28.2854
29.78095
30.46725
31.9778
33.4294
34.48205
36.093275
36.79805
36.824325
36.854125
38.087575
38.996725
39.388275
42.132475
42.907125
43.67195
43.899675
44.756125
46.2291
46.572275
47.199
48.166075
48.7372
51.53155
52.00245
55.604125
55.943475
56.048275
56.15405
56.408275
56.4278
56.506475
57.798625
58.526825
58.91265
59.103
59.21
61.15655
62.920725
62.942475
63.874225
63.951575
66.350225
67.423425
68.24675
68.700725
68.7969
69.07525
71.4718
71.7654
71.94375
72.773725
73.826675
74.067875
74.37795
76.5274
77.399425
77.9707
78.9998
79.0654
79.361775
79.3867
79.8296
80.95095
82.907425
83.159175
83.664125
84.269275
85.038675
86.97665
87.457275
87.58725
87.69905
87.9112
89.710175
91.672225
92.61605
92.8653
94.91985
95.0338
95.30455
96.2062
96.340275
96.89835
97.868775
98.6001
98.868675
99.495025
101.768475
101.833375
102.542525
102.595825
103.464625
104.0616
104.7854
106.189775
106.62445
106.646375
106.90945
107.79535
108.246575
109.41835
109.431925
109.863025
110.6733
111.2868
111.70705
111.829675
112.082475
113.223475
114.440825
114.76175
115.06455
115.99165
116.566375
118.5377
119.392125
119.605275
120.115625
120.5207
121.3258
121.5617
123.4503
123.99695
125.590025
125.834
125.92595
126.788875
127.811775
127.8953
128.209825
128.9838
130.180475
130.229275
130.41985
130.641975
130.967225
132.251
133.102875
133.716275
133.737975
135.0723
136.302975
137.60545
138.140225
139.133475
139.159875
139.669275
141.08685
141.387775
142.0087
142.011975
142.286725
143.5792
143.67785
143.704725
143.850325
143.9321
144.100325
144.1399
144.341525
144.43505
144.68195
144.70715
145.159125
145.444375
147.611725
147.630275
149.1887
150.333575
151.009175
151.0407
151.362125
151.50305
153.4326
155.680925
157.06075
157.675625
157.679025
158.04505
158.31625
159.903375
161.098825
162.1991
162.20265
164.455975
164.756975
164.84935
165.792675
165.812275
166.122475
166.410825
167.0261
168.0767
168.224725
169.4907
170.5708
171.81475
172.45555
172.7592
173.81815
173.877175
174.162425
175.193875
177.13385
177.81175
177.829075
178.854975
178.8565
179.632025
179.905775
179.925875
180.02115
180.360375
180.7218
181.2291
181.375225
181.45485
182.5147
182.8908
182.94385
183.7057
184.4553
184.61375
184.75715
185.1215
185.855025
186.19935
186.218425
186.51945
186.8812
186.8992
187.6289
188.335525
188.503225
188.535425
188.539325
189.3524
189.571675
189.5964
190.008
192.651175
192.973275
195.21665
195.278675
195.28195
195.5657
195.841575
196.476325
196.627375
196.831875
196.940825
198.91115
198.988775
199.454475
200.1261
200.5398
201.9557
202.61145
