0.00225
0.5303
0.5373
0.693
0.816775
0.895675
0.992025
1.306825
1.40945
1.465625
1.756125
1.8939
1.9827
1.9855
1.988275
1.991575
1.992475
1.999975
2.299775
2.4624
3.096625
3.0998
3.17885
3.281825
3.446375
3.572225
4.129525
4.37475
4.378225
4.382725
4.388225
4.408625
4.54205
4.561475
5.020625
5.2036
6.00685
6.011425
6.01695
6.026175
6.0636
6.070225
6.17975
6.280825
6.343725
6.369175
6.423125
6.957625
7.191475
7.37065
7.412475
7.417375
7.47105
8.31805
8.4375
8.753675
9.21945
9.33405
9.5228
10.15475
10.33365
10.4759
10.6098
10.64225
10.729925
11.605525
11.9292
12.1205
12.124675
12.131125
12.508625
12.9648
13.4507
13.46335
13.467475
13.47195
13.4778
13.491875
13.907675
14.4422
14.446825
14.652875
15.174575
15.3079
15.5232
15.6143
16.175475
16.17755
16.18475
16.19275
16.3248
16.410925
17.799575
17.874025
18.517375
18.73025
18.976425
19.385675
20.23305
20.45075
20.45475
20.458675
20.4638
20.469275
20.53315
20.639075
20.957075
21.24835
21.9526
21.9615
22.02035
22.022875
22.02845
22.16975
22.205875
22.2194
22.473225
23.111375
23.3509
23.625475
23.643775
23.769825
23.9866
23.9887
23.991875
24.1396
24.152375
24.156825
24.162375
24.171225
24.17525
24.1807
24.187875
24.245675
24.24835
24.643025
24.8225
24.98885
25.45265
25.5262
25.53305
25.5374
25.8026
25.81045
25.815625
26.335075
26.4577
26.4894
26.49365
26.4981
26.50365
26.513525
26.62905
26.635525
26.643825
26.75835
26.7658
26.96205
27.33105
27.8892
27.889875
27.8936
28.11145
28.2973
29.181875
29.18925
29.3079
29.546525
29.82195
29.824475
29.893375
30.211425
30.566375
30.845
31.497525
31.6564
32.02275
33.164525
33.1704
33.321425
33.57125
34.145225
34.24545
34.48185
34.48545
34.48925
34.494075
34.500725
35.036725
35.04025
35.048225
35.0542
35.0593
35.190125
35.5471
35.548825
36.38315
36.3967
36.62345
36.81615
36.821525
36.829925
37.295425
37.436175
37.44335
37.4482
37.50435
37.516625
37.5493
38.064
38.07045
38.380025
39.04305
39.224825
39.229175
39.2551
39.3172
39.564575
40.2001
40.263075
40.26655
40.270075
40.274375
40.279825
40.283725
40.288325
40.2942
40.3019
40.44095
40.701675
40.72475
41.070575
41.1982
41.342075
41.632025
41.79825
42.10355
42.41905
42.980575
43.6109
43.614525
43.652825
43.657125
43.665825
43.67035
43.676025
43.68055
43.683675
43.95875
43.9625
43.966675
43.9725
44.0411
44.63115
44.82975
44.8351
44.84295
44.850275
44.854725
44.86055
44.8703
45.111525
45.809175
45.94305
46.457375
46.56285
46.566325
46.569825
46.574125
46.58035
46.65435
47.121475
47.204875
47.605425
47.924075
48.178075
48.21435
48.32005
48.7701
49.126075
49.1371
49.142175
49.14345
49.392625
49.818325
49.8829
49.93995
49.977775
50.0477
50.052975
50.060125
50.146725
50.6864
50.869275
50.882225
51.482875
51.492125
51.670775
52.065975
52.264825
52.65345
52.65715
52.660875
52.6656
52.6769
52.681475
52.6897
52.78355
52.8061
52.81265
53.242
53.6221
53.648
53.78825
54.143775
54.204025
54.40545
54.6796
55.32485
55.3288
55.333325
55.33915
55.57125
55.629025
55.632125
55.8386
55.945
55.95065
55.9585
56.40595
56.7235
57.164975
57.244375
57.248175
57.2531
57.2608
57.5403
57.757825
58.239375
58.282
58.384425
58.621375
59.68905
59.95615
60.206275
60.724075
60.765125
60.854975
61.05305
61.056925
61.3731
61.377
61.3813
61.386375
61.393675
61.45655
61.90185
61.90595
61.9338
61.970875
62.023825
62.027125
62.03615
62.221225
62.406575
62.76875
62.77555
62.779325
62.7839
62.79175
63.03095
63.4347
63.554775
63.94785
64.496475
65.025375
65.767625
65.770175
66.042625
66.131725
66.270975
66.35725
66.5569
66.5626
66.67865
66.684025
66.69245
66.93445
66.946525
67.279125
67.391375
67.7583
67.969
68.01175
68.31615
68.590725
69.0854
69.344425
69.473975
69.8134
70.771475
70.790875
71.249725
71.37395
71.560025
71.58075
71.728075
71.98335
72.0801
72.321825
72.4773
72.52325
72.916625
73.31645
73.5643
73.8262
73.82985
73.8336
73.837975
73.84485
74.194
74.2544
74.609625
74.8278
75.561325
75.807
75.824275
75.92245
76.114375
76.118875
76.124325
76.43055
76.86825
77.493275
77.788625
77.793725
77.886875
78.029825
78.034525
78.341625
78.439125
78.6466
78.85355
79.0359
79.045325
79.2416
79.331225
79.4084
79.48385
79.878025
79.881425
79.885175
79.889525
79.8916
79.897625
80.017275
80.18175
80.308
80.7697
80.888425
80.892425
80.897025
81.0535
81.349
82.055925
82.227275
82.369225
82.4439
82.583475
82.9292
82.934675
82.942375
83.005475
83.087225
83.096425
83.1228
83.230725
83.24175
83.277475
83.73465
83.8729
84.002875
84.0086
84.02185
84.0533
84.2132
84.334725
84.617475
84.89635
85.362675
86.24205
86.7207
87.019625
87.2435
87.478675
87.482925
87.487475
87.49315
87.501725
87.581325
87.679225
87.818375
88.1379
88.147625
88.2191
88.220775
88.7631
89.0266
89.340375
90.390775
90.50205
90.506125
90.6915
90.70165
91.151625
91.2314
91.373325
91.456525
91.62225
91.71225
91.71665
91.721975
91.724025
91.9208
92.709275
93.2895
93.356575
93.623675
93.630975
93.8358
93.96985
94.443025
94.513125
94.518825
94.52105
94.527675
94.756175
94.8536
94.9394
95.092125
95.094825
95.2081
96.207875
96.526425
96.780825
97.19985
97.395275
97.397075
97.400975
97.4473
97.74915
97.889775
97.938925
98.871575
98.9874
99.06845
99.078175
99.080075
99.095575
99.101475
99.346425
99.5453
99.548
99.5599
100.12725
100.5976
101.0328
101.1901
101.529375
101.75035
101.78455
102.134275
102.172825
102.84035
103.302825
103.3042
103.5289
103.537925
103.599675
103.6036
103.6547
103.6755
103.79295
104.005375
104.1414
104.36225
104.636925
104.84015
104.852925
104.8565
105.076125
105.121125
105.1558
105.30105
105.538425
105.54235
106.221225
106.584
106.60785
106.937925
107.07895
107.081525
107.383725
107.549225
108.2014
108.689625
109.1125
109.439725
109.443375
109.449825
109.507
109.57885
109.6003
109.877
110.111725
110.4327
110.592925
110.93625
111.1766
111.42165
111.5907
111.5977
111.816125
112.307525
112.31085
112.31545
112.5865
113.00735
113.691
113.978875
114.306725
114.5708
114.576725
114.5952
114.597525
114.605475
114.610025
114.66375
115.355125
115.475775
115.662225
115.6802
115.688175
115.693675
115.703
115.70915
115.71535
115.994875
115.998825
116.00325
116.0096
116.284725
116.336125
116.34515
116.4078
116.412175
116.415325
116.429625
116.8584
117.2236
117.432175
117.59615
117.62035
118.4852
118.585875
118.732225
119.11825
119.24005
119.2433
119.246575
119.2601
119.2648
119.27605
119.3246
119.443075
119.728575
119.732675
119.8256
119.990775
120.074475
120.448425
120.5547
121.2784
121.36265
121.936625
121.998025
122.301925
122.51985
123.244975
123.63055
123.7076
123.77885
124.145
124.337925
124.41295
124.5099
124.763575
125.224375
125.442725
125.594475
125.597175
125.6414
126.14265
126.222675
126.226675
126.956025
127.116925
127.1221
127.129375
128.173475
128.35825
128.359825
128.460425
128.480875
128.5521
129.139875
129.178275
129.181425
129.1863
129.2778
129.375575
129.38035
129.570075
130.2989
130.5741
130.65435
130.982825
130.9882
131.110125
131.116475
131.251075
131.33525
131.338575
131.343075
131.8127
131.935925
132.28795
132.304025
132.316175
132.7244
133.01415
133.023325
133.129125
133.56625
133.7403
134.4074
135.0575
135.060225
135.4577
135.852125
136.056975
136.310525
136.503525
136.6263
136.6545
136.6588
136.661125
136.73835
136.8893
137.02885
137.137775
137.1447
137.3099
137.7409
137.745025
137.7502
137.860975
138.627975
138.81835
138.8211
138.8239
138.830875
138.8392
138.844675
138.9777
138.9862
139.049
139.059175
139.06505
139.1155
139.1311
139.94095
139.96485
139.968475
139.9696
140.368625
140.69295
140.696475
140.7048
140.71085
140.8473
142.0289
142.3282
142.435875
142.4394
142.443
142.44755
142.455425
143.74665
143.749825
143.754025
143.758125
143.829025
143.8326
143.8403
143.8538
143.95035
143.956525
143.967275
144.015025
144.02315
144.157225
144.41415
144.431775
144.43595
144.441075
144.590675
144.6662
144.6713
144.74435
144.8686
145.171675
145.1748
145.1781
145.181975
145.186925
145.19455
145.313825
145.497325
145.56595
145.843625
146.046025
146.049425
146.052925
146.0571
146.06225
146.066
146.070375
146.078
146.156275
146.158875
146.650075
146.6543
146.7919
146.880975
146.9697
147.080075
147.088
147.136875
147.298475
147.37705
147.381225
147.60185
147.6407
148.241125
148.511725
148.5412
148.869525
149.45185
149.5035
149.507625
149.546075
149.7004
149.7637
150.152825
150.436225
150.46925
150.4738
150.60685
150.8534
150.9825
151.680275
151.964
152.382575
152.38415
152.3861
152.389975
152.39535
152.471125
152.4785
152.491125
152.496525
152.504975
152.520825
152.5232
152.69475
152.70715
152.722875
153.177825
153.18185
153.531925
153.65115
153.999925
155.2379
155.65715
155.821575
155.82905
155.98335
156.201625
156.702125
156.810975
158.085325
158.08925
158.093225
158.0981
158.108375
158.167175
158.174425
158.22495
158.4562
158.458875
158.4627
158.7009
158.7548
158.76245
158.7929
159.0225
159.2792
159.434
159.51615
159.5207
159.991
160.59405
160.69665
160.8251
161.142375
161.31475
161.326425
161.330075
161.33835
161.5334
161.5444
161.54905
161.639475
162.14525
162.24505
162.48075
162.4996
162.620625
163.081925
163.13015
163.491575
163.632325
163.6366
163.643825
163.901525
164.15535
164.39285
164.7365
165.04935
165.737175
165.84335
165.8458
166.2372
166.55275
166.7927
166.795
166.7991
166.8549
167.209725
167.57425
167.796325
167.965575
168.19755
168.83015
168.857025
168.86435
168.971425
169.20635
169.27405
169.374375
169.85175
170.15085
170.275525
170.419475
170.4227
170.426075
170.430025
170.435175
170.447
170.602375
170.658775
170.759825
171.037025
171.199425
171.490725
172.317325
172.321175
172.660825
172.698275
172.706475
172.71445
173.0433
173.291675
173.78535
173.789425
174.090325
174.097025
174.1032
174.15345
174.180625
174.18505
174.19025
174.197
174.361825
174.368975
174.918375
175.005675
175.08865
175.09255
175.23995
175.24315
175.2469
175.251525
175.2584
175.26245
175.268
175.277725
175.473575
175.621625
175.90575
176.012175
176.01745
176.2361
176.241275
176.251225
176.352375
176.43565
176.58985
176.7644
176.767575
176.7858
176.998025
177.18655
177.793725
177.7971
177.800575
177.80475
177.81015
177.867675
177.87355
177.8834
178.581575
178.587375
178.596025
179.0998
179.107925
179.19485
179.64185
179.649025
179.65605
179.717425
179.991575
179.99545
179.999725
180.0056
180.05115
180.05575
180.062025
180.0845
180.091575
180.381625
180.385425
180.389175
180.395125
180.401675
180.42635
180.43105
180.437825
180.489525
180.529975
181.00505
181.118625
181.123925
181.20035
181.496525
181.501175
181.67455
181.681675
182.301525
182.506325
182.881725
182.885475
182.894025
182.901975
182.98955
182.99555
183.004975
183.1197
183.73495
183.74155
183.8983
183.974775
184.709725
184.717975
184.72455
184.748025
184.9903
185.06155
185.083025
185.0879
185.09625
185.1805
185.202325
185.339675
185.4509
185.579075
185.872675
185.878075
185.883975
186.014275
186.0526
186.058025
186.577225
186.580975
186.585025
186.58985
186.598275
186.914525
187.1954
187.3523
187.366275
187.695875
187.7511
187.942675
188.031775
188.6439
188.64825
188.72025
189.1101
189.318425
189.34935
189.352
189.882525
190.582925
190.72595
190.729975
190.734975
190.74165
191.0649
191.0912
192.407925
192.49095
192.49785
192.5014
192.667025
192.67015
192.673375
192.677275
192.682475
192.6934
192.963975
193.00035
193.008525
193.0148
193.02585
193.7574
193.8526
193.8645
193.9801
194.140625
194.147075
194.2526
194.45115
194.545175
194.550175
194.5563
194.5768
194.582975
194.79925
195.2309
195.2499
195.253525
195.5607
195.569325
196.02995
196.0341
196.16835
196.5192
196.597875
196.60305
196.609225
197.15915
197.160175
197.1635
197.30165
197.33385
197.473225
198.12945
198.144975
198.277875
198.7752
198.890875
199.1931
199.563725
199.57025
199.689975
199.693475
199.83655
199.873825
199.88685
200.034025
200.189175
200.472175
200.529425
200.539575
200.548825
200.616525
200.626
200.68275
201.064175
201.197125
201.2457
201.249
201.25235
201.2565
201.261775
201.27365
201.652375
201.6907
201.6947
202.57255
202.8571
202.861525
202.863175
202.962325
203.319375
