0.001475
0.500975
0.503
0.50745
0.537925
0.540175
0.55685
0.559675
0.561825
0.563775
0.572875
0.58405
1.083225
1.262
1.288425
1.308625
1.3158
1.3221
1.32985
1.630975
1.962425
1.965525
2.00905
2.0158
2.0389
2.0543
2.056625
2.06015
2.063775
2.069575
2.299425
2.76305
2.765775
2.803425
2.823825
2.846725
2.8507
2.855425
2.866925
2.91395
3.4747
3.562875
3.5648
3.5699
3.58845
3.594
3.599125
3.62125
3.62715
3.658225
4.178375
4.357975
4.36
4.372
4.3738
4.37615
4.38405
4.39935
4.443125
4.449425
4.530975
4.56445
4.708125
4.77495
5.2551
5.269325
5.290325
5.3015
5.3084
5.331275
5.36965
5.37235
5.459425
5.70945
5.7124
5.837925
5.99055
6.04925
6.061725
6.08335
6.1035
6.1216
6.406175
6.408375
6.41345
6.747725
6.86555
6.8806
6.913675
7.1367
7.462725
7.47635
7.72085
7.9081
8.1087
8.432375
8.442475
8.47525
8.478975
9.0765
9.1137
9.117275
9.1233
9.22085
9.22855
9.569075
9.575
9.60225
9.635475
9.6374
9.659575
9.689225
9.693875
9.696
9.698525
9.7006
9.702475
9.70555
9.71265
9.830225
9.8584
9.861125
9.866625
9.876175
9.87845
9.88185
9.899475
9.929025
9.93155
9.9433
10.055675
10.209825
10.318
10.330675
10.334075
10.5181
10.603
10.605925
10.6177
11.194875
11.26535
11.268
11.310225
11.3177
11.325075
11.3638
11.367075
11.370075
11.3777
11.475875
11.645475
11.681275
11.794
11.938525
12.0971
12.100025
12.114025
12.11565
12.117375
12.1192
12.1245
12.131925
12.13665
12.65685
12.95925
13.1601
13.4049
13.40855
13.42295
13.425825
13.448125
13.457975
13.46015
13.504475
13.521325
13.56515
13.56945
13.8307
13.9363
13.9915
13.993325
13.9975
13.99945
14.006525
14.0136
14.257225
14.26235
14.326725
14.518925
14.651425
14.684025
14.685925
14.6877
14.69125
14.695675
14.69935
14.70665
14.715625
14.851875
15.1424
15.33895
15.48325
15.486925
15.81855
16.160375
16.176225
16.209925
16.2235
16.232925
16.2661
16.306275
16.309075
16.586375
16.824975
16.854375
16.8652
16.98455
17.016325
17.01855
17.208175
17.214825
17.5595
17.72705
17.8276
17.8409
17.9039
17.9063
17.915475
17.970175
17.972375
17.982275
17.985025
17.987925
18.362725
18.479475
18.58675
18.6807
19.277925
19.28925
19.478825
20.435225
20.450575
20.474525
20.477175
20.507425
20.509625
20.565375
20.568025
20.65745
20.664525
20.6992
20.7024
20.9565
20.958925
20.961725
20.98715
21.135425
21.143075
21.2536
21.338325
21.825125
21.832125
21.9008
21.911075
21.93035
21.9603
21.96515
21.967925
21.97085
21.98025
22.185925
22.18835
22.202875
22.207125
22.215925
22.29995
22.6102
22.61215
22.61585
22.618575
22.623275
22.6263
22.641675
22.67185
22.688325
22.69415
23.182625
23.186375
23.209125
23.21685
23.3559
23.424
23.427125
23.44845
23.45035
23.452125
23.453925
23.45625
23.459425
23.4659
23.46925
23.4794
23.597325
23.867425
23.9666
24.107
24.109425
24.121525
24.14655
24.1536
24.159975
24.177575
24.50485
24.705625
25.208425
25.2982
25.3132
25.349275
25.353325
25.381925
25.3846
25.461925
25.472875
25.494075
25.52555
25.527275
25.528875
25.53105
25.533075
25.535075
25.5372
25.53945
25.543625
25.64005
25.81675
25.92845
26.105025
26.49005
26.496725
26.518075
26.539525
26.546975
26.550025
26.563675
26.56585
26.597375
26.599825
26.6265
26.637025
26.642525
26.694825
26.6992
26.716825
26.71875
26.729175
26.737925
26.741175
26.945875
27.378125
27.439325
27.53675
27.675825
27.681925
28.1528
28.154575
28.1712
28.173475
28.197225
28.2658
28.2894
28.291775
28.29365
28.2956
28.3046
28.364525
28.5996
28.809875
28.842575
29.000025
29.63865
29.642625
29.75475
29.79355
29.8147
29.817075
29.827875
29.829775
29.833325
29.8393
29.851325
29.86445
29.9686
30.0682
30.423275
30.4859
30.4888
31.24405
31.298925
31.301525
31.351025
31.7412
31.744575
31.880575
31.9313
32.2749
32.280025
32.388
32.468
32.51655
32.92635
33.10885
33.177325
33.22025
33.33105
33.35035
33.372775
33.41265
33.425725
33.428575
33.43455
33.44745
33.4536
33.513925
33.5185
33.522725
33.524925
33.530025
33.596425
33.628875
33.971825
34.1522
34.352825
34.35475
34.4428
34.44545
34.479475
34.484025
34.486575
34.503175
34.505925
34.97225
35.02095
35.035575
35.0376
35.04
35.05545
35.090525
35.11075
35.1295
35.170775
35.17505
35.191075
35.206075
35.2089
35.210975
35.21345
35.218275
35.222275
35.229325
35.33865
35.344275
35.54345
36.0455
36.09065
36.352625
36.695925
36.719425
36.777025
36.785825
36.794075
36.8023
36.817825
36.852625
36.856275
36.87095
36.873075
36.875375
36.878075
36.891075
37.0275
37.237775
37.399125
37.40105
37.404425
37.432
37.434125
37.476425
37.479575
37.499125
37.509125
37.52375
37.526675
37.5439
37.600475
37.60785
38.063275
38.065025
38.085225
38.091075
38.332075
38.791375
38.823825
38.8997
39.047275
39.05125
39.185075
39.2982
39.29995
39.304875
39.337625
39.362675
39.3655
39.3864
39.391625
39.4011
39.444525
39.447325
39.55625
39.72505
39.810025
39.812775
40.248425
40.303575
40.3214
40.360125
40.3621
40.3673
40.3808
40.383675
40.95995
40.97005
41.001025
41.013075
41.015275
41.01785
41.0289
41.0348
41.14775
41.2548
41.258725
41.273275
41.281975
41.28535
41.287475
41.2923
41.3031
41.310775
41.33035
41.642225
42.052625
42.056975
42.07445
42.095925
42.151875
42.15355
42.155125
42.157025
42.1587
42.1605
42.162575
42.167325
42.171475
42.28375
42.287575
42.30395
42.3287
42.335175
42.6809
42.81775
42.821525
42.841875
42.845175
42.883475
42.9119
42.91765
42.9226
42.92685
43.4231
43.606675
43.6099
43.642975
43.6543
43.659725
43.664675
43.67385
43.68695
43.713525
43.922625
43.932825
43.9356
43.94675
43.978575
43.9928
44.743675
44.78765
44.7902
44.79805
44.81015
44.814425
44.872425
44.875475
44.8935
44.952675
45.549325
45.5558
45.662825
45.67835
45.98925
46.1077
46.209375
46.243775
46.245525
46.250175
46.266425
46.28025
46.282875
46.299075
46.32245
46.326725
46.362475
46.3651
46.3672
46.3747
46.38175
46.40125
46.405075
46.4444
46.448975
46.4513
46.456925
46.4616
46.544675
46.548325
46.571525
46.580125
46.586625
46.969675
46.97185
47.051775
47.055425
47.0691
47.0717
47.083725
47.267125
47.27005
47.31725
47.83185
47.835775
48.026
48.138925
48.145975
48.149725
48.195975
48.391175
48.419525
48.73045
48.73235
48.757975
48.760025
48.763925
48.76895
48.7727
48.918575
49.415175
49.707575
49.9482
49.95405
49.967225
49.988775
49.99095
50.0088
50.02745
50.047175
50.05245
50.06785
50.07315
50.316725
50.56335
50.827175
50.830625
51.0143
51.07665
51.47975
51.490925
51.4937
51.51655
51.579525
51.5813
51.5832
51.59275
51.59775
51.6929
51.95235
51.971225
51.97515
51.995525
52.00795
52.0098
52.012
52.01405
52.017925
52.0277
52.04205
52.521225
52.672825
52.721175
52.763975
52.78155
52.785375
52.804775
52.837125
52.959325
53.3269
53.334525
53.54315
53.5529
53.6665
53.9175
54.342675
54.539675
54.5799
54.907575
55.19805
55.343075
55.347625
55.408525
55.411075
55.423575
55.444025
55.445825
55.4488
55.456025
55.5072
55.508875
55.5106
55.513675
55.521625
55.582275
55.60455
55.637275
55.8931
55.8975
55.942025
55.9596
56.0044
56.009
56.04675
56.048575
56.05035
56.052525
56.061475
56.0643
56.0705
56.2791
56.3871
56.3914
56.42145
56.423425
56.42625
56.43315
56.440525
56.5177
56.519925
56.899125
57.035325
57.166375
57.18495
57.2013
57.24265
57.26895
57.282575
57.284325
57.28645
57.2889
57.291975
57.294975
57.3077
57.434575
58.291175
58.294575
58.297925
58.300075
58.3031
58.345975
58.516
58.76095
58.76265
58.7652
58.781625
58.823
58.83255
58.840875
58.8425
58.844425
58.848425
58.861125
58.891125
58.915275
59.04005
59.051525
59.056925
59.07945
59.08525
59.0876
59.124475
59.127375
59.139375
59.1414
59.1505
59.2113
59.213375
59.216675
60.08105
60.45545
60.7182
60.724025
61.074375
61.1735
61.178225
61.2141
61.2161
61.222175
61.279375
61.2824
61.29765
61.301725
61.32505
61.35
61.575325
61.984725
62.01865
62.02085
62.024125
62.0266
62.03335
62.040625
62.080725
62.083075
62.26045
62.6464
62.6484
62.705975
62.708225
62.713825
62.715875
62.72175
62.7712
62.9368
62.939275
62.9532
62.955825
62.962275
62.964675
62.96775
62.973475
62.982225
62.998825
63.013825
63.18375
63.42325
63.808825
63.84775
63.850425
63.874125
63.889525
63.89415
63.95015
63.9539
63.958
64.3057
64.38025
64.43035
64.476475
64.479125
64.52115
64.542075
64.5459
65.12505
65.298725
65.42555
65.428125
65.653325
65.996975
66.002225
66.303375
66.3079
66.348025
66.35175
66.364875
66.371075
66.37855
66.412275
66.663325
66.6767
66.683475
66.6906
66.70975
66.9909
67.21725
67.364675
67.464225
67.489225
67.4902
67.4925
67.4972
67.504675
67.83515
68.2584
68.484825
68.595425
68.5989
68.9612
69.00205
69.023025
69.07375
69.076175
69.10145
69.112525
69.1151
69.1484
69.1508
69.1625
69.181725
69.42905
69.43905
69.46465
69.4672
69.759375
69.7623
69.7677
70.01325
70.015875
70.424575
70.6099
70.61445
71.3108
71.314175
71.33235
71.4438
71.470325
71.4728
71.481925
71.514375
71.516825
71.53605
71.542275
71.5574
71.559425
71.829075
71.92895
71.94205
71.9682
71.97585
72.00095
72.098875
72.257125
72.30455
72.31625
72.32615
72.32795
72.333775
72.336375
72.34045
72.387375
72.390225
72.54545
72.615625
72.98315
73.084
73.25845
73.539475
73.595275
73.59815
73.70105
73.772025
73.789325
73.79465
73.82485
73.827275
73.85715
74.00935
74.012075
74.01745
74.02285
74.0518
74.06455
74.0727
74.076325
74.0856
74.294175
74.4585
74.60585
74.672225
74.793625
74.7968
74.800925
74.82355
74.825875
74.828125
74.831125
74.83785
74.893225
75.0916
75.2245
75.62005
75.6379
75.642125
75.6828
75.930225
76.250325
76.2536
76.2626
76.273975
76.29655
76.29925
76.430825
76.50755
76.5271
76.529425
76.535425
76.539625
76.5565
76.57505
76.592
76.600725
76.60575
76.855775
76.858925
77.109175
77.116075
77.81135
77.8148
77.8213
77.93085
77.935875
78.259325
78.363
78.382075
78.384325
78.656875
78.99705
78.99875
79.0142
79.01705
79.03975
79.05255
79.057025
79.066375
79.06995
79.09195
79.09775
79.130875
79.1584
79.310825
79.314325
79.36
79.363525
79.398975
79.4021
79.434025
79.44235
79.45505
79.4606
79.46655
79.794025
79.829975
79.832625
79.837025
79.840275
79.84815
79.876025
79.8805
79.899175
80.0107
80.0152
80.02815
80.032825
80.058775
80.068275
80.0784
80.0827
80.11315
80.116225
80.119025
80.121975
80.125775
80.1319
80.855775
80.85835
80.86725
80.870975
80.88705
80.9071
80.90955
80.93055
80.95835
81.1755
81.31945
81.60105
81.603025
81.62
81.6217
81.623325
81.625325
81.627125
81.62915
81.63595
81.666875
81.8223
82.16535
82.56185
82.7437
82.789525
82.88815
82.89025
82.936875
82.97
82.97295
83.07615
83.15535
83.1575
83.1609
83.166925
83.1854
83.189375
83.19215
83.216225
83.231675
83.24025
83.2581
83.342975
83.58355
83.881525
83.96405
83.998325
84.0003
84.002775
84.02055
84.0266
84.0347
84.051
84.084325
84.088175
84.298275
84.30145
84.540775
84.59005
84.739375
85.14985
85.25465
85.374125
85.73055
85.736425
86.129
86.430575
86.587375
86.764925
86.97965
87.25975
87.267075
87.389925
87.39265
87.434325
87.43615
87.4399
87.456375
87.461225
87.476725
87.478625
87.5029
87.54585
87.58425
87.604975
87.607975
87.638575
87.742825
87.827775
87.95305
87.955825
87.966025
87.969225
87.975375
87.97785
87.983975
87.9896
87.99645
88.1475
88.1514
88.245
88.255175
88.25775
88.2601
88.28005
88.42505
88.43175
88.494825
88.549025
88.8545
89.074625
89.41945
89.6245
89.743325
89.804875
89.84375
89.8461
89.858775
89.869
89.872175
89.875075
89.88665
89.9045
89.933725
89.964375
89.9908
89.995275
90.0145
90.063375
90.076875
90.0825
90.088025
90.090875
90.094375
90.0999
90.1045
90.108475
90.11825
90.124625
90.135975
90.1466
90.155625
90.3241
90.5785
90.6584
90.729225
90.82905
90.831725
90.95835
91.037875
91.466275
91.620775
91.69175
91.72345
91.7357
91.7424
91.78665
91.78855
91.79075
91.793825
91.980675
91.98275
92.026725
92.06805
92.07345
92.0772
92.08535
92.317325
92.666875
92.7739
92.7825
92.851575
92.853975
92.85595
92.86175
92.870725
92.893175
92.896175
92.9698
92.976325
92.98165
93.1124
93.1148
93.3412
93.5012
93.546475
93.594625
93.6318
93.634225
93.6735
93.675975
93.7691
93.984025
94.079175
94.3829
94.5352
94.83925
94.841
94.861325
94.8809
94.89765
94.91925
94.92245
94.9391
94.994825
94.99735
95.001225
95.009175
95.01325
95.135775
95.2815
95.28995
95.3051
95.31095
95.556425
95.56005
95.758175
96.0893
96.19565
96.202675
96.246
96.247775
96.249375
96.253825
96.25615
96.261
96.2777
96.34185
96.359
96.47535
96.723725
96.912375
96.945075
96.97355
96.978475
97.2958
97.38805
97.392725
97.469475
97.471625
97.475625
97.5064
97.65585
97.6602
97.824475
97.8297
97.868825
97.907
97.9878
98.205075
98.38745
98.60535
98.674225
98.822275
98.824175
98.8671
98.870225
98.8904
99.184175
99.18845
99.548975
99.562775
99.6483
99.757975
100.038175
100.181325
100.425875
100.828775
100.849075
100.88875
100.891
101.3067
101.3377
101.768475
101.7844
101.786575
101.795425
101.8379
101.85325
101.855225
101.877225
101.8812
101.942125
101.9836
101.98595
102.237575
102.335225
102.34005
102.438
102.442875
102.552025
102.7475
102.750525
103.306
103.421175
103.44285
103.53135
103.53515
103.618225
103.77235
104.001625
104.1136
104.181125
104.26105
104.72905
104.83405
104.8457
104.9882
105.019475
105.034125
105.06195
105.066725
105.0705
105.078375
105.086375
105.097925
105.131575
105.152525
105.154775
105.16075
105.204375
105.226775
105.3004
105.3117
105.336675
105.353475
105.361525
105.485625
105.745725
105.786125
105.789675
105.822025
106.0169
106.352075
106.603525
106.6057
106.610775
106.615175
106.644425
106.655375
106.6587
106.664825
106.677175
106.8569
106.865425
106.869775
106.897075
106.89925
106.901125
106.903075
106.905225
106.9073
106.909625
106.911975
106.921825
107.0454
107.049625
107.1361
107.23615
107.23795
107.240625
107.243375
107.246375
107.2532
107.255825
107.2643
107.269375
107.3059
107.3185
107.323275
107.33355
107.7198
108.011525
108.0156
108.120575
108.13415
108.13915
108.144425
108.1475
108.1507
108.156775
108.185025
108.200425
108.203825
108.405975
108.460225
108.4622
108.466775
108.46905
108.4722
108.478475
108.4825
108.485025
108.48755
108.491475
108.49725
108.74005
108.74705
109.01945
109.22795
109.417075
109.42985
109.452275
109.47355
109.476125
109.49145
109.494825
109.4979
109.675875
109.6862
110.0792
110.1724
110.496325
110.500175
110.508675
110.544
110.656775
110.919725
110.966425
111.038425
111.04055
111.058925
111.062475
111.0694
111.0722
111.074375
111.07965
111.153025
111.294425
111.344475
111.347175
111.40445
111.407225
111.5061
111.5658
111.571325
111.817475
111.83055
111.84095
111.851
111.852825
111.895975
111.909975
111.95485
111.957
111.96615
111.968175
111.975125
111.98315
112.2242
112.318
112.387925
112.57105
112.5747
112.611025
112.633775
112.6379
112.642175
112.652975
112.68335
112.882125
112.9127
113.3112
113.372175
113.43075
113.590875
113.6858
113.689925
113.833475
113.971875
113.994375
114.447975
114.5551
114.714475
114.7578
114.76
114.794025
114.814525
114.8176
114.826375
114.82935
114.894225
114.897725
114.94
114.96805
114.97045
114.983075
115.00445
115.007575
115.01565
115.025775
115.063825
115.065775
115.67745
115.6798
115.689625
115.7125
115.720975
115.725075
115.746375
115.762175
115.7651
115.795425
115.981625
115.986475
115.989725
115.99325
116.01225
116.0146
116.016675
116.0191
116.022025
116.0257
116.030675
116.041475
116.086075
116.088525
116.09265
116.2846
116.3477
116.35285
116.409375
116.56535
116.567875
116.572475
116.586825
116.818375
116.872825
116.87635
117.08815
117.30835
117.661375
117.790775
117.802075
117.80475
117.8263
117.828725
117.848275
117.850975
117.8571
117.859775
117.865225
118.106675
118.206325
118.2126
118.3331
118.352175
118.51715
118.532325
118.551475
118.55405
118.5568
118.564525
118.576325
118.602125
118.977975
118.99265
119.186975
119.23925
119.243075
119.2627
119.265525
119.33955
119.342975
119.38515
119.40595
119.408075
119.416575
119.60995
119.6135
120.087225
120.112025
120.11705
120.177675
120.47885
120.48335
120.5683
120.768
120.770775
121.0375
121.07195
121.1
121.10225
121.109925
121.249875
121.252675
121.261975
121.265675
121.304325
121.329075
121.332675
121.337975
121.4712
121.568625
121.6882
121.811025
121.934425
122.0584
122.24535
122.42505
122.52945
122.7854
122.933875
122.969725
122.976675
123.1392
123.1671
123.485375
123.7149
123.813425
123.8305
124.000975
124.0045
124.1531
124.440075
124.65955
124.828425
125.088375
125.34705
125.349925
125.578125
125.5883
125.59005
125.592375
125.5981
125.6118
125.83625
125.838175
125.8411
125.8435
125.87355
125.876375
125.884525
125.889175
125.896825
125.9051
126.0071
126.087025
126.145825
126.151975
126.163775
126.166525
126.1742
126.1814
126.19315
126.19625
126.216825
126.3299
126.348625
126.515725
126.52125
126.812075
126.91325
126.9247
126.946675
126.965575
126.967575
126.969875
127.014525
127.809
127.833775
127.836875
127.869225
127.895025
127.8983
127.9039
127.908675
128.03215
128.0406
128.23225
128.56335
128.5748
128.8191
128.94015
128.966475
128.969825
128.981875
129.007925
129.021675
129.3825
129.390875
129.7672
130.052575
130.061375
130.075975
130.07855
130.083875
130.093525
130.095825
130.110725
130.1247
130.15535
130.17755
130.419025
130.422525
130.473
130.59
130.830825
130.8433
130.857525
130.8713
130.88265
130.885825
130.89445
130.90175
130.908775
130.971875
131.167575
131.335575
131.339
131.34515
131.52135
131.549125
131.60885
131.6129
131.8569
131.859575
132.03925
132.101875
132.1146
132.145525
132.17165
132.174725
132.184825
132.188
132.2037
132.213875
132.236575
132.243825
132.261375
132.26975
132.289825
132.490125
132.62665
132.734375
132.7936
132.924325
132.956575
132.962325
132.9645
132.970525
132.9733
132.975725
133.0326
133.043025
133.2922
133.626
133.720025
133.755825
133.762825
133.77625
133.77925
133.797175
133.82695
133.839525
134.27305
134.3927
134.3971
134.577075
134.786
135.031025
135.034825
135.75035
135.75995
136.0567
136.10865
136.25635
136.258475
136.736075
136.74205
136.91945
137.01835
137.2162
137.224575
137.361575
137.45815
137.460275
137.722575
137.771825
137.8024
137.974075
137.97635
138.099525
138.1393
138.14225
138.2078
138.22655
138.2307
138.23505
138.238475
138.386975
138.466625
138.510425
138.5136
138.52005
138.614
138.61635
138.7334
138.79715
138.79935
138.81045
138.8227
138.835525
138.85755
138.9163
138.92085
138.9406
139.000575
139.00325
139.01915
139.02195
139.0478
139.108825
139.113325
139.116425
139.11985
139.12225
139.1274
139.144175
139.16005
139.17265
139.183175
139.1863
139.18885
139.260675
139.2629
139.2648
139.2686
139.272725
139.2795
139.285525
139.289325
139.9082
139.932525
139.955075
139.994825
139.999125
140.055
140.05705
140.060025
140.06325
140.084075
140.365775
140.3679
140.522825
140.525875
140.691925
140.702425
140.719225
140.72145
140.7269
140.73315
140.7367
140.74115
140.763225
140.76975
140.782825
140.80345
141.0605
141.084925
141.087675
141.1239
141.12795
141.287675
141.336725
141.394125
141.396125
141.39975
141.40165
141.40395
141.409775
141.41205
141.436875
141.505775
142.1499
142.223975
142.294275
142.3018
142.307675
142.31195
142.32545
142.3477
142.35275
142.3716
142.3744
142.386325
142.39055
142.42345
142.43365
142.539925
142.544525
142.990625
143.230675
143.42495
143.427825
143.4651
143.469625
143.474425
143.480625
143.4912
143.514775
143.55795
143.560375
143.587425
143.68015
143.682975
143.692
143.707025
143.7177
143.7318
143.736175
143.74595
143.749475
143.79895
143.808775
143.8302
143.840125
143.849875
143.852175
143.860825
143.91335
143.958325
143.9653
143.991175
143.993325
144.000175
144.005925
144.0096
144.02675
144.030075
144.035525
144.079775
144.093225
144.09845
144.100775
144.126125
144.12955
144.13965
144.16445
144.33985
144.341525
144.343375
144.348075
144.351075
144.3621
144.431625
144.443475
144.4464
144.46105
144.4907
144.49535
144.4981
144.65025
144.65215
144.6563
144.681175
144.684425
144.6868
144.69195
144.70615
144.711725
144.7216
144.75005
144.753
145.1173
145.16285
145.18545
145.425525
145.444475
145.449125
145.453925
145.45965
145.463875
145.5196
145.5399
145.91865
145.92435
145.987875
145.99015
145.9971
146.011275
146.0621
146.070925
146.08505
146.23125
146.374075
146.514025
146.549725
146.678075
146.970825
147.0409
147.164575
147.304325
147.30775
147.563575
147.580125
147.59245
147.594975
147.612325
147.6147
147.625775
147.637375
147.64895
147.6576
147.99425
148.254675
148.256775
148.28665
148.40265
148.40815
148.56745
148.56985
148.82545
148.884275
149.04885
149.18825
149.192825
149.2072
149.210625
149.25785
149.27425
149.307375
149.310075
149.328675
149.33335
149.3385
149.480375
149.694125
149.8902
150.0281
150.191725
150.27865
150.319725
150.3237
150.350775
150.37375
150.40675
150.4117
150.467475
150.470325
150.9649
150.9673
150.983925
150.98665
151.007925
151.03135
151.033325
151.0389
151.04675
151.0655
151.109
151.113875
151.118025
151.12075
151.126225
151.33155
151.3344
151.3559
151.36045
151.36565
151.36865
151.370925
151.37295
151.37565
151.3979
151.4152
151.4399
151.612475
151.853
152.122925
152.2889
152.36805
152.369975
152.3893
152.403725
152.40715
152.4159
152.468975
152.47225
152.4904
152.49335
152.557225
152.564075
152.690475
152.6998
152.701625
152.716025
152.7391
152.7767
152.778575
152.78245
152.7855
152.795025
153.472325
153.475825
153.477975
153.516875
153.5432
153.561075
153.5849
153.619525
153.6355
153.64165
153.727575
153.83335
153.91205
153.914825
154.249125
154.3401
154.585475
154.5875
154.594625
154.665775
154.66885
154.82095
155.0579
155.08375
155.12
155.1255
155.255375
155.3367
155.428225
155.545175
155.664275
155.97035
155.978225
156.002575
156.2115
156.255575
156.307425
156.414925
156.471
156.5981
156.600825
156.63625
156.677225
156.68165
157.06135
157.140325
157.3589
157.36455
157.729225
157.731975
157.7768
157.915025
158.008725
158.032775
158.06065
158.0632
158.110025
158.146575
158.165525
158.167875
158.54225
158.693775
158.829225
159.052
159.274925
159.312775
159.574125
159.911025
159.92105
159.945425
159.962875
159.9887
160.001375
160.005975
160.01265
160.0319
160.169775
160.5162
160.58415
160.5865
160.705575
160.84275
160.8497
160.998525
161.0027
161.414775
161.800675
161.960725
161.963
162.0717
162.216325
162.62585
162.73905
162.74185
163.0006
163.057425
163.1795
163.184225
163.302625
163.4693
163.498575
163.50105
163.520975
163.52415
163.540125
163.86375
164.095
164.0977
164.22915
164.23435
164.242675
164.2911
164.4478
164.7628
164.7653
164.7702
164.83035
164.833325
164.84825
164.854525
164.8716
164.874275
164.8765
164.879575
164.882425
164.887225
164.9328
164.93575
165.369975
165.554675
165.562325
165.564725
165.581075
165.583675
165.5915
165.594525
165.60665
165.658425
165.797725
165.79965
165.81005
165.811975
165.814575
165.81725
165.823425
165.836575
166.06185
166.1394
166.141325
166.143475
166.1504
166.152425
166.157525
166.205975
166.5429
166.795425
166.819275
166.82235
166.829475
166.933225
167.212275
167.394375
167.54395
167.647675
168.017625
168.0572
168.05935
168.0738
168.07735
168.080475
168.0841
168.087425
168.096525
168.09885
168.146175
168.1546
168.1856
168.189425
168.22515
168.254025
168.317725
168.4811
168.79125
169.157575
169.161325
169.2436
170.2559
170.25815
170.3295
170.334375
170.390725
170.415925
170.417725
170.439375
170.4419
170.458475
170.464125
170.502275
170.516375
170.52285
171.13665
171.1424
171.24295
171.792925
171.811
171.851775
172.416425
172.418075
172.4197
172.436525
172.478775
172.484625
172.521425
172.704875
172.70705
172.720625
172.72385
172.754625
172.756825
172.762525
172.766025
172.76915
172.774575
172.778975
173.16755
173.2286
173.23285
173.459925
173.46525
173.48325
173.497275
173.499375
173.504275
173.5207
173.601975
173.7684
173.7711
173.7869
173.84415
173.8465
173.8502
173.856925
173.8761
173.8823
173.896925
173.901725
173.9092
174.01505
174.0186
174.042725
174.127425
174.13005
174.143375
174.16135
174.172825
174.174925
174.17925
174.19335
174.255175
174.26095
174.272
174.274275
174.27695
174.280125
174.609775
174.6122
174.6626
174.701775
174.837575
174.85045
174.852475
174.855025
174.8596
174.879225
174.903925
174.920725
174.92925
174.939725
174.94365
175.124275
175.20095
175.20535
175.20805
175.210475
175.21305
175.219325
175.22745
175.232
175.2355
175.241825
175.2535
175.2579
175.506075
175.513
175.582
175.84615
175.90575
175.9564
176.00545
176.0076
176.010025
176.014525
176.017225
176.025675
176.058375
176.124925
176.1989
176.20095
176.208775
176.2112
176.2279
176.2316
176.2352
176.24595
176.27295
176.49395
176.57805
176.6486
176.770875
176.777375
176.916025
177.371275
177.374625
177.448075
177.51615
177.777675
177.809375
177.826425
177.835075
177.85145
177.86695
177.873375
177.884925
177.9401
178.129575
178.133575
178.174025
178.176225
178.178025
178.190775
178.211475
178.4
178.42135
178.4931
178.49575
178.49855
178.5125
178.51545
178.5319
178.558425
178.57685
178.578975
178.5858
178.85275
178.8554
178.866
178.883825
178.896875
179.0671
179.334625
179.377875
179.56185
179.6123
179.6149
179.64515
179.648175
179.6609
179.666975
179.681225
179.702425
179.85155
179.927425
179.9344
179.944875
179.97335
179.981025
180.018225
180.020725
180.022725
180.358225
180.360225
180.382675
180.387625
180.39385
180.403
180.408225
180.41335
180.416125
180.424875
180.442575
180.450525
180.46575
180.488125
180.523425
180.5277
180.530725
180.654675
180.6564
180.6584
180.66165
180.666175
180.66905
180.674775
180.67715
180.709525
180.7199
180.721925
180.7261
180.732325
180.91455
180.9822
180.98875
180.99165
181.0036
181.021925
181.1779
181.261425
181.3837
181.40335
181.4276
181.435625
181.4528
181.459175
181.4645
181.470225
181.66075
181.668725
181.7956
181.8051
181.83695
181.981375
182.075125
182.418175
182.43255
182.51685
182.521225
182.525025
182.608375
182.6106
182.6824
182.742125
182.883625
182.888425
182.8976
182.9124
182.9245
182.9521
182.9569
182.963675
182.965975
182.975375
182.993675
183.237125
183.23965
183.288575
183.585125
183.61875
184.0677
184.169875
184.405725
184.653375
184.658675
184.7091
184.73085
184.732925
184.739175
184.754325
184.756275
184.77655
184.779725
184.783175
184.78815
184.792825
185.06395
185.06585
185.111925
185.115275
185.1204
185.3296
185.4467
185.451975
185.454425
185.45755
185.524325
185.529875
185.756225
185.8672
185.870675
185.8738
185.883425
185.88635
186.14
186.14215
186.166825
186.21525
186.21725
186.219625
186.222825
186.226675
186.2311
186.23645
186.246675
186.383675
186.5435
186.569775
186.580875
186.618425
186.621475
186.640775
186.644425
186.646725
186.65205
186.655075
186.90695
186.9109
186.920775
187.1663
187.265825
187.267675
187.280425
187.288075
187.30215
187.305325
187.37255
187.579375
187.600775
187.604075
187.621
187.6241
187.62795
187.629975
187.640425
187.64645
187.650475
187.653225
187.6621
188.023425
188.32035
188.3345
188.353975
188.356075
188.3676
188.421725
188.426225
188.668525
188.687825
188.844575
189.38365
189.54175
189.5493
189.5707
189.66675
189.669175
189.869975
189.876225
189.883325
189.92445
189.926675
189.929825
189.93255
189.942175
189.946375
189.96815
190.0869
190.17615
190.328675
190.520725
190.634375
190.6425
190.6719
190.674325
190.67595
190.677825
190.679825
190.6891
190.6926
190.738225
190.76385
190.844575
190.91495
190.93035
191.209075
191.486675
191.7389
192.018175
192.40825
192.4106
192.647325
192.666675
192.66895
192.687925
192.70475
192.709025
192.72915
192.75555
192.75775
192.7605
192.804925
192.982325
192.98845
192.990575
192.99245
192.9945
192.9967
192.999075
193.008475
193.029275
193.040775
193.045125
193.065625
193.519125
193.5519
193.6756
193.851675
193.928975
194.180325
194.259725
194.26425
194.267625
194.305325
194.30895
194.3253
194.327475
194.33155
194.335725
194.34205
194.3553
194.377725
194.402
194.54415
194.548825
194.567925
194.6032
194.6058
194.612525
194.615175
194.61955
194.6247
194.6311
194.670625
194.768525
194.9319
194.983275
195.23975
195.24435
195.3542
195.357075
195.45825
195.48045
195.483525
195.491375
195.5008
195.5247
195.56485
195.56675
195.57075
195.575125
195.59515
195.643925
195.646925
195.7659
195.8106
195.82975
195.9695
196.004125
196.058
196.0601
196.06965
196.0796
196.2757
196.32165
196.3284
196.337075
196.339275
196.39915
196.5963
196.598425
196.610825
196.623325
196.626025
196.6647
196.6674
196.67715
196.6887
196.814175
196.833675
196.838575
196.84335
196.8459
196.85055
196.85755
196.860025
196.87385
196.939275
196.94125
196.943825
196.950425
196.95515
196.96635
196.969625
197.1619
197.178025
197.1953
197.314075
197.522675
197.52585
197.980625
198.13795
198.14065
198.2912
198.300575
198.492225
198.642675
198.64835
198.707525
198.911975
198.91415
198.947775
198.9683
198.991625
198.99435
198.99715
199.00745
199.089875
199.104225
199.3997
199.412
199.52535
199.543525
199.5696
199.5718
199.577975
199.585975
199.811375
199.852075
199.85615
199.867625
199.872325
199.874925
199.88275
199.904375
200.0237
200.1267
200.14375
200.14655
200.15225
200.156025
200.1585
200.1636
200.183625
200.221
200.223625
200.23485
200.3062
200.542925
200.566425
200.5754
200.58135
200.5963
200.60345
200.61375
200.617225
200.748425
200.757075
201.006075
201.0757
201.22895
201.26615
201.294675
201.3063
201.309225
201.312375
201.31625
201.32935
201.3351
201.349925
201.354725
201.6488
201.771875
201.992975
201.996675
202.2107
202.217725
202.2205
202.222725
202.2599
202.2624
202.274175
202.27785
202.2956
202.2989
202.30325
202.48985
202.553675
202.667225
202.96315
202.966375
202.98935
202.993425
203.008925
203.052325
203.17275
203.32035
203.43
