0.0137
0.1028
0.3256
0.41595
0.66835
0.748375
0.8279
0.939725
0.972375
1.01075
1.100075
1.1758
1.221125
1.2778
1.31665
1.42725
1.4491
1.4923
1.537375
1.636475
1.8176
1.9177
1.951725
1.99295
2.097275
2.208375
2.2838
2.48265
2.694675
2.758475
2.826075
2.877975
2.947875
2.96995
3.01475
3.067575
3.154075
3.23425
3.3529
3.4759
3.73855
3.7982
3.951475
4.07245
4.109925
4.1206
4.13485
4.149075
4.209225
4.30925
4.3843
4.47325
4.5324
4.6122
4.8787
4.916875
4.9937
5.01485
5.1632
5.2911
5.336575
5.407825
5.535825
5.5849
5.6317
5.679425
5.764175
5.8258
5.8777
5.9346
5.9726
6.06045
6.1153
6.2
6.29695
6.362225
6.430825
6.520375
6.645275
6.7555
6.8161
6.9186
6.991875
7.113425
7.14815
7.189975
7.205125
7.278
7.446025
7.5046
7.57985
7.629875
7.689725
7.70635
7.77305
7.91635
7.928575
8.000675
8.078775
8.168575
8.26815
8.421525
8.481475
8.566175
8.804475
8.848525
8.943625
9.03625
9.219175
9.2732
9.306575
9.3404
9.371275
9.57395
9.6516
9.796875
9.873125
9.897925
9.912425
9.925625
9.9349
10.01645
10.114075
10.139475
10.220375
10.321675
10.396175
10.51105
10.550525
10.657625
10.727175
10.79125
10.849425
10.920575
10.9706
11.096
11.189625
11.319475
11.35385
11.370225
11.390225
11.397775
11.4543
11.577975
11.748025
11.8326
11.917825
12.09745
12.16965
12.25825
12.372175
12.464125
12.629475
12.698925
12.724875
12.7476
12.9097
13.02205
13.1474
13.23095
13.2942
13.401925
13.4659
13.49575
13.52485
13.6542
13.75645
13.790225
13.8454
13.8816
13.916
13.965625
13.96935
14.041475
14.086575
14.163525
14.193075
14.222375
14.350625
14.386825
14.4334
14.496375
14.5801
14.653725
14.701275
14.968275
15.01195
15.04915
15.072775
15.222975
15.3327
15.42945
15.445775
15.4554
15.46295
15.501975
15.5889
15.747425
15.815125
15.8712
16.081275
16.123275
16.213425
16.268375
16.3518
16.5558
16.637825
16.709575
16.858925
16.90175
16.9734
17.03375
17.384925
17.50805
17.5611
17.682
17.90345
17.98645
18.0823
18.13125
18.2411
18.243575
18.293375
18.347425
18.43715
18.543575
18.579025
18.75095
18.794975
18.895
19.00895
19.121675
19.20535
19.2672
19.38415
19.419325
19.56
19.672875
19.76275
19.7961
19.832925
19.86965
19.951525
20.02885
20.073725
20.12595
20.233675
20.297175
20.38055
20.427825
20.522225
20.633275
20.735625
20.8349
20.89555
21.03745
21.1105
21.146425
21.25445
21.33625
21.4039
21.40755
21.413075
21.432025
21.476125
21.635625
21.715175
21.79885
21.836625
21.8838
22.002975
22.142825
22.29925
22.4037
22.475075
22.798025
22.847725
22.995775
23.25685
23.3757
23.418075
23.622975
23.7858
23.846025
24.042225
24.141275
24.149975
24.157025
24.19315
24.3759
24.554025
24.646075
24.6915
24.77765
24.9187
25.030925
25.1449
25.2128
25.371425
25.416675
25.573925
25.735075
25.753625
25.759275
25.7629
25.7832
25.825225
25.963425
26.002525
26.017075
26.08225
26.11655
26.18105
26.277525
26.30775
26.350825
26.4765
26.5231
26.644425
26.670775
26.75825
26.865475
26.9323
26.986675
27.1427
27.21525
27.30075
27.40555
27.46505
27.5361
27.6404
27.700975
27.746225
27.862725
27.934625
28.10235
28.133875
28.1715
28.325075
28.491525
28.5493
28.647675
28.861275
28.8962
28.9427
28.953175
29.0914
29.139625
29.196575
29.247675
29.345075
29.394325
29.4817
29.566825
29.6127
29.64955
29.676775
29.79655
29.912475
29.9441
30.06045
30.16405
30.244475
30.338375
30.425925
30.59155
30.81455
30.8945
30.94465
31.321
31.42415
31.436725
31.463
31.5629
31.631475
31.6559
31.768375
31.82415
31.852775
31.91395
31.98615
32.120675
32.226125
32.32375
32.38405
32.553525
32.682025
32.7163
32.757525
32.85465
32.889025
32.972375
33.000425
33.1264
33.21575
33.269325
33.331
33.4641
33.61015
33.653625
33.731925
33.835725
34.092925
34.1267
34.146675
34.164125
34.227025
34.270175
34.3647
34.3989
34.413925
34.487275
34.591875
34.646625
34.678775
34.791675
34.8711
34.89005
34.946075
35.0175
35.180225
35.3072
35.4271
35.444525
35.50545
35.5408
35.60025
35.66185
35.738875
35.842875
35.932075
36.178975
36.24205
36.3058
36.386175
36.47455
36.550075
36.617975
36.6638
36.736375
36.89525
36.942625
37.0396
37.11275
37.29005
37.339725
37.448625
37.507775
37.651125
37.67965
37.7591
37.896225
37.9963
38.086525
38.106425
38.20145
38.3493
38.445025
38.524175
38.6083
38.675325
38.758275
38.862125
38.921725
39.044425
39.15775
39.258925
39.317525
39.41975
39.5061
39.528075
39.644925
39.70625
39.831675
39.891825
39.92265
39.990225
40.0464
40.10915
40.15415
40.2405
40.322625
40.38035
40.5122
40.52425
40.539325
40.68085
40.79585
40.829925
40.92065
40.981925
41.193575
41.3098
41.41065
41.485225
41.502575
41.641775
41.7704
42.0065
42.179675
42.265225
42.4581
42.575625
42.6105
42.62235
42.6392
42.72035
42.9018
42.937225
43.0012
43.0484
43.333075
43.380175
43.419775
43.501425
43.628225
43.768025
43.826025
43.954575
43.988375
44.077425
44.237275
44.357075
44.3965
44.502375
44.58565
44.67785
44.7629
44.824125
44.86745
44.9316
44.956825
44.96365
45.107425
45.184325
45.26995
45.342675
45.481325
45.587375
45.637625
45.6842
45.819925
46.032
46.15285
46.22445
46.23145
46.241975
46.2596
46.340175
46.477175
46.496275
46.5796
46.63245
46.74545
46.9076
46.9911
47.0992
47.298625
47.37195
47.442675
47.693525
47.7141
47.748175
47.7886
47.85065
47.87605
47.8824
47.9324
47.9775
48.04435
48.116
48.182025
48.30075
48.36275
48.398575
48.446725
48.46475
48.491325
48.6044
48.679375
48.74165
48.751725
48.823
48.90595
48.99565
49.045575
49.13245
49.15185
49.1584
49.1759
49.36645
49.43405
49.4896
49.574375
49.629775
49.686675
49.720775
49.79035
49.8163
49.8781
50.013775
50.0374
50.127625
50.194975
50.28215
50.301725
50.367975
50.449175
50.609375
50.64235
50.695575
50.80305
50.891925
51.0235
51.12525
51.247775
51.4102
51.54005
51.5878
51.6455
51.670475
51.81095
51.8468
51.90235
51.9596
51.9831
52.0606
52.0829
52.103725
52.23155
52.287825
52.3609
52.4014
52.484225
52.529725
52.772225
52.80785
52.93885
53.082225
53.180425
53.223675
53.334875
53.409725
53.447
53.49635
53.5239
53.590325
53.59095
53.61575
53.648325
53.74275
53.7776
53.855275
53.892525
53.904325
53.918
53.968575
54.01425
54.039825
54.05515
54.084325
54.112075
54.172075
54.228775
54.233475
54.3405
54.4975
54.5342
54.558275
54.642425
54.737225
54.77585
54.804175
54.8487
55.047775
55.3108
55.38745
55.5307
55.63875
55.70065
55.868525
55.9341
56.0045
56.32155
56.3619
56.67695
56.947575
56.980475
57.043575
57.34295
57.432275
57.47635
57.6265
57.695425
57.8065
57.86085
57.89435
57.918575
58.14965
58.28525
58.34595
58.48105
58.560675
58.6048
58.92435
59.03745
59.107625
59.175225
59.278025
59.60505
59.688725
59.74125
60.0578
60.0801
60.18225
60.23725
60.29595
60.384775
60.4296
60.7604
60.830225
60.864075
60.970025
61.0489
61.13415
61.169475
61.2191
61.249975
61.2858
61.40685
61.521625
61.572575
61.654375
61.702925
61.837675
61.925175
62.038725
62.097825
62.223025
62.311675
62.3953
62.439675
62.4857
62.62335
62.989825
63.07015
63.102125
63.1785
63.2096
63.289325
63.372475
63.507925
63.702975
63.77825
63.82035
63.915875
63.9648
63.980025
63.984175
64.004275
64.0615
64.10175
64.159
64.2044
64.260025
64.351075
64.43175
64.542625
64.575875
64.60945
64.6807
64.749425
64.833975
64.92785
64.998475
65.05055
65.1141
65.171275
65.238425
65.331775
65.376975
65.41785
65.455325
65.492375
65.578825
65.6475
65.7065
65.767075
65.8447
65.974975
66.03355
66.057875
66.167175
66.2638
66.32295
66.37785
66.4095
66.46205
66.469725
66.53575
66.598075
66.62195
66.718225
66.839475
66.9082
66.992075
67.03705
67.0974
67.1897
67.245075
67.25795
67.273425
67.32965
67.42355
67.459775
67.572
67.6361
67.7235
67.7639
67.8484
67.956425
68.08805
68.129475
68.214625
68.231275
68.251125
68.362375
68.4302
68.496025
68.5591
68.631525
68.679
68.807325
68.946675
69.05255
69.090625
69.1088
69.20815
69.27985
69.36835
69.411375
69.50305
69.527075
69.57645
69.650375
69.765725
69.8771
69.92595
70.00945
70.065675
70.190425
70.23975
70.3034
70.367675
70.473875
70.5084
70.64455
70.697875
70.756725
70.794775
70.936125
70.9882
71.11315
71.225575
71.32565
71.4047
71.4477
71.648725
71.700675
71.784725
71.859825
72.0069
72.122375
72.2008
72.259825
72.27295
72.36785
72.4005
72.481975
72.5608
72.64065
72.7066
72.746375
72.774975
72.857825
73.003975
73.074175
73.27815
73.435
73.50355
73.5446
73.635875
73.71645
73.7524
73.783725
73.81685
73.8969
73.95065
74.055025
74.12855
74.188675
74.254625
74.3299
74.414575
74.4476
74.481325
74.513675
74.60115
74.691075
74.749425
74.8264
74.894425
74.927575
75.03505
75.127825
75.181225
75.272175
75.370625
75.4494
75.5129
75.6089
75.72035
75.770775
75.87985
76.00605
76.06155
76.086275
76.1376
76.247125
76.317575
76.39625
76.445675
76.567625
76.627425
76.784125
76.879125
76.8928
76.962975
77.118325
77.192925
77.312075
77.35395
77.410575
77.574575
77.678225
77.694925
77.71745
77.7438
77.864025
77.955825
78.01215
78.038775
78.110475
78.138525
78.204575
78.2164
78.304425
78.378675
78.406475
78.46255
78.505675
78.604975
78.64255
78.681625
78.766825
78.86395
79.0352
79.087975
79.1142
79.1731
79.2072
79.30245
79.3245
79.43095
79.646925
79.694025
79.999025
80.0177
80.02485
80.132375
80.273125
80.306675
80.347625
80.40615
80.451675
80.51465
80.83225
80.855825
80.9432
81.006275
81.032425
81.0454
81.1372
81.2038
81.254025
81.283625
81.29885
81.416975
81.579125
81.645625
81.67515
81.72465
81.832275
81.89795
81.9718
82.037325
82.09885
82.18065
82.23305
82.263875
82.371275
82.396475
82.568825
82.679375
82.70885
82.755675
82.83455
82.860725
82.9859
83.057275
83.135625
83.217225
83.2542
83.316975
83.433025
83.517075
83.573875
83.723075
83.790725
83.84225
83.984175
84.048125
84.1723
84.241
84.340775
84.387125
84.462725
84.5984
84.718975
84.887
84.9375
85.034875
85.054475
85.1264
85.240975
85.264125
85.284925
85.295925
85.319775
85.405425
85.505525
85.547175
85.6367
85.742875
85.8222
85.91365
86.008725
86.08265
86.1949
86.3018
86.4107
86.524375
86.603125
86.747175
86.80735
86.91695
86.988325
87.053175
87.06965
87.17715
87.248225
87.3645
87.5842
87.689725
87.7025
87.760975
87.86895
87.936425
87.95055
88.001675
88.047775
88.1179
88.1365
88.209125
88.2671
88.3541
88.376475
88.451325
88.598175
88.727425
88.7961
88.797675
88.8411
88.914725
89.0247
89.062875
89.269825
89.276725
89.300175
89.3084
89.3483
89.425725
89.502225
89.601375
89.730675
89.757275
89.84225
89.851125
89.89465
89.9198
90.069225
90.18415
90.317825
90.541875
90.63495
90.7356
90.81905
90.947325
91.020625
91.051375
91.198525
91.2357
91.3094
91.44
91.573425
91.6559
91.734
91.863125
91.99255
92.072
92.1071
92.13085
92.239625
92.3669
92.470875
92.556075
92.628425
92.7425
92.828875
92.87995
93.087425
93.2184
93.302275
93.440225
93.504975
93.5475
93.614975
93.6403
93.9174
94.05735
94.108475
94.218225
94.32665
94.41855
94.55675
94.5929
94.6915
94.7748
94.839075
94.884725
94.9852
95.0849
95.14195
95.222875
95.341975
95.418925
95.521575
95.54075
95.6368
95.6984
95.801125
95.894575
95.981825
96.0103
96.0977
96.1549
96.2094
96.351725
96.389125
96.49215
96.5158
96.577525
96.616575
96.6264
96.687575
96.7293
96.786575
96.8305
96.917775
97.114625
97.236775
97.33005
97.4399
97.51045
97.581925
97.708875
97.7472
97.7863
97.85715
97.95645
98.001225
98.1309
98.260025
98.293325
98.3658
98.46215
98.5086
98.619625
98.6661
98.7562
98.82985
98.92505
98.943275
99.010825
99.0648
99.0779
99.18585
99.260975
99.424625
99.506875
99.620725
99.660775
99.667925
99.734225
99.82185
99.879925
99.97975
99.991275
100.015025
100.09875
100.215925
100.263575
100.38035
100.443975
100.6816
100.733
100.735975
100.770475
100.7933
100.87775
100.89405
100.970375
101.0543
101.10025
101.1926
101.2644
101.366175
101.44745
101.489975
101.55025
101.579525
101.616575
101.651925
101.723175
101.79365
101.83165
101.85025
101.885725
101.907575
101.95305
102.014125
102.0555
102.201125
102.241075
102.32665
102.35135
102.515475
102.635475
102.686475
102.755475
102.7983
103.03215
103.07425
103.2089
103.261475
103.30475
103.390825
103.435275
103.516225
103.6204
103.641225
103.73895
103.793025
103.93415
104.01165
104.1436
104.240675
104.29655
104.370725
104.4114
104.514025
104.62195
104.831
104.87475
104.914375
105.014925
105.07795
105.137675
105.210875
105.28435
105.302575
105.40475
105.517275
105.62015
105.6861
105.832025
105.873975
106.0459
106.080775
106.190225
106.24905
106.35455
106.423775
106.45895
106.558075
106.61615
106.690625
106.7651
106.851975
106.9704
107.086525
107.11375
107.16295
107.297325
107.419825
107.5074
107.53695
107.54445
107.576925
107.6421
107.684125
107.771925
107.816125
107.882775
107.9773
108.12425
108.31265
108.36445
108.4234
108.5114
108.544975
108.790625
108.827875
108.873
108.95295
109.14905
109.2055
109.29255
109.3211
109.334425
109.4548
109.5259
109.611875
109.651825
109.773775
109.850725
109.930725
110.03995
110.148025
110.26425
110.38765
110.571625
110.61715
110.6988
110.7534
110.8434
110.888075
110.948425
111.03455
111.203975
111.269375
111.37095
111.469075
111.57095
111.61445
111.65425
111.716375
111.7863
111.82015
111.88115
111.9398
111.9569
112.00905
112.1411
112.20045
112.22425
112.2521
112.272325
112.33285
112.53535
112.584925
112.6043
112.70545
112.86225
112.891625
112.98205
113.080875
113.1307
113.297225
113.474675
113.55805
113.65225
113.7157
113.870075
113.947975
113.9919
114.06105
114.072475
114.1925
114.30825
114.417175
114.46105
114.4824
114.560025
114.8096
114.8687
114.98045
115.0886
115.160225
115.247775
115.341825
115.39205
115.5002
115.57365
115.6673
115.68495
115.74645
115.818475
115.9182
116.025075
116.075325
116.21495
116.27645
116.3246
116.3769
116.630125
116.6548
116.757575
116.78015
116.835525
116.9506
116.979975
117.0301
117.146
117.2093
117.269175
117.3535
117.39865
117.47915
117.618275
117.745375
117.84395
117.8579
117.89615
117.9605
118.012225
118.083325
118.146075
118.23535
118.38205
118.471625
118.5166
118.669825
118.720725
118.84805
118.9385
119.0616
119.1067
119.18005
119.2745
119.423525
119.469725
119.5111
119.582025
119.635825
119.65225
119.693375
119.7208
119.778
119.888425
119.946475
120.052625
120.091075
120.246775
120.39455
120.418625
120.494475
120.57035
120.635625
120.7471
120.7986
120.884775
120.91585
121.044375
121.10805
121.1929
121.44915
121.4841
121.5451
121.58785
121.678175
121.72105
121.86515
122.0446
122.1449
122.26835
122.3726
122.4167
122.566125
122.61175
122.7666
122.87285
122.911425
122.960375
123.0606
123.1109
123.1776
123.249825
123.36995
123.404375
123.438625
123.48975
123.54045
123.625325
123.637325
123.6566
123.8122
123.86355
123.908625
124.011125
124.039675
124.06105
124.0805
124.16675
124.264425
124.34785
124.365425
124.446075
124.560325
124.62855
124.700225
124.764175
124.827325
124.8714
124.935875
124.9755
125.135925
125.20345
125.260775
125.352725
125.406825
125.465325
125.5354
125.6
125.65655
125.712075
125.73145
125.804675
125.923875
126.0038
126.116225
126.201025
126.431175
126.48915
126.54325
126.588025
126.644775
126.763575
126.9181
127.01265
127.145575
127.16575
127.3242
127.451
127.575525
127.659975
127.703075
127.798275
127.8581
127.885675
128.0046
128.099475
128.134725
128.14895
128.211225
128.242825
128.431625
128.44395
128.4968
128.5674
128.659175
128.756775
128.781475
128.824725
128.832475
128.85335
129.020525
129.064475
129.135825
129.19105
129.24805
129.280475
129.377
129.410625
129.4249
129.451725
129.488425
129.5518
129.563325
129.702875
129.761975
129.851675
129.9833
130.039575
130.08845
130.1168
130.262575
130.3076
130.341475
130.41845
130.484175
130.632275
130.6985
130.734675
130.892425
130.9104
130.933575
130.981675
131.089475
131.14965
131.184175
131.2972
131.3593
131.4252
131.481025
131.6125
131.638925
131.7592
131.86505
131.967175
132.02675
132.12955
132.16535
132.22785
132.250225
132.3054
132.45245
132.525375
132.6128
132.6427
132.716975
132.82365
132.88015
132.90625
132.994775
133.09455
133.224775
133.298325
133.3287
133.394475
133.4456
133.60055
133.676775
133.844825
133.9253
134.03165
134.147025
134.1983
134.27045
134.319025
134.425475
134.4767
134.542425
134.632925
134.732075
134.765325
134.843875
134.89645
135.00525
135.04685
135.090175
135.171125
135.3081
135.3816
135.447925
135.5152
135.626075
135.659575
135.700775
135.78935
135.863825
135.9447
136.105525
136.313675
136.4082
136.452325
136.501825
136.62025
136.64515
136.6799
136.7276
136.768225
136.85715
136.880775
136.942325
137.028425
137.05745
137.1015
137.177025
137.2034
137.316475
137.40095
137.572725
137.77545
137.8254
137.846375
137.91565
137.930375
137.96385
138.0111
138.0854
138.087225
138.13225
138.18525
138.279625
138.324725
138.424625
138.49825
138.593975
138.63305
138.686675
138.7501
138.854925
138.935375
138.953225
139.088525
139.188625
139.323175
139.40945
139.5606
139.66255
139.68125
139.715425
139.738175
139.7472
139.910775
139.9842
140.07455
140.132825
140.259275
140.38595
140.439
140.4702
140.5042
140.642475
140.691825
140.93405
140.990675
141.03675
141.041025
141.11215
141.205025
141.36115
141.403975
141.4217
141.47695
141.596825
141.654875
141.699975
141.812325
141.8868
142.160075
142.33
142.363425
142.543275
142.555075
142.612775
142.64835
142.73555
142.812425
142.886025
142.945625
143.005
143.16495
143.305675
143.3809
143.44465
143.510125
143.592575
143.66585
143.77355
143.829775
143.864275
143.93835
144.0325
144.120025
144.144975
144.22245
144.276275
144.31375
144.37695
144.445575
144.497825
144.591275
144.6918
144.702825
144.75195
144.80175
144.835425
144.868
144.943
145.0076
145.080375
145.156325
145.221975
145.2617
145.35505
145.369475
145.4812
145.496375
145.6234
145.644125
145.699375
145.765025
145.8126
145.91205
146.008575
146.117225
146.196075
146.26875
146.3533
146.4508
146.49575
146.6465
146.678525
146.7088
146.7923
146.957925
147.028825
147.131125
147.2048
147.519725
147.587725
147.65645
147.68095
147.7972
147.964175
148.089975
148.236325
148.322875
148.36585
148.49735
148.5967
148.693025
148.819225
148.952425
149.00285
149.12425
149.211775
149.367175
149.452675
149.5453
149.59075
149.730525
149.7717
149.83645
149.857025
150.031075
150.048275
150.09985
150.17395
150.265975
150.421675
150.509575
150.5592
150.708525
150.814125
151.009225
151.056275
151.15425
151.4128
151.5696
151.67175
151.8127
151.8845
151.9199
152.108975
152.2711
152.35205
152.4556
152.51625
152.558725
152.62345
152.7216
152.801275
152.811725
152.912575
153.04385
153.149425
153.20235
153.22885
153.258975
153.51355
153.628425
153.683175
153.93355
153.987425
154.03835
154.148025
154.2774
154.33525
154.404575
154.47675
154.514225
154.6607
154.70615
154.735425
154.826425
154.843775
154.916075
154.9821
155.004875
155.085425
155.153975
155.21485
155.29655
155.37665
155.510725
155.535825
155.557475
155.604075
155.705575
155.724875
155.789625
155.887625
155.99885
156.055675
156.078625
156.186725
156.347975
156.34895
156.3674
156.4394
156.517025
156.58
156.598925
156.670325
156.7749
156.8441
156.9095
156.99975
157.04715
157.068125
157.12225
157.18245
157.2269
157.3853
157.465075
157.5285
157.63975
157.6595
157.712025
157.7708
157.798025
157.81195
157.9
157.986975
158.018375
158.0224
158.054425
158.113475
158.270075
158.297125
158.38395
158.4579
158.57395
158.595575
158.63525
158.691275
158.77785
158.7907
158.859875
159.08665
159.113025
159.2176
159.4562
159.47615
159.501575
159.5609
159.58645
159.618475
159.6867
159.717275
159.812825
159.857575
159.91875
159.990025
160.338975
160.385475
160.446525
160.507
160.5406
160.849575
160.9029
160.9881
161.0091
161.122475
161.1912
161.4311
161.4997
161.602775
161.6778
161.86605
162.100575
162.13655
162.23265
162.35425
162.4043
162.489075
162.538675
162.59895
162.67515
162.7525
162.893225
162.920225
162.9387
162.9999
163.0999
163.11145
163.189825
163.29075
163.305925
163.36655
163.44705
163.509375
163.5633
163.6839
163.76585
163.8549
163.972625
164.023025
164.186325
164.220675
164.34015
164.421625
164.503025
164.53265
164.6098
164.688725
164.8114
164.926225
164.95645
165.039325
165.224125
165.275425
165.317825
165.365225
165.46565
165.5163
165.5829
165.640425
165.694375
165.82335
165.9061
165.944425
166.051275
166.156375
166.22355
166.271725
166.38545
166.4532
166.51195
166.604375
166.6546
166.70575
166.745025
166.8084
166.9421
167.02335
167.0695
167.10135
167.1748
167.24405
167.343725
167.39705
167.43105
167.52205
167.586875
167.653725
167.697275
167.770475
167.863175
167.945025
168.01045
168.067775
168.0955
168.1539
168.210325
168.30965
168.5124
168.603775
168.734775
168.75505
168.8671
168.944575
168.985925
169.1434
169.231625
169.3207
169.370925
169.473725
169.497925
169.619275
169.74445
169.827775
169.924825
169.97195
170.222925
170.320925
170.40225
170.42235
170.461325
170.6648
170.727325
170.78875
170.887675
170.961475
171.007175
171.055775
171.0694
171.117475
171.193775
171.24455
171.2661
171.310825
171.397925
171.51185
171.625325
171.666
171.68335
171.793325
171.854975
171.8831
171.9439
171.964825
172.1945
172.288
172.35245
172.45715
172.55495
172.644325
172.68295
172.739575
172.777975
172.8423
172.91045
172.93115
172.961475
173.038275
173.063625
173.121275
173.1663
173.20095
173.249
173.2721
173.3457
173.4132
173.427325
173.538975
173.574975
173.589075
173.70705
173.752975
173.8849
173.924775
173.966275
174.043425
174.133125
174.177525
174.1963
174.2345
174.26155
174.297925
174.415
174.4689
174.630325
174.658675
174.67625
174.692
174.76615
174.7707
174.851725
174.885675
174.93025
175.044825
175.091425
175.112725
175.124175
175.15285
175.220075
175.236825
175.3163
175.53065
175.610825
175.631425
175.70095
175.784625
175.92055
176.0271
176.0966
176.159925
176.324225
176.432475
176.7677
176.869375
176.919275
177.028325
177.085925
177.1806
177.2919
177.3775
177.49595
177.52835
177.740225
177.837375
177.935975
177.98075
178.08105
178.260025
178.37835
178.52085
178.67895
178.807075
178.93045
179.08565
179.16115
179.228625
179.43025
179.573875
179.61365
179.6681
179.745425
179.8861
180.050875
180.119475
180.183
180.2064
180.22015
180.23815
180.258425
180.351625
180.394525
180.47635
180.55385
180.653175
180.709025
180.755525
180.8199
180.83055
180.834
180.84085
180.886175
180.909525
180.94515
180.987675
181.008575
181.088525
181.11495
181.213325
181.2576
181.316875
181.325875
181.341825
181.453875
181.4881
181.577175
181.660875
181.81105
181.9641
182.033675
182.098475
182.251375
182.31445
182.351325
182.509875
182.569
182.816825
182.841425
182.8583
182.9438
183.0431
183.196675
183.231525
183.3183
183.4105
183.4624
183.48095
183.584775
183.691575
183.699075
183.776875
183.79165
183.8268
183.843975
183.921325
184.012975
184.1207
184.150225
184.16045
184.27485
184.356925
184.404625
184.466025
184.5548
184.582425
184.654625
184.74085
184.772425
184.8759
184.942525
185.017175
185.08995
185.159425
185.218375
185.273175
185.412225
185.517025
185.570375
185.628825
185.66585
185.81155
185.84325
185.8863
185.981275
186.051525
186.158725
186.2106
186.24115
186.268925
186.366975
186.3956
186.50985
186.5742
186.65515
186.74325
186.891775
186.957075
187.137725
187.200225
187.2751
187.33185
187.443025
187.588175
187.629025
187.6948
187.77305
187.87525
187.92155
188.093625
188.17705
188.2896
188.421375
188.5009
188.579325
188.659925
188.731875
188.8527
188.85945
188.8799
188.9183
188.97085
189.0476
189.10425
189.153875
189.2284
189.266175
189.346125
189.352875
189.402825
189.497775
189.577225
189.622775
189.677125
189.71
189.780425
189.87895
190.0126
190.178
190.29395
190.3321
190.486725
190.560725
190.752575
190.8174
190.92185
190.959975
191.058
191.1458
191.26725
191.40055
191.494875
191.53715
191.632625
191.7125
191.7929
191.841175
191.900675
191.9775
192.035375
192.0982
192.21035
192.2748
192.311325
192.38915
192.474325
192.5443
192.6352
192.747375
192.808975
192.8863
192.8924
192.9657
193.0349
193.10805
193.1917
193.2631
193.279675
193.33495
193.37115
193.500325
193.620475
193.675775
193.720875
193.75225
193.811225
193.84775
193.973775
194.04415
194.099575
194.1303
194.174475
194.212925
194.3528
194.392175
194.5556
194.6138
194.702075
194.7397
194.7973
195.127
195.1542
195.2207
195.261325
195.35005
195.4028
195.4602
195.46625
195.53175
195.536975
195.7181
195.78665
195.82585
195.9424
195.9812
196.0476
196.199825
196.3008
196.332675
196.393775
196.42015
196.5287
196.590375
196.671225
196.7543
196.795825
196.825925
196.934475
196.992075
197.174425
197.2948
197.417875
197.516575
197.590075
197.645975
197.7047
197.840125
197.922625
197.929525
198.02385
198.110175
198.2089
198.32115
198.4134
198.54045
198.5867
198.598175
198.662625
198.7075
198.75725
198.8521
198.94175
199.02745
199.134475
199.335425
199.406025
199.47885
199.542775
199.63845
199.839375
199.8898
199.9224
199.96475
200.028425
200.142475
200.178775
200.330625
200.449825
200.529875
200.618825
200.93335
200.941375
200.9618
201.0442
201.105525
201.278875
201.415275
201.748125
201.7915
202.03645
202.102925
202.318525
202.437225
202.710875
202.767725
202.82425
202.866
202.976775
203.04575
203.1714
203.226675
203.25585
203.346975
203.5185
203.561425
203.641925
203.73395
203.88895
203.96955
204.017175
204.070875
204.197925
204.25595
204.347575
204.479625
204.72755
204.775825
204.870775
204.901825
205.1661
205.232325
205.266725
205.3471
205.444625
205.548175
205.627025
205.6612
205.7095
205.746425
205.810975
205.861825
205.872425
205.88345
205.9813
206.045
206.114825
206.1557
206.208025
206.2542
206.330825
206.3969
206.443675
206.4737
206.49175
206.554525
206.654775
206.675025
206.7198
206.805275
206.858975
206.8675
206.9389
206.984475
206.991125
207.07245
207.104225
207.273875
207.366775
207.451225
207.498325
207.6364
207.7212
207.7525
207.8283
207.920725
208.068625
208.142675
208.167425
208.36755
208.3881
208.44735
208.541725
208.601525
208.72925
208.78095
208.897575
208.929075
208.98655
209.0638
209.12215
209.1498
209.260025
209.281925
209.420175
209.4727
209.541025
209.763625
209.7882
209.869175
209.905425
209.989075
210.09695
210.223925
210.3012
210.524425
210.55755
210.619825
210.7288
210.885675
210.9677
211.112725
211.163125
211.195875
211.23485
211.34145
211.36755
211.407925
211.536475
211.60745
211.714225
211.76355
211.979475
212.0767
212.265475
212.298425
212.405625
212.45725
212.546875
212.578675
212.59025
212.619325
212.680875
212.741975
212.801875
212.8403
212.9007
212.931125
212.962525
213.033725
213.1687
213.197525
213.228125
213.328575
213.427475
213.542875
213.5922
213.6467
213.71695
213.91505
213.981625
214.029575
214.073675
214.18015
214.23605
214.290675
214.4116
214.52495
214.610825
214.691275
214.795475
214.8035
214.814425
214.823975
214.89665
215.0292
215.077725
215.12345
215.1538
215.24815
215.286125
215.30525
215.325175
215.35545
215.4725
215.54835
215.626575
215.6904
215.797425
216.022275
216.10605
216.12375
216.197375
216.34595
216.37285
216.451725
216.5923
216.632875
216.809575
216.8699
217.2255
217.294175
217.329825
217.419775
217.5201
217.613875
217.6644
217.7477
217.8584
217.976975
218.085375
218.10495
218.1185
218.14805
218.1856
218.4802
218.5337
218.611725
218.6552
218.7075
218.7329
219.051025
219.155825
219.274675
219.368275
219.45465
219.492225
219.5316
219.56915
219.591275
219.6839
219.884675
219.891225
219.895425
219.959275
220.030725
220.103425
220.22465
220.28035
220.322375
220.421825
220.58545
220.82815
220.9359
221.0576
221.13735
221.1696
221.23115
221.3281
221.40135
221.485
221.570875
221.726275
221.827375
221.894925
222.08955
222.259175
222.33765
222.3869
222.4765
222.65875
222.76245
222.84045
222.984225
223.234725
223.25235
223.283825
223.37495
223.477075
223.5632
223.668975
223.7492
223.83525
223.9924
224.0677
224.191025
224.25335
224.316725
224.34255
224.39515
224.444175
224.593025
224.683975
224.740225
224.790175
225.13055
225.182925
225.268775
225.321275
225.445475
225.527225
225.79895
225.83825
225.890875
225.9585
226.08635
226.16595
226.30795
226.47845
226.528275
226.574575
226.7021
226.756175
226.7971
226.91925
226.9667
226.98455
227.035625
227.076025
227.23995
227.303375
227.3737
227.418825
227.45465
227.57995
227.6872
227.78055
227.8982
228.050875
228.138775
228.20045
228.2609
228.2919
228.3364
228.36195
228.37205
228.49505
228.543775
228.61325
228.695675
228.7302
228.841925
228.91935
228.9677
229.0672
229.164275
229.23965
229.30895
229.35395
229.437925
229.466275
229.800675
229.834675
229.88465
229.965725
230.04325
230.1314
230.202375
230.271825
230.3567
230.4552
230.48875
230.5494
230.7274
230.78005
230.8689
230.94405
230.97605
231.04985
231.071825
231.360975
231.513025
231.529925
231.603025
231.650075
231.705875
231.850925
231.95575
232.036225
232.0992
232.193625
232.206325
232.239025
232.30425
232.32485
232.34185
232.413925
232.461175
232.546375
232.690375
232.771025
232.849225
232.8783
233.01745
233.115675
233.1728
233.239725
233.3096
233.399075
233.495875
233.690675
233.73955
233.794675
233.8732
233.9511
234.0536
234.150275
234.219425
234.31545
234.364975
234.481925
234.542975
234.581525
234.642475
234.6887
234.74555
234.8066
234.888675
234.986675
235.01345
235.212
235.30555
235.394775
235.438925
235.563475
235.6065
235.62075
235.731475
235.813575
235.861225
235.89065
236.134575
236.178725
236.21515
236.261425
236.3564
236.454025
236.518825
236.5863
236.6172
236.6297
236.6401
236.906925
236.941475
236.992625
237.013025
237.04615
237.080525
237.13495
237.3729
237.435725
237.539375
237.6101
237.903325
238.031675
238.16825
238.2234
238.300375
238.3162
238.395675
238.510475
238.5603
238.56815
238.64075
238.7594
238.789275
238.85425
238.908375
238.944725
239.0218
239.0882
239.112275
239.224175
239.272825
239.31085
239.34905
239.402225
239.415925
239.49265
239.500075
239.530475
239.589475
239.656925
239.6965
239.7766
239.84555
239.97735
240.077125
240.3974
240.533875
240.592025
240.668125
240.84765
240.947675
241.1082
241.18185
241.30165
241.3673
241.38585
241.5223
241.55315
241.68735
241.763675
241.8019
241.842775
241.902325
242.0063
242.0551
242.133475
242.30435
242.5694
242.654775
242.7113
242.7583
242.791175
242.872325
243.005825
243.1509
243.251375
243.312975
243.418725
243.48985
243.586475
243.6607
243.773
243.847225
243.9768
244.0364
244.0671
244.103
244.13935
244.222425
244.295025
244.34245
244.410775
244.420225
244.427
244.570625
244.627825
244.72965
244.810325
245.058825
245.076475
245.13555
245.15685
245.196875
245.32275
245.372375
245.40075
245.447125
245.52925
245.5878
245.692275
245.716325
245.76575
245.858675
245.88445
245.898325
246.00975
246.02885
246.13105
246.177575
246.241325
246.26195
246.311025
246.353775
246.360675
246.377225
246.43935
246.4689
246.56275
246.609575
246.664275
246.802475
246.8711
246.9684
247.0792
247.189975
247.26315
247.50755
247.5606
247.627075
247.707875
247.838325
247.94155
248.00925
248.04445
248.164625
248.200475
248.234975
248.254225
248.351875
248.438625
248.53585
248.6853
249.024625
249.0761
249.0919
249.1973
249.214325
249.306675
249.33625
249.412975
249.476625
249.51355
249.539975
249.579375
249.6657
249.763625
249.831175
249.859025
249.9616
250.1205
250.1993
250.247625
250.319325
250.416375
250.466825
250.56605
250.662575
250.709175
250.8148
250.908525
250.997975
251.089225
251.17655
251.22915
251.2733
251.428575
251.514625
251.60835
251.7171
251.803925
251.91605
251.99715
252.06105
252.391125
252.4242
252.436575
252.524875
252.742825
252.773225
252.798075
252.845125
252.885775
253.154625
253.20635
253.21395
253.27295
253.3366
253.4346
253.531675
253.61985
253.7204
253.796775
253.888925
253.9823
254.022225
254.0939
254.242375
254.324775
254.39835
254.42695
254.462075
254.5515
254.63725
254.6662
254.69795
254.911025
254.995825
255.067875
255.080675
255.08695
255.115475
255.173475
255.3649
255.443475
255.498875
255.52575
255.556825
255.654675
255.666125
255.73765
255.80945
255.935075
255.984725
256.03295
256.1355
256.258625
256.35725
256.526475
256.559425
256.657625
256.816075
256.936425
256.98085
257.057475
257.173825
257.296775
257.49685
257.586775
257.65235
257.758475
258.002575
258.053225
258.108325
258.1499
258.176475
258.224075
258.27225
258.3283
258.3446
258.345175
258.38495
258.398225
258.398825
258.48215
258.5461
258.60755
258.627225
258.7048
258.8071
258.8558
258.873625
258.908325
259.012675
259.0452
259.0966
259.1245
259.1938
259.25815
259.3175
259.3668
259.48705
259.59335
259.661525
259.746425
259.7771
259.806175
259.888425
259.9377
259.990875
260.072275
260.2192
260.347
260.55975
260.625325
260.715375
260.788825
261.02795
261.126825
261.1844
261.2827
261.38025
261.46095
261.5708
261.622175
261.667775
261.7805
261.84205
261.9101
261.93885
262.0017
262.0402
262.06675
262.184225
262.2583
262.324075
262.39025
262.432425
262.4749
262.52485
262.64815
262.759125
262.87235
262.96515
263.16115
263.309525
263.3941
263.478175
263.55325
263.603775
263.703725
263.753975
263.925075
264.032125
264.1963
264.247575
264.390175
264.4559
264.54135
264.652725
264.743175
264.74855
264.798475
264.86705
264.92845
264.9486
265.0571
265.116975
265.143325
265.154125
265.2199
265.25045
265.360875
265.450825
265.532125
265.592
265.66255
265.90165
265.95225
266.005675
266.061075
266.111125
266.1297
266.2088
266.28125
266.354475
266.46855
266.537125
266.603525
266.7192
266.80865
266.887125
266.990875
267.097025
267.174175
267.324975
267.5797
267.6549
267.702025
267.7694
267.8846
268.00995
268.0876
268.171875
268.217425
268.2893
268.314875
268.345775
268.37595
268.4934
268.577075
268.626125
268.802425
268.9042
268.967125
269.062375
269.182575
269.313875
269.38005
269.4214
269.512125
269.603875
269.686225
269.7197
269.796575
269.89275
270.168975
270.17865
270.238575
270.280875
270.306075
270.367275
270.49
270.52555
270.584525
270.6164
270.641775
270.7366
270.743525
270.765475
270.809775
270.8164
270.9106
270.95455
271.0045
271.01135
271.108325
271.175875
271.187125
271.2459
271.25255
271.3304
271.358475
271.440925
271.450875
271.6438
271.6917
271.714975
271.77965
271.880775
271.97685
271.996025
272.064475
272.10545
272.365025
272.384725
272.467525
272.558825
272.78245
272.838825
272.921975
272.9278
273.0045
273.081225
273.1437
273.2532
273.369675
273.409375
273.4973
273.545325
273.589275
273.676725
273.74975
273.920575
274.007075
274.05685
274.15135
274.1961
274.239725
274.3402
274.511475
274.5697
274.597725
274.6126
274.6443
274.7133
274.817775
274.84855
274.939625
275.011775
275.129075
275.21035
275.3107
275.398625
275.415125
275.481275
275.5663
275.62685
275.6726
275.75885
275.810825
275.92475
275.9621
275.982425
276.068
276.088075
276.150025
276.16635
276.3175
276.341725
276.43945
276.60445
276.619025
276.718325
276.78345
276.814175
276.836175
276.997075
277.0823
277.13335
277.1956
277.26785
277.450825
277.625225
277.71545
277.770575
277.8364
278.02615
278.08015
278.2081
278.3315
278.349125
278.419025
278.564825
278.643075
278.701925
278.75985
278.7886
278.84515
278.889725
278.95895
278.987875
279.08315
279.092475
279.096
279.099175
279.10525
279.14915
279.2148
279.28535
279.361675
279.42635
279.4975
279.5489
279.57855
279.66215
279.7609
279.824325
279.89345
279.93195
279.96945
280.079675
280.175475
280.43075
280.501675
280.6046
280.7198
280.826
280.887625
280.936225
281.06805
281.230725
281.29905
281.3503
281.4659
281.527175
281.5422
281.622275
281.756975
281.8409
281.9084
282.04735
282.136825
282.211225
282.302025
282.3774
282.432775
282.48365
282.566525
282.657375
282.767925
282.8809
282.964775
283.01325
283.1555
283.18965
283.275825
283.37385
283.425175
283.49515
283.653225
283.758675
283.817775
283.94985
284.03605
284.086025
284.126425
284.1675
284.263625
284.31315
284.3844
284.47125
284.5598
284.680925
284.78625
284.863675
284.913875
284.963125
285.11155
285.217075
285.3041
285.341725
285.4104
285.528625
285.682725
285.7822
285.832225
285.88245
285.9528
286.01085
286.06775
286.0881
286.10395
286.18375
286.258
286.350825
286.42135
286.437075
286.7209
286.780775
286.813475
287.0361
287.101925
287.197075
287.2832
287.5717
287.601275
287.72345
287.794825
287.91065
288.043425
288.172
288.23535
288.268625
288.351075
288.427
288.494825
288.565025
288.700025
288.786825
288.8871
288.97185
289.071575
289.2135
289.325375
289.390425
289.4976
289.5574
289.73025
289.801925
289.905975
289.9887
290.05525
290.12925
290.24715
290.293225
290.338175
290.5582
290.590925
290.641375
290.6928
290.768375
290.881375
290.912725
290.9645
291.12885
291.272925
291.391675
291.499575
291.61725
291.67555
291.743825
291.870925
291.976725
292.03575
292.165575
292.177275
292.21535
292.430925
292.541425
292.5953
292.776025
292.85595
292.91395
293.0114
293.044575
293.0717
293.12755
293.242875
293.286275
293.318725
293.3435
293.39375
293.404025
293.461225
293.559
293.605175
293.71255
293.76155
293.81265
293.885675
293.969875
294.056
294.09215
294.139375
294.317325
294.4199
294.520825
294.64585
294.703325
294.733725
294.844
294.877025
294.919325
294.948575
295.0648
295.138325
295.2537
295.32195
295.3805
295.458
295.592175
295.620025
295.678125
295.73085
295.838875
295.9383
295.9669
296.0414
296.161
296.260475
296.37335
296.4109
296.53845
296.6011
296.771225
296.813
296.844275
296.931625
297.040425
297.131325
297.329025
297.380375
297.41275
297.498475
297.535575
297.587075
297.66405
297.77905
297.869075
297.95245
297.982025
298.079375
298.13045
298.269575
298.29315
298.412525
298.474125
298.55945
298.684125
298.81855
298.954025
299.00885
299.1844
299.363725
299.477675
299.75925
299.91555
300.1478
300.231675
300.286725
300.398325
300.479325
300.5802
300.618475
300.71135
300.794825
300.862575
300.95275
301.13985
301.1751
301.26455
301.2968
301.361175
301.4266
301.482125
301.5599
301.728075
301.7539
301.76995
301.7868
301.862
301.943125
302.017625
302.056975
302.1197
302.181625
302.23475
302.33255
302.456125
302.541825
302.662775
302.742
302.801375
302.853425
302.86315
302.9046
302.957075
303.068475
303.132475
303.1603
303.237375
303.2838
303.301725
303.36845
303.398
303.4412
303.517825
303.553575
303.655725
303.7098
303.74085
303.879825
303.940425
304.02095
304.169125
304.30845
304.453925
304.5344
304.573225
304.6017
304.631325
304.709675
304.746725
304.823
304.891525
305.03145
305.076425
305.1596
305.206175
305.25155
305.327075
305.402825
305.51595
305.549
305.549875
305.6257
305.8028
305.8878
305.93245
306.00255
306.12775
306.174825
306.26485
306.341125
306.43375
306.470675
306.5784
306.618425
306.698225
306.8291
306.920225
307.110275
307.138225
307.1962
307.319675
307.449425
307.4689
307.551525
307.7374
307.836675
307.920025
307.981475
308.066075
308.120775
308.16585
308.199025
308.268075
308.327125
308.423825
308.540675
308.633975
308.68315
308.733275
308.893625
308.960975
309.12585
309.1844
309.2262
309.32885
309.438275
309.4767
309.62545
309.687825
309.7545
309.830225
309.88915
310.056925
310.18195
310.25555
310.3249
310.38935
310.44035
310.490525
310.53895
310.5871
310.650925
310.727325
310.75745
310.82195
310.905775
311.022
311.097525
311.20915
311.2536
311.324275
311.43045
311.52525
311.59665
311.743025
311.8189
311.922375
312.04885
312.172225
312.189875
312.26515
312.538825
312.636975
312.721475
312.756425
312.80815
312.90185
312.93695
313.020925
313.203275
313.30635
313.424
313.53295
313.642175
313.766525
313.8747
313.913675
313.997475
314.072425
314.177875
314.287325
314.4408
314.746025
314.802125
314.880775
314.9992
315.18075
315.20645
315.273225
315.38905
315.4682
315.55625
315.598325
315.694375
315.75945
315.786125
315.945475
316.082925
316.201175
316.2288
316.33435
316.3961
316.455675
316.535
316.6082
316.78225
316.8096
316.872725
317.003325
317.071475
317.12895
317.1319
317.16555
317.2283
317.24865
317.30695
317.3214
317.343975
317.377875
317.5235
317.554
317.624325
317.646775
317.658325
317.791
317.92645
317.99595
318.0312
318.1237
318.163975
318.259875
318.281325
318.287075
318.37795
318.476625
318.586725
318.6089
318.66805
318.7059
318.765525
318.847425
318.89385
318.993525
319.01905
319.112075
319.17475
319.2447
319.3272
319.352325
319.3767
319.4214
319.490525
319.552675
319.63945
319.77925
319.87095
319.959475
320.007675
320.167475
320.20295
320.301725
320.326975
320.487375
320.52805
320.5753
320.620325
320.7114
320.8085
320.910775
321.029525
321.05215
321.069825
321.0969
321.20035
321.346825
321.477375
321.5552
321.665675
321.75395
321.768075
322.073025
322.118375
322.2584
322.4184
322.523575
322.582425
322.6966
322.84445
322.9337
323.021775
323.098925
323.223575
323.269875
323.4487
323.5525
323.686875
323.81035
323.9317
324.108725
324.20105
324.321
324.441425
324.5361
324.603075
324.725525
325.079075
325.17305
325.255375
325.413775
325.567475
325.696725
325.756675
325.92355
325.9882
326.08565
326.1452
326.17805
326.192675
326.278025
326.361075
326.413575
326.4869
326.5273
326.598925
326.63115
326.676475
326.781
326.794325
326.863375
326.95695
327.0045
327.053325
327.085225
327.146675
327.199225
327.257975
327.34305
327.366225
327.589225
327.658
327.7461
327.83865
327.908825
327.962675
328.02175
328.074475
328.1638
328.254575
328.4097
328.457725
328.474975
328.603175
328.680225
328.783975
328.907475
329.0119
329.073725
329.219475
329.308075
329.348475
329.373925
329.407
329.516675
329.6149
329.751575
329.78075
329.80505
329.8684
329.898975
329.93695
329.9471
329.981975
330.041825
330.180475
330.21825
330.276975
330.384425
330.59465
330.66135
330.8149
330.857575
330.877825
330.89995
330.947725
331.005
331.100175
331.23195
331.285575
331.569225
331.60035
331.715975
331.75575
331.79405
331.917275
332.0111
332.11535
332.165575
332.2314
332.51235
332.560275
332.68545
332.86795
332.953475
333.01875
333.2031
333.268375
333.31275
333.407775
333.5737
333.63655
333.7083
333.7509
333.85665
333.985125
334.12895
334.16885
334.222975
334.342625
334.430475
334.587375
334.614425
334.73515
335.1253
335.199625
335.42065
335.536225
335.604725
335.7033
335.79305
335.869325
335.9514
336.086925
336.20385
336.30425
336.3334
336.43955
336.472275
336.52685
336.62615
336.6484
336.6608
336.67895
336.70935
336.77115
336.823925
336.840275
336.92325
337.036475
337.116175
337.16705
337.254225
337.404075
337.483225
337.585775
337.6435
337.8872
337.933675
338.064225
338.1267
338.2434
338.311525
338.3497
338.436275
338.468575
338.536625
338.674075
338.7639
338.9038
338.947975
338.990325
339.0891
339.172925
339.2349
339.36355
339.501275
339.552475
339.659275
339.686475
339.711675
339.921325
339.962225
339.985175
340.189975
340.247475
340.358075
340.42165
340.575025
340.69325
340.724875
340.7748
340.7828
340.835175
340.962725
341.04455
341.116525
341.2398
341.34285
341.456
341.5102
341.58385
341.678925
341.744025
341.7931
341.914625
341.98215
342.0084
342.066775
342.163925
342.273625
342.321525
342.3894
342.39085
342.4337
342.45675
342.50465
342.587
342.670925
342.75755
342.796625
342.847775
342.909625
343.009375
343.0674
343.173525
343.194275
343.242725
343.264475
343.381925
343.44595
343.47535
343.55035
343.605275
343.66705
343.755075
343.8114
343.823325
343.831925
343.86945
343.87815
343.92255
344.036775
344.107225
344.140425
344.2408
344.36045
344.377775
344.43865
344.460575
344.670675
344.694525
344.765925
344.791125
344.832925
344.986275
345.01285
345.250425
345.3357
345.479975
345.5445
345.78135
345.891925
345.984875
346.037675
346.079525
346.173975
346.305225
346.3942
346.4942
346.54065
346.591175
346.7044
346.788025
346.867725
346.9412
347.01075
347.229075
347.351625
347.407725
347.5485
347.80305
348.175575
348.303325
348.382875
348.498225
348.52655
348.709425
348.819275
348.872975
349.03405
349.12865
349.23275
349.280025
349.350475
349.359225
349.484
349.639825
349.645875
349.6493
349.708375
349.7763
349.845475
349.85875
349.876575
349.9709
350.014275
350.11545
350.174875
350.311075
350.4327
350.5306
350.631825
350.683975
350.7526
350.845225
350.927225
350.967925
351.088225
351.1629
351.240625
351.3067
351.55965
351.615975
351.775625
351.835875
351.88025
351.92635
351.993975
352.142575
352.204225
352.2472
352.40775
352.47975
352.64235
352.656025
352.67965
352.7382
352.841775
352.889
353.00065
353.116425
353.22085
353.2988
353.3769
353.455325
353.518375
353.610025
353.763575
353.773425
353.785525
353.823275
353.889725
354.057
354.11115
354.154025
354.280025
354.343125
354.419075
354.466575
354.636125
354.766575
354.847375
354.983925
355.261
355.301725
355.399
355.483075
355.557175
355.662075
355.712125
355.791825
355.8821
355.968725
356.0493
356.101675
356.229425
356.313275
356.4555
356.534875
356.57265
356.584475
356.620925
356.892575
356.94385
356.9728
357.044175
357.1992
357.341325
357.39005
357.6921
357.753325
357.804025
357.911075
358.039375
358.094225
358.1696
358.256275
358.346775
358.502875
358.6101
358.7401
358.8098
358.90695
358.989225
359.101425
359.289175
359.426
359.511075
359.623475
359.691575
359.740075
359.823725
359.882925
360.070525
360.135575
360.19505
360.2397
360.284175
360.2884
360.51265
360.551325
360.60175
360.670075
360.691075
360.81395
360.920025
360.95215
360.98115
361.081475
361.14495
361.25465
361.37105
361.41455
361.584875
361.6469
361.684175
361.7153
361.87285
361.893975
361.930125
362.001225
362.005925
362.1429
362.223925
362.2484
362.30065
362.3233
362.364375
362.437825
362.448575
362.505375
362.528975
362.54515
362.57365
362.69315
362.73735
362.7485
362.835975
362.880025
363.03185
363.066125
363.146775
363.224175
363.250675
363.35315
363.4201
363.445
363.547425
363.5819
363.62965
363.700625
363.76215
363.81375
363.879375
364.17755
364.244525
364.306675
364.4952
364.7929
364.83365
364.86335
364.956525
365.1682
365.2057
365.323225
365.466425
365.527075
365.585125
365.684825
365.741575
365.7753
365.88085
365.928775
366.053375
366.1664
366.28225
366.3619
366.3872
366.4774
366.52215
366.534925
366.587025
366.6598
366.73275
366.7793
366.96885
367.004475
367.07495
367.1912
367.229125
367.3671
367.4754
367.62495
367.69415
367.765875
367.82565
368.0594
368.092725
368.189825
368.4474
368.602225
368.68075
368.751725
368.93825
369.03585
369.408225
369.44695
369.4672
369.66885
369.706125
369.813675
369.874875
369.909875
369.927075
370.013125
370.0859
370.142325
370.269275
370.35295
370.417425
370.4797
370.6393
370.75235
370.80565
370.866375
370.93865
371.00825
371.038
371.147675
371.2423
371.27305
371.32945
371.392425
371.623425
371.78255
371.95625
372.0145
372.121475
372.37005
372.391025
372.468175
372.563875
372.609175
372.76015
372.8645
372.907325
372.91735
372.991825
373.095775
373.204175
373.3214
373.385325
373.4771
373.562075
373.648075
373.761375
373.860275
373.933925
374.134425
374.147275
374.172
374.26085
374.31475
374.40215
374.455775
374.506125
374.512975
374.5356
374.569275
374.675275
374.749025
374.8066
374.841
374.899275
374.9564
374.960125
375.0927
375.130475
375.221375
375.251975
375.345625
375.374425
375.485125
375.60105
375.687825
375.74415
375.781075
375.815875
375.84345
375.870725
375.9911
376.02205
376.034775
376.2277
376.239675
376.288525
376.3241
376.365525
376.490275
376.541725
376.6196
376.69895
376.759225
376.87955
376.9307
377.044925
377.071075
377.109275
377.208025
377.217925
377.24105
377.35805
377.45825
377.5634
377.7721
377.8144
378.1565
378.170975
378.2681
378.32485
378.5213
378.586675
378.633425
378.643525
378.65485
378.782725
378.841325
378.939575
379.014525
379.0411
379.1589
379.34275
379.43215
379.4872
379.608025
379.71315
379.7586
379.8512
379.92915
380.025075
380.1441
380.176125
380.2992
380.3668
380.404525
380.45995
380.5129
380.597525
380.7021
380.72875
380.86405
381.00415
381.096075
381.1922
381.3586
381.50455
381.76645
381.8484
381.864575
382.013975
382.034275
382.042825
382.082575
382.204425
382.2382
382.3391
382.39655
382.464975
382.524725
382.600625
382.69395
382.758425
382.872575
382.945025
383.012575
383.079325
383.1584
383.26025
383.383925
383.479725
383.579825
383.663275
383.69335
383.771125
383.782775
383.786125
383.80975
383.879175
384.05655
384.14055
384.20575
384.282
384.362775
384.411625
384.50865
384.61625
384.644125
384.78695
384.82435
384.908175
384.9982
385.046325
385.140575
385.20465
385.27575
385.359875
385.636725
385.733775
385.761025
385.858575
385.92265
385.9812
386.13005
386.1778
386.30595
386.43555
386.492675
386.614525
386.770775
386.895775
386.9721
387.162075
387.272775
387.604775
387.689375
387.754825
387.8145
387.9248
387.96755
388.043025
388.064375
388.11855
388.229975
388.272375
388.287825
388.31885
388.38425
388.415675
388.447475
388.5082
388.549375
388.583625
388.613175
388.680725
388.712225
388.7937
388.88085
388.928775
389.0364
389.12435
389.19145
389.255475
389.303775
389.447675
389.464575
389.52585
389.5963
389.65975
389.71
389.761025
389.854
389.93825
390.041775
390.0808
390.156125
390.272125
390.307425
390.4067
390.4614
390.491275
390.555925
390.62305
390.739425
390.77785
390.848025
390.9843
391.0483
391.1235
391.1573
391.189625
391.380625
391.439475
391.490875
391.5207
391.5465
391.561
391.5755
391.6235
391.7532
391.83825
391.933425
392.143075
392.1985
392.291225
392.36675
392.455225
392.547225
392.6131
392.803825
392.824
393.0129
393.080775
393.306625
393.401175
393.537675
393.6748
393.8429
393.972525
394.017
394.0599
394.1958
394.2673
394.468475
394.488525
394.494225
394.5191
394.58715
394.8467
394.863225
394.9441
394.959675
394.9732
395.038375
395.106675
395.160725
395.26315
395.358875
395.5009
395.629975
395.709
395.774325
395.943975
396.04505
396.15965
396.255375
396.3445
396.406275
396.501925
396.534225
396.604275
396.678975
396.826775
396.910075
397.017175
397.113
397.395875
397.511
397.543825
397.5731
397.618825
397.643425
397.659975
397.778925
397.893325
397.933
397.941
398.010875
398.068775
398.17195
398.2662
398.3085
398.375275
398.478175
398.5221
398.58965
398.631125
398.7909
398.9113
398.9465
399.08185
399.1791
399.2729
399.441325
399.5012
399.5256
399.59945
399.729775
399.82965
399.90185
400.01585
400.0843
400.149025
400.1953
400.30785
400.455225
400.5334
400.6883
400.794875
400.87795
400.934725
401.014375
401.019775
401.109175
401.194125
401.282475
401.318075
401.35295
401.43035
401.527725
401.6949
401.762475
401.8051
401.82955
401.885475
401.910425
401.995075
402.09285
402.106775
402.141575
402.150925
402.307425
402.380325
402.393725
402.430125
402.4582
402.537125
402.555625
402.66075
402.69045
402.8183
402.85195
402.895475
402.94535
403.038875
403.122525
403.181425
403.214075
403.4246
403.4983
403.5539
403.605625
403.70705
403.784775
403.790575
403.805975
403.869075
403.9788
404.19205
404.284875
404.33185
404.362425
404.59295
404.68975
404.76725
404.827075
404.917925
405.045375
405.114825
405.166275
405.2242
405.28165
405.4673
405.478625
405.486525
405.51865
405.593225
405.700525
405.817125
405.863475
405.922475
405.9734
406.01455
406.089825
406.110225
406.159525
406.303225
406.32605
406.419875
406.512375
406.5557
406.594275
406.681525
406.782975
406.840475
406.871125
406.921375
407.0139
407.0661
407.15515
407.184325
407.357225
407.433375
407.50065
407.6133
407.744
407.801375
407.9055
407.98385
408.012225
408.190275
408.264675
408.315825
408.385775
408.4599
408.534825
408.563425
408.6444
408.75945
408.873375
408.9147
409.018625
409.078075
409.18135
409.234425
409.286575
409.399375
409.462975
409.5966
409.7103
409.79485
409.8925
409.955075
409.9912
410.101125
410.1364
410.21595
410.371925
410.456475
410.594625
410.6618
410.7449
410.764875
410.814525
410.89345
410.950425
411.02195
411.1388
411.233775
411.272075
411.329675
411.354425
411.408975
411.513975
411.570625
411.637575
411.691725
411.733825
411.827825
411.865075
411.948725
411.964375
412.088425
412.25785
412.35345
412.458925
412.5485
412.6191
412.6914
412.740175
412.844275
412.8574
412.89365
412.9778
413.060025
413.181975
413.244825
413.287325
413.50615
413.57175
413.63765
413.712
413.8334
413.9579
413.9804
414.00385
414.065775
414.16265
414.3149
414.347375
414.421475
414.490925
414.536775
414.62115
414.665625
414.720725
414.821125
414.9033
415.00075
415.143325
415.166675
415.21225
415.2749
415.3532
415.457
415.566825
415.626
415.662125
415.709475
415.8564
415.963025
416.01795
416.11145
416.19845
416.28205
416.3978
416.49395
416.6025
416.6279
416.739225
416.78915
416.930325
417.003425
417.050225
417.109375
417.227275
417.379325
417.673775
417.7096
417.855225
417.98415
418.130675
418.181575
418.27535
418.339275
418.406275
418.465925
418.595875
418.604875
418.659875
418.72385
418.753975
418.82185
418.84705
418.929975
419.0202
419.065875
419.181625
419.2535
419.377525
419.500125
419.551275
419.6119
419.791675
419.860775
419.962125
420.0266
420.0758
420.226325
420.2832
420.383525
420.463375
420.77825
420.817075
420.853175
420.942475
421.1273
421.238325
421.33275
421.4104
421.451825
421.631
421.766575
421.824625
421.91885
421.9944
422.0952
422.26735
422.2719
422.3704
422.400275
422.49935
422.60615
422.665875
422.69905
422.79735
422.867075
422.973375
423.042575
423.07025
423.197925
423.261975
423.3631
423.43995
423.558725
423.602325
423.68905
423.75275
423.784225
423.81265
423.894525
423.924425
423.964475
424.03235
424.051425
424.14505
424.174725
424.22025
424.34525
424.36385
424.423525
424.507525
424.63225
424.66895
424.7413
424.80405
424.868625
425.044075
425.069125
425.081825
425.12275
425.19985
425.34365
425.461275
425.532025
425.591
425.617375
425.633575
425.671225
425.686025
425.705675
425.74725
425.790125
425.8295
425.874325
425.9532
426.0526
426.165175
426.22905
426.243125
426.3185
426.326325
426.36935
426.43055
426.509725
426.522775
426.5392
426.550425
426.604
426.644525
426.714
426.80315
426.823
426.879525
426.931225
426.9554
427.172475
427.274175
427.4931
427.557475
427.607375
427.832775
427.988225
428.00685
428.060025
428.171575
428.268275
428.311925
428.5288
428.669375
428.717425
428.8199
428.856
428.929475
429.317975
429.37375
429.44535
429.5194
429.599425
429.724775
429.8714
430.01015
430.05495
430.1964
430.28415
430.3351
430.400725
430.4863
430.567825
430.6382
430.697175
430.760125
430.8944
430.969575
431.0666
431.084725
431.0985
431.169225
431.285825
431.445525
431.573725
431.6151
431.789625
431.875875
432.006725
432.179425
432.28295
432.301925
432.389225
432.466725
432.602
432.67035
432.7183
432.85115
433.115025
433.194475
433.256325
433.7033
433.767075
433.8145
433.82775
434.07375
434.1643
434.264575
434.33015
434.58
434.81865
434.887025
434.953075
435.056325
435.103225
435.129
435.1865
435.324
435.385825
435.526825
435.57095
435.629575
435.7095
435.77405
435.841675
435.892325
436.03825
436.118525
436.1524
436.2914
436.3296
436.395325
436.692425
436.7851
436.806175
436.83835
437.037275
437.117475
437.19325
437.20285
437.216625
437.338575
437.391475
437.43395
437.80135
437.875725
437.96985
438.201575
438.321325
438.653775
438.6881
438.786775
438.873975
438.95045
439.00095
439.08195
439.160075
439.289725
439.36975
439.436525
439.493475
439.52485
439.61755
439.70195
439.724225
439.75425
439.796975
439.9458
440.015
440.032275
440.073225
440.15075
440.1866
440.323725
440.377475
440.597425
440.660225
440.7342
440.79865
440.8958
440.91165
441.021325
441.0693
441.113725
441.1765
441.26505
441.345325
441.472375
441.531475
441.669925
441.7222
441.913525
441.962175
441.994975
442.117775
442.211475
442.249825
442.295225
442.343425
442.434175
442.531625
442.634675
442.711175
442.724575
442.745025
442.90225
443.110325
443.203825
443.3347
443.5135
443.615675
443.962225
443.999625
444.0436
444.111
444.210475
444.235225
444.26285
444.34565
444.504625
444.55965
444.678175
444.7262
444.752775
444.836525
444.851625
444.9597
445.022125
445.086675
445.100225
445.125075
445.19525
445.2683
445.278775
445.3302
445.37435
445.4104
445.4356
445.597075
445.707475
445.7762
445.820075
445.924675
446.1184
446.1738
446.282175
446.337425
446.46945
446.59275
446.7058
446.7833
446.830725
446.92295
446.982825
447.029475
447.05605
447.1101
447.20525
447.453675
447.54805
447.65215
447.810625
448.011575
448.079825
448.145025
448.181675
448.19765
448.319025
448.495775
448.566175
448.640675
448.7124
448.785125
448.901925
449.015225
449.2573
449.29225
449.34685
449.418875
449.5123
449.663425
449.73235
449.783175
449.82195
449.8688
449.9216
449.991525
450.07155
450.20245
450.257325
450.29745
450.378125
450.44175
450.522225
450.62405
450.693
450.75785
450.894025
450.89775
451.027325
451.135925
451.181275
451.3119
451.40815
451.509575
451.575475
451.638825
451.788325
451.91945
452.02505
452.14705
452.27805
452.5519
452.649975
452.719475
452.8166
452.9623
453.0486
453.146625
453.240675
453.263475
453.28275
453.33365
453.496575
453.6418
453.75475
453.822975
453.909925
453.93605
453.97045
454.059075
454.215425
454.319375
454.411175
454.42145
454.513625
454.567225
454.6323
454.701775
454.7537
454.781175
454.8849
455.138025
455.221475
455.318525
455.36265
455.560225
455.63275
455.722825
455.809275
456.0132
456.06745
456.121775
456.173275
456.2259
456.47735
456.530825
456.5869
456.676175
456.735675
456.7454
456.78155
456.814675
456.853525
456.91775
457.011425
457.058525
457.185475
457.22545
457.305175
457.35345
457.4029
457.447475
457.487275
457.518275
457.55555
457.603475
457.711275
457.732475
457.8718
457.9449
458.0267
458.100975
458.1729
458.235975
458.30365
458.349625
458.4178
458.510875
458.548425
458.91665
458.99965
459.075075
459.16975
459.190175
459.21845
459.327375
459.354475
459.4395
459.50225
459.549225
459.621825
459.677175
459.753125
459.79795
459.82975
459.889
459.931325
459.979225
459.99515
460.177625
460.228925
460.291875
460.37455
460.48615
460.57665
460.724325
460.813925
460.909975
460.915625
460.9296
460.966425
461.1471
461.235975
461.324725
461.358875
461.382575
461.40235
461.6125
461.62945
461.64205
461.702775
461.781425
461.882925
462.005375
462.086875
462.145425
462.1984
462.34025
462.42065
462.4627
462.58715
462.65865
462.6995
462.854975
462.885225
463.077775
463.166425
463.219725
463.30735
463.3778
463.4352
463.5185
463.590225
463.63075
463.691975
463.723075
463.84855
463.91775
463.962475
464.025425
464.135525
464.258
464.322775
464.4199
464.4678
464.540425
464.6545
464.7774
464.857325
464.952
465.03915
465.195075
465.254175
465.3146
465.40545
465.5263
465.57805
465.690825
465.765875
465.840575
465.8715
465.9547
466.02245
466.13565
466.176375
466.277775
466.322625
466.4077
466.588275
466.666175
466.761575
467.1162
467.272825
467.334575
467.390875
467.470475
467.507325
467.649925
467.7219
467.82415
467.919925
468.013475
468.0714
468.185275
468.217975
468.30735
468.315175
468.3367
468.418275
468.506125
468.594275
468.670525
468.887275
468.949875
469.009625
469.0885
469.324075
469.404575
469.444425
469.469275
469.4917
469.56565
469.5874
469.618925
469.6865
469.762175
469.80405
469.88765
469.94635
470.105125
470.144075
470.22215
470.275125
470.345925
470.497425
470.5896
470.679325
470.787675
470.813025
470.886325
470.9436
471.107725
471.190175
471.26355
471.35795
471.383175
471.42985
471.485875
471.531
471.630925
471.695525
471.777375
471.88445
471.918875
471.9649
472.0579
472.101075
472.150675
472.239025
472.370025
472.4513
472.55315
472.69295
472.74735
472.78935
472.9306
473.043725
473.130325
473.34745
473.406675
473.51565
473.817975
473.93185
474.056175
474.10835
474.1891
474.2728
474.3257
474.633825
474.66775
474.825375
474.942075
475.0116
475.04525
475.078425
475.17815
475.193925
475.225475
475.3009
475.3612
475.504875
475.571525
475.661375
475.71165
475.788175
475.872475
475.95085
476.08915
476.15825
476.190675
476.409725
476.50125
476.55875
476.60255
476.81205
476.899525
476.9785
477.3291
477.36855
477.441075
477.520975
477.695175
477.7216
477.764075
477.848825
477.875925
478.08965
478.226825
478.338425
478.3601
478.4494
478.47675
478.55525
478.65895
478.673875
478.7526
478.798325
478.84455
478.87295
478.883425
478.901025
479.003325
479.0736
479.205075
479.2487
479.293825
479.33915
479.3872
479.4819
479.507725
479.577
479.6047
479.6385
479.720725
479.78045
479.9565
480.0264
480.065725
480.179675
480.20375
480.3871
480.409275
480.44765
480.57235
480.601325
480.8593
480.90285
481.015625
481.064725
481.0893
481.1713
481.286125
481.30735
481.380975
481.420225
481.575
481.65705
481.74665
481.815525
481.844
481.91525
481.945825
482.006025
482.1823
482.227025
482.232725
482.2695
482.291
482.29875
482.36445
482.3971
482.534
482.648425
482.675425
482.7267
482.869375
482.906175
482.910025
482.92935
482.940625
482.9485
483.025525
483.219725
483.2906
483.34385
483.488075
483.53015
483.6577
483.74415
483.808025
483.892525
483.979225
484.0177
484.1267
484.205325
484.336425
484.473075
484.59495
484.755425
484.815275
484.857975
484.9552
485.0266
485.064225
485.2536
485.303625
485.431575
485.455575
485.579275
485.66365
485.769675
485.801
485.90605
486.16155
486.26085
486.3217
486.435725
486.50635
486.56515
486.711375
486.794925
486.870525
486.944825
487.023875
487.0788
487.1235
487.21055
487.3396
487.4832
487.541825
487.63965
487.721225
487.778975
487.925225
487.98955
488.089425
488.12935
488.2165
488.544575
488.60825
488.63685
488.98065
489.05645
489.148025
489.1955
489.530275
489.636525
489.8419
489.875775
489.98755
490.129575
490.238675
490.366975
490.585175
490.59185
490.5944
490.716375
490.79915
490.843
490.934525
490.976675
491.14595
491.3031
491.428625
491.515275
491.555025
491.658725
491.75145
491.8198
491.906575
491.99285
492.0503
492.116925
492.2744
492.388475
492.425125
492.460175
492.53005
492.65765
492.7311
492.91875
492.995325
493.1083
493.252275
493.3612
493.4596
493.616825
493.7293
493.785125
493.86175
493.8932
494.03795
494.03865
494.058075
494.1245
494.2146
494.25345
494.30985
494.42
494.46585
494.4939
494.535175
494.586475
494.64525
494.72485
494.740075
494.77695
494.876525
494.949775
494.99985
495.0126
495.072775
495.0982
495.197525
495.268425
495.288475
495.34645
495.38825
495.53815
495.62195
495.738275
495.83455
495.8673
496.22495
496.271875
496.359375
496.39605
496.461575
496.516525
496.5496
496.630575
496.685175
496.74585
496.807475
496.88945
497.04295
497.0563
497.08225
497.16525
497.207875
497.264075
497.3329
497.35115
497.410325
497.494125
497.54705
497.633575
497.67005
497.728675
497.82705
497.90415
497.96835
498.00455
498.070825
498.19395
498.321625
498.666725
498.75335
499.00115
499.095225
499.20875
499.288425
499.418175
499.58005
499.7348
499.770075
499.902875
499.956
500.01755
500.0497
500.131025
500.226875
500.306875
500.383575
500.58855
500.681325
500.711375
500.839725
500.962925
501.097325
501.14695
501.169425
501.246725
501.266675
501.3009
501.35625
501.4494
501.524075
501.568475
501.690275
501.770625
501.874475
501.9758
502.053525
502.13925
502.26295
502.330075
502.544925
502.648475
502.684575
502.78055
502.85565
502.95235
503.012075
503.078075
503.1612
503.301375
503.42755
503.514875
503.70135
503.948225
504.025275
504.2071
504.34985
504.39275
504.550375
504.6422
504.7637
504.975325
505.117025
505.2214
505.2884
505.363125
505.390725
505.46705
505.55045
505.60815
505.735125
505.826375
505.8792
505.97
506.023475
506.0878
506.19435
506.240075
506.3349
506.45555
506.49265
506.58075
506.846925
506.95085
507.143475
507.37485
507.5035
507.5978
507.711625
507.933725
507.99355
508.0862
508.210975
508.2239
508.232875
508.297275
508.3943
508.52595
508.55135
508.581325
508.618325
508.668875
508.715375
508.773425
508.899175
508.915875
508.933625
508.96235
509.055225
509.49015
509.56095
509.5973
509.6924
509.786375
509.85085
509.917325
510.17505
510.26335
510.41325
510.45195
510.5582
510.6463
510.794325
510.8896
510.948275
511.0668
511.11095
511.207125
511.301275
511.391425
511.547975
511.837975
512.004775
512.057725
512.131025
512.227625
512.29545
512.3591
512.478225
512.608175
512.809375
512.84005
512.9769
512.996725
513.14835
513.237825
513.3744
513.421625
513.54135
513.58105
513.6159
513.6702
513.7384
513.863525
513.91385
513.984
514.10085
514.252325
514.325
514.360775
514.379225
514.3845
514.4386
514.53415
514.634075
514.67035
514.68965
514.711575
514.879475
514.91085
514.9623
515.037675
515.09275
515.134025
515.2055
515.2513
515.3371
515.392075
515.496725
515.612675
515.65715
515.702175
515.77905
515.868725
515.9546
516.066925
516.27405
516.28785
516.37115
516.45685
516.490225
516.55745
516.6247
516.649675
516.722625
516.8578
516.973525
517.040975
517.153975
517.21965
517.24935
517.2751
517.33045
517.389975
517.411225
517.424925
517.467525
517.51705
517.590575
517.6263
517.66135
517.727
517.79455
517.934075
517.95765
517.993925
518.15515
518.181525
518.272175
518.320575
518.42235
518.457875
518.570375
518.6173
518.68705
518.777425
518.79115
518.892675
519.1043
519.152125
519.24725
519.296875
519.3741
519.43765
519.45935
519.560525
519.688375
519.71435
519.735875
519.7545
519.816425
519.937125
520.13015
520.1889
520.31405
520.40375
520.48895
520.533025
520.58655
520.67605
520.82475
520.874875
520.91255
520.958725
521.049025
521.13295
521.1594
521.210025
521.2673
521.332325
521.440775
521.573575
521.599375
521.633775
521.736375
521.77675
521.8001
521.81595
521.88325
522.01935
522.110625
522.1952
522.29725
522.46105
522.521275
522.55765
522.593525
522.8905
522.939625
523.0059
523.0637
523.089025
523.194575
523.20795
523.391575
523.4645
523.512175
523.573675
523.658475
523.74825
523.81755
523.9092
523.961075
524.02585
524.073625
524.124525
524.221225
524.2753
524.305725
524.4096
524.473825
524.54075
524.6578
524.7369
524.8086
524.9935
525.069125
525.182425
525.276825
525.34615
525.45895
525.52225
525.596825
525.7258
525.785375
525.97945
526.1232
526.19335
526.268025
526.486175
526.637775
526.68435
526.7746
526.840475
526.969675
527.00975
527.02085
527.0528
527.158575
527.1966
527.364975
527.432525
527.5224
527.532025
527.54935
527.569525
527.6264
527.685
527.717925
527.82275
527.8959
528.015625
528.101075
528.168025
528.3076
528.38495
528.444825
528.621575
528.741725
528.879625
529.002825
529.06155
529.120125
529.192525
529.28495
529.3822
529.435275
529.466175
529.493325
529.57685
529.687375
529.755675
529.84845
529.8907
530.006825
530.041
530.15075
530.210925
530.2892
530.3988
530.4895
530.568275
530.704925
530.756
530.87185
530.9219
530.994825
531.040875
531.130325
531.161725
531.175925
531.278875
531.3042
531.359775
531.4045
531.624225
531.665825
531.76825
531.86295
531.92095
532.01635
532.083675
532.1345
532.187925
532.220625
532.32025
532.4023
532.45385
532.48625
532.49605
532.566875
532.619
532.7165
532.829575
532.93815
533.023375
533.0546
533.124475
533.172675
533.243375
533.305375
533.37415
533.471375
533.622025
533.676275
533.8413
533.904675
533.967275
534.0859
534.1541
534.199575
534.309875
534.338625
534.361675
534.42755
534.513675
534.602225
534.6966
534.8165
534.895075
534.9276
535.10095
535.1473
535.26895
535.328425
535.493
535.5827
535.6453
535.679725
535.711125
535.751375
535.836175
535.982175
536.10075
536.1575
536.21005
536.2509
536.319825
536.39785
536.532625
536.563575
536.738775
536.77235
536.877675
536.92945
536.9664
537.047575
537.077925
537.191825
537.20565
537.2531
537.306075
537.4208
537.52695
537.61405
537.6684
537.704775
537.851175
537.919475
538.003
538.100025
538.170525
538.206475
538.31885
538.381425
538.4926
538.58715
538.67975
538.745975
538.831525
538.9916
539.093925
539.172375
539.203775
539.278675
539.32675
539.445575
539.48065
539.554075
539.578425
539.695525
539.754675
539.8198
539.9237
539.947925
540.023525
540.11825
540.313
540.357525
540.4268
540.471075
540.552575
540.688625
540.75925
540.830475
540.935375
541.0016
541.0715
541.114975
541.177075
541.2251
541.321425
541.41485
541.5651
541.612275
541.669225
541.746575
541.839075
541.8616
541.963025
542.06035
542.09465
542.13275
542.21255
542.395975
542.45085
542.5389
542.568975
542.659425
542.713075
542.773875
542.8554
542.889575
543.025125
543.11085
543.19025
543.300875
543.433375
543.582975
543.6786
543.788875
543.884725
544.006075
544.12745
544.1946
544.262175
544.36435
544.566875
544.573975
544.679225
544.719425
544.739325
544.861125
544.92115
544.97375
545.08005
545.0843
545.192275
545.2605
545.29805
545.340525
545.353775
545.4506
545.596825
545.718875
545.7914
545.806475
545.81425
545.863575
545.94595
545.997975
546.048825
546.0929
546.1733
546.34305
546.356525
546.4829
546.566575
546.65845
546.753175
546.778925
546.827725
546.948925
547.06395
547.158075
547.2453
547.297225
547.36675
547.435225
547.4808
547.64125
547.700725
547.769025
547.785475
547.898275
547.9773
547.992675
548.00365
548.021725
548.105425
548.1539
548.168125
548.295375
548.369925
548.44805
548.522575
548.58025
548.668375
548.7368
548.794075
548.942975
548.997125
549.091625
549.144
549.2244
549.331975
549.367725
549.4353
549.470275
549.55855
549.6143
549.693075
549.790225
549.848125
549.9269
550.055025
550.1003
550.18825
550.25145
550.30425
550.3583
550.40975
550.475
550.5523
550.648575
550.67515
550.797175
550.855375
550.93585
551.018275
551.16555
551.30385
551.426125
551.4722
551.50655
551.5856
551.6593
551.7637
551.822225
551.86825
551.946775
552.009725
552.070225
552.297975
552.324325
552.398275
552.445875
552.602625
552.69555
552.7647
552.89675
553.0702
553.158225
553.2105
553.25685
553.3071
553.40155
553.4338
553.4975
553.5624
553.5957
553.640375
553.78035
553.870675
554.064125
554.091175
554.23325
554.33645
554.447325
554.47735
554.5393
554.598775
554.74875
554.7614
554.9087
555.0039
555.075875
555.13335
555.1959
555.25235
555.365725
555.38315
555.509175
555.60045
555.69575
555.77335
555.841775
555.95615
556.03605
556.11455
556.13435
556.224225
