0.5414
0.545425
0.5514
0.560725
2.8178
3.3665
3.4333
3.454825
3.616075
3.650475
3.8171
4.231575
4.257975
4.301225
4.33565
4.358925
4.421525
5.57095
5.6859
5.70685
5.840775
5.923
6.05435
6.097225
6.430725
6.43655
7.317825
7.3212
7.3249
7.3394
9.62655
9.648425
9.652625
9.6596
10.569175
10.5995
10.842125
10.968125
10.988925
12.5042
12.5473
12.94575
13.7087
13.71275
13.716875
13.7225
15.14005
15.388775
15.502025
15.607075
15.624
15.6308
16.959125
17.007275
17.096025
17.120025
17.476375
19.03625
19.040175
19.0464
23.74315
24.902075
27.373025
27.437625
27.457625
30.66775
30.672525
30.67965
30.89435
30.937675
31.44695
31.4682
31.618675
31.814875
31.88585
32.0886
32.503025
32.506525
32.51035
33.435375
33.4384
33.441625
33.44555
33.450425
33.4561
33.78465
34.727975
34.732125
36.3593
36.3639
36.419125
36.7428
36.767375
36.78985
36.9938
37.2955
37.429175
37.735375
39.050975
39.0545
39.058375
39.698275
39.7038
39.718775
40.312975
40.537575
41.255375
41.258625
41.262125
41.2667
44.28655
44.31445
44.641825
45.0852
45.207525
46.3812
46.3855
46.716375
47.03175
47.037775
47.04815
47.057725
47.9355
47.94
47.94565
48.52395
51.29695
51.301325
51.312525
54.21715
54.2214
54.265725
54.27705
54.294125
54.321825
56.411425
56.414975
56.41885
57.3606
57.364975
57.370725
60.628575
61.154925
61.206
61.334525
61.371925
61.3867
62.368925
62.3727
62.3779
62.865375
63.553675
63.7187
63.73865
63.747275
64.25765
64.2608
64.2642
64.269325
64.4003
64.61375
64.6793
65.59245
65.6037
65.617925
66.2429
66.24745
66.263225
66.318275
67.3244
67.329825
67.33665
68.1854
68.18965
68.19505
69.26325
69.26725
69.272225
70.012825
70.037
71.668925
71.67235
71.675975
71.681025
72.4293
72.891775
72.908575
72.9158
72.9302
72.9493
73.600025
73.605
74.54265
74.57075
76.18125
76.18605
76.51885
76.543025
76.56575
76.58615
77.9487
77.95255
77.9567
78.1353
78.16955
78.281825
79.6791
79.68385
79.96415
79.979875
79.985125
82.374475
82.38065
83.3413
85.531825
85.536475
85.8084
87.6107
90.359375
90.556125
90.58485
90.601375
90.684475
91.3439
91.348525
93.3038
93.327
93.371
94.4923
94.499575
95.1072
95.11175
95.213525
98.416925
103.422475
103.507575
105.563525
105.58585
107.387225
107.51695
107.521475
107.835025
110.26385
110.318525
110.4878
110.508175
110.53095
111.86735
114.605075
114.74505
115.515875
116.933375
116.93905
116.983175
119.499625
119.512225
119.536575
121.490575
123.706725
124.013075
124.0283
124.270725
124.32025
125.579875
125.688275
125.767375
125.980125
125.9979
126.02105
126.938525
126.94235
127.794525
128.134225
128.243175
128.257575
128.280975
128.309475
130.042625
130.04775
130.157425
130.7088
130.71485
131.474225
136.6005
137.889075
137.911075
138.2375
138.337175
138.352275
138.357925
139.5253
139.5297
139.53465
139.560875
139.725725
140.680975
140.6852
140.690525
142.477825
142.48155
142.486175
142.58565
142.64155
145.7554
146.493275
146.497875
146.596625
147.25915
148.766875
149.249575
149.271475
150.246225
152.142625
153.49265
153.49755
154.5119
154.530175
154.547125
154.643925
155.480425
156.715
156.792775
157.23185
157.2354
157.240725
157.987775
158.81925
160.5591
161.31345
161.343625
161.418575
161.462525
163.561
163.56475
163.873025
164.053425
165.0682
165.07335
165.57585
165.58005
169.664675
170.4473
171.0987
171.1102
171.9492
171.9547
171.98285
175.397925
175.803475
176.103825
176.79215
176.796575
176.80125
178.225
178.228725
178.232775
179.02735
179.031175
179.0357
179.101225
179.171725
180.62785
182.33475
182.40995
182.448125
183.331125
183.3357
183.47135
187.688275
187.69255
188.361625
189.145725
192.590125
193.41425
193.418675
195.6249
195.637575
197.335325
197.795225
197.79985
197.846875
199.446225
199.451075
199.460125
199.53615
201.026925
201.981525
201.98545
201.989525
201.99495
203.55645
203.562425
203.81215
203.83625
203.950325
204.24945
204.5812
205.523975
205.527125
205.530525
205.53485
206.34125
206.345675
206.350125
206.357125
208.86205
214.60745
214.630625
215.2128
215.869925
216.077925
216.653175
217.173475
217.350825
217.37315
217.402475
218.19385
218.199475
218.6934
218.824025
220.100625
220.1511
221.787725
221.791725
221.79725
223.297075
223.303825
223.370225
224.02215
224.66475
224.6692
225.150375
225.154575
226.6976
227.34475
227.400175
229.5239
229.530475
229.6531
230.578475
230.621675
231.401125
231.405825
231.97345
231.9916
233.9059
233.9097
233.91385
233.922225
236.12235
237.938175
237.945875
237.964125
238.20925
