4.242275
4.2454
4.24845
4.2522
4.2571
4.2654
5.740525
5.743875
5.74745
5.75175
5.757175
5.76735
9.238675
9.2956
9.57485
9.578525
9.582075
9.586475
9.591975
9.602175
10.49075
10.494625
10.49865
10.503975
10.770825
10.776625
11.924075
11.92885
11.935525
12.954925
12.9592
12.964225
12.971875
15.41125
15.418275
15.433025
15.441325
15.44755
18.00595
18.009875
18.0142
18.020325
18.0962
18.101225
18.1079
18.980625
19.291525
19.298575
22.941875
25.9243
36.134875
36.1386
36.142625
36.149075
37.612
37.615375
37.619175
37.623375
37.628725
37.6419
40.234175
40.2373
40.240925
40.244925
40.2496
40.26005
41.818875
43.261825
44.207675
44.211475
44.2181
46.297775
46.3015
46.30575
46.313975
49.63245
50.927875
50.9324
50.9378
52.752525
52.757825
56.28295
56.28735
56.292975
58.548325
58.569925
62.429925
62.435425
62.43875
62.4447
62.575575
62.58
62.583925
62.588675
62.594575
64.301325
64.3055
64.3107
64.706625
64.7101
64.713925
64.7189
64.72705
64.73095
64.739975
64.745525
65.951925
65.9591
71.2034
71.211075
71.594175
71.5983
71.603425
71.6102
72.582025
72.5863
72.591425
72.609
73.62925
73.633125
73.6378
73.64435
74.49575
74.79945
74.80405
74.80965
74.83025
75.73065
76.581325
76.587975
78.05135
78.055175
78.06
78.06665
82.610275
83.275025
83.279275
83.2842
83.288725
83.29545
83.739975
83.748725
86.149675
87.410225
88.60105
89.09855
89.29985
89.704325
90.396425
90.3997
90.40335
90.40885
90.460025
90.46475
90.470375
90.47865
90.8029
90.809775
92.820275
94.7894
94.79555
94.800675
105.771175
106.1932
107.03285
107.78285
107.786675
107.79135
107.79775
108.9971
110.303725
110.307175
110.31055
110.3148
110.3202
112.2176
113.333875
113.33975
113.526325
113.535375
115.9456
115.9498
115.95805
118.1232
123.85535
123.858575
123.86255
123.86775
127.71785
129.813075
129.816525
129.8205
129.8257
131.453375
131.45865
132.748
132.751375
132.755
132.75925
132.76525
136.04895
136.056775
138.236875
138.9634
138.967025
138.97265
142.518275
142.524575
142.7449
142.7486
142.75255
142.756775
142.7625
144.190375
146.1902
147.27595
147.302725
149.6949
149.6993
149.70455
152.34315
152.3481
152.8503
154.2724
154.277225
154.28535
155.904275
155.90955
155.91675
156.6964
156.701625
160.8101
160.81955
161.46795
161.472175
161.477975
163.75855
163.76175
163.765225
163.769525
163.77565
163.908575
163.9135
163.920375
175.346775
176.855125
176.86175
178.94185
178.948675
178.965975
178.9789
179.5571
179.563725
180.35655
180.36075
180.366525
182.183325
182.188525
182.195375
182.869225
182.87395
182.88005
184.6315
184.6378
186.195525
186.1996
186.204575
188.3055
188.31075
190.2976
192.63055
192.6348
192.6404
192.6541
193.075575
193.0822
195.122275
195.128175
199.4823
199.4857
199.489325
199.4936
199.50025
200.018875
200.023175
200.028175
200.040375
200.519975
200.525575
200.549125
200.9019
200.9079
201.5187
201.523675
201.88315
201.8868
201.891275
201.897325
203.55205
203.559125
206.13275
208.651025
208.65445
208.659175
210.26925
211.8946
211.903725
211.9118
214.983625
214.9886
215.211325
215.22
215.529625
215.533
215.53685
215.5416
215.549025
215.55385
215.561425
216.842525
216.8457
216.849225
216.853325
216.858625
217.32225
217.325775
217.32975
217.334475
217.341875
218.74815
218.7553
218.759725
218.76655
219.96435
219.968325
219.973275
222.072775
222.077425
222.082925
223.057525
223.0622
223.067475
231.17845
231.1847
231.3984
231.404775
233.774725
233.7815
238.2768
238.281375
238.286825
238.488825
238.492675
238.497725
238.5053
238.53785
238.889675
238.894575
238.902175
239.221175
239.23305
239.236825
239.241125
239.246375
239.252025
239.260575
239.82355
239.8285
