32.5122
33.78475
44.19465
54.154625
54.16025
64.38335
72.616275
76.102675
76.106675
76.111675
77.8715
79.670825
79.67545
80.827825
81.569975
85.633125
94.44155
94.44655
95.04475
96.044425
98.4227
103.4364
113.676825
118.151
119.419275
124.817875
125.60175
126.9469
126.950775
127.715025
128.10385
129.7999
129.80345
131.4679
141.129875
142.487675
145.76185
148.711
148.7153
149.27495
150.196775
150.204075
151.182775
152.08555
152.93525
156.456
157.892075
160.1657
162.4643
162.4693
165.06145
165.0658
165.520925
167.07755
167.09145
171.0603
171.91915
178.976075
180.6272
180.62895
183.263425
183.26815
184.1883
189.16695
189.1707
189.17495
193.431575
199.3949
199.39885
199.4032
200.300675
201.022125
201.02605
201.030725
206.284975
207.9367
215.530225
216.538625
218.786175
218.790325
222.223725
223.255575
224.017275
224.051225
224.05535
224.0595
224.0682
224.76075
225.1627
227.348725
229.528825
230.5511
231.33655
235.89885
238.565625
