0.33875
0.36715
0.459675
0.49585
1.109025
1.11385
1.130575
1.132375
1.1467
1.359475
1.364825
1.9203
1.9463
2.870825
3.051525
3.292525
3.349725
4.23805
4.28915
4.9206
5.29255
5.4779
5.5004
5.51435
5.524325
5.5533
5.58705
5.965675
6.114175
6.59165
6.598575
6.610325
6.666825
7.116825
7.15205
7.164725
7.199975
7.26485
7.6701
7.687025
7.7002
7.70455
7.734625
7.813925
7.963275
8.20455
8.55745
8.580825
8.58435
8.608525
8.63645
8.659575
8.69825
8.705925
8.7506
9.1446
9.1462
9.171425
9.25
9.92665
9.97245
10.00645
10.007425
10.204375
10.292925
10.33075
10.47205
10.51215
10.834525
10.9667
11.06015
11.5094
11.744825
12.1261
12.188475
12.22635
12.255175
12.33665
12.353775
12.838225
12.8635
12.884975
12.8979
12.9226
13.305175
13.3231
13.335375
13.3501
13.489925
13.562425
13.902925
14.1258
14.22185
14.297275
14.71685
14.74485
14.809225
14.8349
14.852025
14.875025
15.490425
16.21735
16.232075
16.237225
16.248075
16.31445
16.739625
16.773575
16.88085
16.93565
16.937525
16.940625
16.9639
16.985125
17.48845
17.501675
17.8377
17.850525
17.858725
17.8949
17.91665
18.02835
18.03585
18.618475
18.622975
18.642525
18.867725
19.02295
19.046175
19.06095
19.069875
19.097675
19.112275
19.474975
19.657775
19.684625
20.2223
20.259925
20.2886
20.32375
20.34475
20.36245
20.39745
20.4077
20.7591
20.77455
20.776
20.819
20.84295
20.8506
20.858975
20.8971
21.565925
21.628175
21.7233
22.304775
22.4224
22.441075
22.451675
22.463275
22.4787
22.508475
22.606275
22.611625
22.63205
22.637775
23.139525
23.192325
23.24665
23.469225
23.498925
23.602825
23.651225
23.66135
23.689125
23.779175
24.203375
24.23395
24.266425
24.3928
24.396875
24.64085
24.65105
24.7244
24.77095
24.814325
24.8373
25.145
25.16015
25.164925
25.193525
25.1993
25.65225
25.656725
25.681875
25.7074
25.781675
25.912575
25.920775
26.612375
27.187325
27.26
27.3035
27.3521
27.3662
28.117675
28.128975
28.154725
28.167675
28.4131
28.653675
28.6694
28.6744
28.677325
28.685975
28.699075
28.723725
28.738575
28.748575
28.75565
28.7721
28.779675
28.8037
28.825025
28.848725
28.853775
28.87225
28.9065
29.21405
29.2732
29.36985
29.400725
29.4182
29.459275
29.87075
29.91395
30.42485
30.441925
30.443775
30.455425
30.809225
30.8227
30.8477
31.2339
31.2395
31.255575
31.2949
32.027625
32.540575
32.5573
32.5807
33.187725
33.3182
33.35235
33.3752
33.3932
33.549275
33.832325
33.98145
34.3868
34.544225
34.5478
34.54945
34.556025
34.572
34.59495
34.655475
35.100475
35.135175
35.56465
35.61765
35.623175
35.6914
35.72215
36.1699
36.30965
36.3668
36.630725
36.7398
36.770975
37.301925
37.320675
37.326925
37.389
37.39915
37.467125
37.48765
38.068125
38.08885
38.109125
38.14515
38.14925
38.15455
38.25405
38.27475
38.93675
38.957825
38.980825
38.9844
38.99245
39.012125
39.038025
39.446725
39.615725
39.64655
40.0601
40.07885
40.1422
40.219925
40.5233
40.533225
41.013675
41.032525
41.0423
41.080375
41.124
41.1362
41.161
41.8144
41.995575
42.475725
42.495825
42.558775
42.5757
42.5991
42.61115
42.62055
42.660975
42.677825
42.8432
43.25765
43.4112
43.736075
43.82525
43.83645
43.85695
43.947075
44.192625
44.19955
44.295
44.3456
44.701475
44.707175
44.716425
44.73545
44.762575
44.796275
45.2771
45.284375
45.349575
45.4032
46.0892
46.112475
46.155525
46.267
46.62935
46.63935
46.661025
46.668675
46.689675
46.77185
46.77915
47.175125
47.2188
47.2744
47.28885
47.31785
47.74385
47.85315
48.27305
48.2883
48.31715
48.748875
48.759525
48.771075
48.81385
49.3946
49.40475
49.509025
49.58015
49.623175
49.6663
49.696325
49.70595
49.7116
50.092
50.2504
50.3495
50.487875
50.58085
50.67055
51.117375
51.237775
51.337375
51.79575
51.827725
51.869075
51.898075
52.177825
52.367275
52.483375
52.493775
52.51685
52.53475
52.568
52.59535
52.8592
52.888875
53.408625
53.418175
53.4458
53.49545
53.53985
53.862025
53.878425
53.882825
54.065125
54.082075
54.53665
54.5521
54.5813
54.611475
54.751275
54.999475
55.487875
55.689675
55.75545
55.961925
55.9834
56.46215
56.4804
56.490475
56.509975
56.514775
56.518325
56.5357
56.96575
57.18425
57.236125
57.248925
57.2547
57.289225
57.29445
57.356425
57.370475
57.7277
57.879275
57.981925
58.052925
58.115825
58.127825
58.138375
58.14015
58.15475
58.175175
58.179975
58.1972
58.220225
58.235175
58.260625
58.28845
58.654225
58.765025
58.774825
58.811325
59.10545
59.137525
59.371025
59.379975
59.45515
59.88665
59.915725
60.34655
60.3786
60.38355
60.50205
60.50535
60.525
61.343025
61.602125
61.60715
61.710175
61.744725
62.04905
62.400225
62.611675
62.968525
62.999675
63.02335
63.033425
63.3381
63.4585
63.502825
63.654825
63.75705
63.841425
63.871875
63.9116
64.198525
64.2332
64.33
65.247125
65.286725
65.309825
65.407975
65.453625
65.4591
65.496375
65.568875
66.070425
66.129
66.1539
66.49905
66.5189
66.565675
66.602375
66.656225
66.670125
66.705725
66.73285
66.748075
66.7963
66.84405
67.36695
68.078125
68.1978
68.67335
69.16485
69.1951
69.2302
69.2534
69.330925
69.679425
69.9497
70.7144
70.73915
71.359325
71.368375
71.4584
71.80955
72.36075
72.37765
72.484925
72.666175
73.319375
73.33485
73.343775
73.5549
73.6049
73.681675
73.9448
74.005325
74.231675
74.404075
74.43575
74.81445
74.821575
74.843575
74.859125
74.88115
75.047325
75.300075
75.3659
75.382975
75.5893
75.70725
75.75195
75.76195
75.937875
75.9763
76.426425
76.46235
76.474875
76.51605
76.8332
77.208475
77.2548
77.2771
77.421675
77.7518
77.7585
77.763275
77.769125
77.865475
77.92035
78.3958
78.399875
78.57075
78.656575
78.692325
78.96985
79.05035
79.0626
79.63985
79.658825
79.68585
80.72295
80.75975
80.78515
80.943775
81.36405
81.3711
81.375425
81.3825
81.434925
81.463
81.465825
81.502
81.5336
81.615
82.02355
82.216725
82.249
82.577075
82.750625
82.942825
83.09895
83.177375
83.2303
83.290675
83.33935
83.8934
83.926775
84.238475
84.282375
84.293925
84.315625
84.799375
84.802775
84.82845
84.863425
84.8848
85.316675
85.3244
85.3642
85.394175
85.4424
85.548225
86.173475
86.51695
86.59475
86.646875
87.2375
87.254125
87.265725
87.3157
87.3488
87.371675
87.395725
87.462775
87.48165
87.518075
88.196225
88.220125
88.4836
88.488875
88.495525
88.517475
88.522925
88.526375
88.534125
88.548975
88.563225
88.589075
88.5906
88.60205
88.629575
88.6438
89.33415
89.36875
89.384475
89.41895
89.4684
89.485225
89.555475
89.608625
89.617425
89.63795
89.648325
89.674175
89.68525
89.73055
90.0268
90.2376
90.264725
90.389875
90.461
91.9476
92.1769
92.18665
92.2192
92.296
92.34735
92.498775
92.531125
92.54205
92.55655
92.576025
92.5817
92.60385
92.640275
92.677225
92.690775
92.82275
92.8338
92.852975
92.87695
92.888825
92.89575
92.958975
93.19015
93.21925
93.25475
93.76345
93.7794
93.83965
94.1439
94.29795
94.326325
94.396375
95.0138
95.062575
95.083275
95.820425
95.89865
95.907725
95.93365
95.95755
96.5614
96.6226
96.642125
96.6681
96.681325
96.719225
97.242575
97.268075
97.47165
97.5327
98.196225
98.26195
98.290175
98.313525
98.321525
98.3478
98.383925
98.401275
98.48995
98.9857
99.021325
99.584975
99.845925
99.851375
99.8582
99.896125
99.923725
99.9449
99.9652
99.97825
100.038775
100.46795
100.494175
100.95345
100.9638
101.576675
101.6175
101.636575
101.65515
101.6818
101.72165
101.759325
101.7743
101.792
101.79355
101.81275
101.824225
101.8487
102.1971
102.98815
103.077775
103.374925
103.39195
103.40735
103.4179
104.1507
104.681425
104.803325
105.028
105.051525
105.2365
105.259375
105.35555
105.370725
105.3826
105.3981
105.4155
105.439575
105.449625
105.864225
106.217525
106.22515
106.510525
106.537275
107.11385
107.1524
107.6071
108.029
108.0403
108.06655
108.308175
108.32005
108.44335
108.49065
108.496375
108.912075
108.94095
109.29575
109.3126
109.32125
109.35495
109.911625
109.9979
110.19275
110.25115
110.9213
111.031875
111.051225
111.22455
111.267325
111.29165
111.33535
111.766725
111.915075
112.17445
112.538125
112.59735
112.61085
112.6224
112.63785
112.660475
112.689
112.717625
113.288575
113.626925
113.677925
113.866225
114.29355
114.305525
114.32695
114.33935
114.363225
114.43285
114.73535
114.87375
115.1926
115.253875
115.2892
115.33405
115.3402
115.3977
115.404775
115.448925
116.09975
116.10705
116.134325
116.179425
116.245375
116.27195
116.31625
116.331675
116.767575
116.9884
117.024075
117.05445
117.148975
117.16085
117.192575
117.21935
117.2519
117.665725
117.826125
117.8577
118.03395
118.221925
118.6372
118.743425
118.781675
118.791625
118.835025
118.876975
118.915675
119.238425
119.443925
119.524
119.885975
119.8936
119.939375
119.94395
119.98885
120.12495
120.403025
120.410775
120.48345
120.866075
121.3601
121.431925
121.479125
121.48905
121.5341
121.642325
121.6571
121.68565
122.044425
122.0531
122.069125
122.15985
122.613975
122.81305
122.92705
122.993125
123.486575
123.521475
123.90925
123.972975
124.1374
124.562275
124.850175
124.864125
124.87875
125.281825
125.3013
125.451325
125.547825
125.593025
126.822175
126.82865
126.848775
126.8743
126.89775
126.978975
127.525775
127.638175
127.811075
128.132425
128.1467
128.15115
128.157
128.20825
128.756025
128.794125
128.809
128.87985
129.0885
129.496925
129.538625
129.592525
129.733
129.7649
129.92895
130.242275
130.36925
130.430325
130.826325
131.089225
131.1263
131.13335
131.16655
131.219
131.57755
131.5865
131.590625
131.6005
131.619575
131.992375
132.03105
132.30905
132.385925
132.4019
132.63745
132.665675
132.6708
132.68115
132.688
132.713575
132.746875
132.7609
132.775375
132.7813
132.809925
133.054175
133.090575
133.09455
133.129275
133.172325
133.176475
133.860525
133.943475
134.0224
134.188725
134.2294
134.702025
134.726625
134.77305
134.819825
134.86375
134.888425
135.3284
135.446725
135.6424
135.66155
135.727
135.83875
136.2762
136.335675
136.340475
136.367325
136.40425
136.444275
136.58035
136.814075
137.2911
137.327625
137.384075
137.434325
137.4466
137.47025
137.5168
137.93455
137.954475
138.867525
139.1276
139.32235
139.42925
139.555125
140.067425
140.414225
140.431375
140.46875
140.488575
140.50305
140.529225
140.5493
140.99585
141.0127
141.12095
141.122875
141.13045
141.6412
141.666875
141.69405
141.704225
141.7425
141.7732
141.786075
141.82075
141.82985
141.838275
141.870675
142.364925
142.516575
142.941025
143.84525
144.0585
144.089775
144.10375
144.1109
144.173425
144.1984
144.210575
144.300525
144.7318
144.78275
144.817075
144.89225
145.25185
145.45015
145.494225
145.4986
145.5497
145.576925
145.6168
145.775775
145.849175
146.20545
146.2357
146.266525
146.416275
146.43225
146.49395
147.0151
147.0678
147.140625
147.182375
147.214325
147.255825
147.2895
147.337225
147.80835
147.842025
147.85335
147.862025
147.87145
147.8883
147.896125
147.908125
147.93245
147.949375
147.97105
147.999275
148.500425
148.5162
148.5498
148.577075
148.5959
148.624525
148.6595
149.182175
149.18475
149.1965
149.41955
149.95425
150.150425
150.244575
150.80235
150.874275
150.9945
151.0536
151.12135
151.181325
151.6045
151.8963
152.087575
152.42735
152.790175
152.840125
152.886525
152.9044
152.9317
153.485925
154.2065
154.2648
154.6696
154.7313
154.7608
154.798175
155.0266
155.053225
155.286475
155.38865
155.697825
155.72875
155.743325
155.780325
155.8696
155.90035
155.91505
155.99315
156.0054
156.288075
156.5066
156.694125
157.17275
157.22495
157.356
157.379575
157.418175
157.698825
157.713525
157.715175
157.74855
157.766175
157.7882
157.808225
157.820625
157.851825
157.87605
158.6023
158.657125
158.681325
158.737
158.7696
158.799875
159.1259
159.1295
159.1384
159.17865
159.610425
159.623875
159.632025
159.684675
159.84435
160.22715
160.236425
160.32345
160.360075
160.427925
160.471375
160.49725
160.59375
160.6021
161.196875
161.206525
161.22485
161.230575
161.66515
161.85825
162.01915
162.5137
162.5461
162.56085
162.5952
163.555175
163.95305
164.23905
164.593
164.670825
164.705
164.74135
165.2774
165.3371
165.3658
165.370675
165.378775
165.38715
165.4011
165.42785
165.4779
165.510275
165.946
165.9508
166.245575
166.3167
166.337225
167.19735
167.2038
167.204875
167.23225
167.261275
167.2724
167.32925
167.347025
168.01115
168.093
168.137275
168.182375
168.19545
168.20635
168.21955
168.28335
168.848325
168.90135
168.965775
168.9932
169.011375
169.05575
169.4107
169.492025
169.52035
169.571775
169.673925
170.122575
170.206875
170.2135
170.22215
170.9164
170.94825
170.969325
171.00545
171.7698
171.83685
171.891525
171.92715
171.98405
172.505275
172.534975
172.5556
172.779325
172.79235
172.801775
172.810175
172.8573
172.885525
172.909425
173.23375
173.574075
173.676575
173.6988
173.70575
173.7167
173.734575
173.74825
173.75425
173.7698
173.77575
173.920675
173.951575
174.010625
174.02175
174.351925
174.772775
174.7964
175.21015
175.244
175.33855
175.35515
175.764225
176.1395
176.2275
176.265275
176.2931
176.570275
176.763425
176.96105
177.196075
177.21515
177.219675
177.238575
177.2661
178.060475
178.2823
178.307475
178.893975
178.8967
179.083425
179.09475
179.108875
179.822425
179.8576
179.874025
179.954125
179.97495
179.980075
179.996525
180.3439
180.380275
180.4165
181.034425
181.0469
181.266275
181.2963
182.09205
182.172275
182.18785
182.207475
182.215275
182.27385
182.66825
183.338025
184.046825
184.207075
184.579775
184.614225
184.654
184.87065
184.976775
184.979925
185.00205
185.04715
185.411775
185.45235
185.562275
186.307375
186.334275
186.419
186.42965
186.48965
186.5262
187.2762
187.322
187.436425
187.464175
187.5121
187.53345
187.540525
187.5531
187.8119
188.0244
188.144975
188.314125
188.355525
188.756075
188.947025
188.952725
189.00555
189.053375
189.0806
189.25325
189.449425
189.863275
189.95535
189.989975
189.99945
190.028925
190.050725
190.074975
190.0946
190.65235
190.658125
190.6902
190.737175
190.7449
190.760675
190.81425
191.28185
191.3582
191.41215
191.95195
191.9695
191.977775
192.37625
192.38455
192.388775
192.3949
192.409
192.42115
192.4362
192.448025
192.464275
192.513325
192.5342
192.59075
192.637725
192.6509
192.93535
192.963975
192.97265
192.984975
193.011025
193.03035
193.2124
193.258675
193.810675
193.82415
193.849325
193.87785
193.888425
193.905125
193.9563
194.117125
194.66475
194.7335
194.7796
194.81145
195.029375
195.03335
195.122275
195.558075
195.624125
195.663575
195.69185
195.751475
195.793875
196.4907
196.528775
196.633875
197.190325
197.19875
197.204975
197.21085
197.2152
197.225675
197.262575
197.767275
197.85035
197.92505
197.937675
198.231025
198.60925
199.1072
199.11205
199.1302
199.170375
199.18805
200.03805
200.15565
200.1927
200.227225
200.243675
200.34055
200.71065
200.750675
200.79335
200.9154
200.945325
200.97855
201.028025
201.42505
201.458125
201.4711
201.4982
201.5281
201.749975
201.785325
202.55645
202.566925
202.58545
202.619125
202.9502
203.3396
203.495175
203.51465
203.522825
203.562575
204.235475
204.28385
204.750225
204.79295
204.81345
205.28875
205.299575
205.338125
205.35165
205.3758
205.405725
205.44485
205.77985
205.886025
205.906325
206.010975
206.7348
206.775
206.8638
206.898075
206.9483
207.286875
207.443125
207.45895
207.723
208.009525
208.023175
208.047925
208.057875
208.451875
208.484875
208.5048
208.643725
208.67765
208.68465
209.22565
209.249525
209.263025
209.29325
209.310125
209.32285
209.371675
209.72795
209.765175
210.058375
210.14375
210.22605
210.458225
210.512025
210.59355
210.905025
210.93795
210.994375
211.154425
211.694625
211.7053
211.71055
211.722675
211.72925
211.898225
211.999075
212.059425
212.09525
212.6368
212.82455
212.8462
212.887425
212.920775
213.3792
213.414125
213.427275
213.47845
213.908425
213.9304
214.2704
214.51555
214.521675
214.535275
214.55855
214.9646
214.970575
214.97835
214.980125
214.9864
215.0064
215.026525
215.040675
215.06635
215.0826
215.220475
215.5754
215.592525
215.606875
216.2652
216.54675
216.595175
216.96555
217.102575
217.896425
218.663625
218.696275
218.75825
218.7876
218.804025
218.855575
218.860625
219.345875
219.875325
219.943675
220.01325
220.603625
220.6283
220.630825
220.63175
220.6627
220.683
220.774775
220.9962
221.417675
221.5194
221.754025
222.0179
222.52095
222.7844
222.787875
222.792375
222.7992
222.8082
223.03525
223.121525
224.689425
224.794075
225.2319
225.288175
225.83495
225.90875
226.401125
226.432825
226.4788
226.48785
226.55345
226.57265
226.614175
226.63385
227.093925
227.17935
227.426325
227.8676
227.9265
227.964875
228.760875
229.287875
229.309025
229.316125
229.352625
229.4391
229.70715
230.0385
230.089625
230.26865
230.604175
230.626625
230.651925
230.6807
231.105825
231.223775
231.25415
231.384175
231.85385
231.91015
231.949825
232.33945
232.363975
232.3856
232.434775
232.4431
232.457875
232.484325
232.5034
232.9404
233.01025
233.023175
233.266
233.290025
233.2996
233.35265
233.369725
233.375275
233.4083
233.743875
233.758
233.771
233.8209
234.483275
234.49555
234.51795
234.543675
235.02255
235.179375
235.1887
235.19325
235.261675
235.296225
235.30965
235.33205
235.3562
235.3865
235.88005
235.93655
235.999025
236.48395
236.493025
236.5308
236.5517
236.557575
236.809775
236.81435
236.866775
237.010475
237.024325
237.039175
237.06015
237.398475
237.406375
237.4358
237.474
237.70075
237.73105
237.841525
237.92145
237.9806
238.000875
238.057675
238.839
239.1303
239.240325
239.682925
239.7479
239.752075
239.830525
