0.664625
3.459775
3.608475
5.553775
5.622625
5.626375
5.6314
5.7478
5.891975
7.4585
9.3034
10.7749
10.813875
11.009975
12.626375
12.630825
13.767125
14.463375
15.105325
15.403675
15.489825
17.13895
17.143025
17.54485
18.065075
19.1366
24.780325
31.406525
31.41445
31.44175
31.73335
31.924125
32.516925
33.32425
33.3275
33.3802
33.384225
36.441125
36.4789
36.4825
36.487025
36.840725
36.90085
36.9903
37.349225
39.725175
39.738075
39.742125
40.10635
40.217775
41.296025
42.0323
43.55115
44.2206
44.224375
44.2736
44.824375
47.0213
47.02495
47.028925
47.108325
47.52755
47.9787
49.527525
49.53145
51.478725
51.483825
52.22845
54.212875
54.282175
54.9422
55.1666
56.5579
56.5617
56.5668
56.58275
57.34635
57.3502
57.354925
60.63115
60.67665
61.0065
61.0472
61.117875
61.166325
62.726025
62.74365
62.972175
63.7153
63.726225
63.729875
64.426
64.43005
64.536275
65.671525
66.181375
66.18515
66.1904
66.3284
66.334425
66.342825
67.052675
67.056925
67.9424
67.9462
69.54035
71.559325
71.566625
71.808875
71.8413
72.41905
72.5874
72.595125
72.599375
72.630675
72.652725
73.766275
73.780375
73.7836
73.787375
74.498525
74.605925
74.8181
75.306275
75.81575
76.12735
76.133375
76.1942
76.33235
76.513175
77.7669
77.770925
77.981575
77.98585
78.13085
79.051375
79.66395
79.6667
79.88675
79.905275
85.582725
86.631725
86.6406
86.677425
86.736225
87.474425
87.476675
87.6096
87.618575
90.238425
90.373675
90.390075
91.3634
91.368325
93.6151
94.514225
95.103025
95.1802
95.2437
97.430325
99.03465
100.69545
101.643825
103.43
103.581
104.159775
104.188625
105.704775
106.227625
107.1488
107.515275
107.804
107.820425
108.669225
109.485725
109.49005
110.27865
110.32485
110.335825
111.885025
111.9411
113.6665
114.537175
114.551775
114.8408
115.61395
118.122825
119.70055
119.711875
120.6343
120.640075
121.66845
121.6753
121.7201
121.74
122.911675
122.915125
122.9188
123.198775
123.43895
123.821175
124.05065
124.059675
124.12305
124.911175
125.60545
125.636375
125.6414
125.645975
127.000775
127.004225
127.0079
127.55175
128.2207
128.2252
128.233425
128.253025
129.05345
129.526825
129.53105
129.931625
131.47505
131.5086
132.5406
132.54535
136.688575
137.987175
138.202025
138.25035
138.26755
138.459675
138.494675
139.271675
139.824075
140.238725
140.804575
140.808175
140.81255
142.2439
142.689225
142.693925
142.7241
142.893975
142.9698
144.32445
144.3283
145.832625
145.839175
145.868675
147.184525
147.320825
147.3325
148.003825
149.191875
150.1966
151.1808
151.2619
153.069125
153.073775
153.09225
153.538225
153.54265
153.548875
154.343
154.50465
154.596575
156.265975
156.7083
156.712425
156.71935
156.757925
156.8018
158.1655
160.242675
160.6034
161.238
161.2422
161.351475
161.636925
161.67
161.698575
161.709975
161.738725
162.46245
162.61615
163.66835
163.672825
163.6897
163.6978
163.839825
163.889825
163.9507
163.9852
164.00605
164.132375
164.796975
165.101375
165.1059
165.436275
165.539425
165.5446
167.43625
168.30115
168.30585
168.310325
169.703825
171.108725
171.12435
171.127775
171.131225
171.135975
171.168625
171.185525
172.00115
172.005125
172.02575
172.655425
175.1751
176.85125
176.8578
176.8622
178.2663
179.0713
180.758225
182.1594
182.471875
182.9944
183.331375
183.494425
183.518075
183.531325
183.57505
184.245125
184.250475
184.267725
185.5381
185.5428
186.5202
188.274825
188.291675
188.32775
188.3474
188.45965
188.492675
189.0235
189.23195
189.300225
189.304125
189.308025
189.3132
189.321625
190.32445
190.32875
190.35195
191.26395
192.700125
195.7928
197.866825
197.874175
198.326075
198.3454
198.583025
198.60085
198.62325
198.63065
198.640675
198.647875
198.6963
198.716875
199.457575
199.4632
199.5571
199.567425
199.6033
201.02045
201.026075
201.0796
201.083575
201.0917
202.9627
203.597475
203.601675
203.606025
203.782
203.783275
203.785525
204.26605
204.27445
204.696575
204.7002
204.714525
204.718825
204.779325
205.447575
205.45095
205.45495
205.513175
206.41705
206.42105
207.58185
207.585925
207.5905
208.649375
208.654275
208.991675
209.738875
209.745
215.563275
215.5672
215.578325
215.625125
215.6388
215.663875
215.937725
216.255775
216.493775
216.557525
216.619875
217.28185
217.30265
217.351425
217.398725
217.4523
218.223625
218.2268
218.229875
218.233875
218.772625
218.90845
218.9115
218.914575
218.9189
219.938725
219.9966
219.99935
220.0399
220.043875
220.95375
220.95745
220.963025
221.381925
221.38635
221.801375
221.886325
221.891625
222.2767
222.279825
222.318725
223.32235
223.443475
223.598925
223.60585
224.060775
224.116775
224.757675
224.767975
224.7709
224.77405
224.777625
224.781875
225.212525
225.239975
225.258775
226.147025
226.152075
226.85845
227.34385
227.437775
228.16865
229.06045
229.06865
238.2437
238.246775
238.248825
238.286275
238.595475
238.641025
239.3402
239.34865
239.384525
