4.297025
5.723
7.09
13.680975
15.2786
15.284325
16.2643
17.95625
18.413225
19.026225
19.710625
19.7151
20.994625
20.999825
27.40965
27.415325
34.7117
34.717375
36.0365
36.5613
39.015975
39.021125
40.201775
41.710725
45.829125
46.359375
49.642825
52.924575
56.480375
60.50135
66.21535
70.804275
71.357425
73.298375
73.303375
75.21735
75.221425
79.673825
79.678325
82.416975
87.427075
90.744725
93.3618
96.520975
103.479725
103.5005
105.3022
112.765225
115.686125
120.559325
121.612125
123.5211
124.01225
124.522225
124.7561
126.884425
126.8888
128.08495
130.658775
132.0476
137.929075
139.02765
140.1439
143.212775
143.218575
150.245125
151.89615
151.90105
152.895975
153.4867
155.47965
156.553525
157.736525
160.53425
160.552825
160.77215
162.54455
163.076325
165.0362
165.040375
165.432775
168.2599
169.93095
172.57985
177.49575
184.1411
192.648225
193.5046
195.629975
198.8745
199.41185
203.350525
203.791475
204.287825
204.69385
205.37055
205.375575
207.323125
207.328125
208.902625
208.9079
210.9074
210.9119
213.3239
214.65105
216.84345
218.06795
218.858175
219.613625
219.618475
223.069775
223.2795
224.5039
225.146475
226.670675
228.06305
228.079525
228.62995
229.5631
231.41515
232.74415
233.5712
233.57575
235.714675
236.2185
238.7435
239.373975
