0.27345
0.329025
0.62175
0.6306
3.3895
4.57485
4.59155
6.781775
7.300575
7.63585
8.166225
9.2028
10.7724
10.9503
10.97945
12.447825
12.527375
14.209675
14.410525
14.420325
16.239775
16.248425
16.285325
17.102325
17.408175
17.4256
17.5447
17.552775
17.5626
17.648575
18.04335
18.66305
18.66725
18.6711
18.679425
18.700475
18.849525
19.0259
21.252975
22.056
25.454875
26.005875
26.0175
26.52465
27.39225
28.683625
28.7364
28.87415
30.45425
31.242175
31.2463
31.249675
32.573
33.253925
33.259425
33.272325
33.784075
35.334075
36.33855
36.357675
38.95535
39.948025
40.97285
42.595375
42.695725
44.236725
45.045325
45.04925
46.3158
47.17525
47.294175
48.57705
50.332925
50.883675
53.3295
54.04195
54.046075
54.705
54.858225
54.8637
54.95995
54.970625
55.586625
55.598925
56.43715
56.447
57.943925
60.509375
60.5221
60.999525
61.01685
61.7317
61.750725
62.030025
62.61885
62.6284
64.284325
64.306525
64.50475
64.523975
66.0425
66.530325
66.727175
68.1424
68.8424
68.893225
71.458925
71.499825
72.588175
72.601025
72.60975
72.620625
72.6294
72.633225
72.64755
73.6874
73.691225
73.696175
73.70805
74.82995
74.83465
74.84845
75.5751
75.6519
75.65995
75.688575
76.3758
76.385225
76.410925
77.553225
77.9468
77.9609
77.9963
78.0866
79.087125
79.887725
79.8918
79.89525
79.904575
79.922775
80.4995
81.6466
83.187075
83.397175
83.40505
83.5408
83.861325
84.929575
85.176825
85.1899
86.32295
86.56215
88.85165
89.3508
90.233925
90.236775
90.23985
90.24495
90.263025
90.73495
90.739375
91.8524
92.896675
92.92965
93.603275
93.742925
93.850425
93.964675
94.9415
94.999875
95.0879
95.0929
95.10065
95.12645
95.75655
96.095425
97.355725
98.678475
98.90665
98.9146
100.340375
101.115925
102.2479
102.77165
102.7793
102.84375
103.453625
103.458475
103.462325
103.469825
103.632475
104.18725
104.8202
105.551475
105.70935
106.2064
108.547725
108.79625
110.300275
110.335525
110.75725
111.24295
111.62425
111.63185
111.791625
113.600175
113.6416
114.13675
114.878875
115.554275
118.07705
118.10325
119.484525
120.313225
120.64105
121.024825
121.672275
123.1866
123.454175
123.45855
123.912075
125.12615
125.130675
125.5802
125.588775
127.72735
127.73315
127.738125
128.139
128.1571
128.727775
128.732425
128.7351
128.746925
129.752475
129.75665
131.17515
131.17905
132.335225
132.338825
132.3435
134.448975
134.9275
135.25175
135.813
136.259775
136.389875
137.089875
137.31685
137.646675
137.90735
138.212225
138.2183
139.10315
139.48405
139.6399
140.414925
140.644425
141.293025
141.29915
141.314525
141.34935
141.664575
142.700125
142.707275
142.731025
143.80375
143.815225
144.42405
144.962625
145.538
145.7923
145.8301
146.7201
148.203725
148.76525
148.794
149.209
150.6318
152.941225
153.41465
155.822525
157.217975
157.892375
158.536925
159.491725
160.1512
160.562025
160.57405
163.346325
164.1395
164.1704
166.363225
167.1057
167.111975
167.11775
167.136075
169.081375
170.17275
170.382625
171.73905
171.875175
171.9653
171.991625
172.03745
172.8371
174.2954
174.33095
174.33825
174.3451
174.357825
174.370625
174.838375
175.435275
176.156325
176.252525
177.208575
177.30675
177.3591
177.602875
179.819925
180.667875
181.316025
182.02715
182.529825
183.77575
183.779575
183.7832
183.7893
183.80015
183.817275
188.4815
190.093725
190.30225
190.68315
191.709
193.544575
195.12155
195.500575
197.312825
198.07045
200.638775
200.73695
200.745475
201.040125
203.52025
203.791175
204.05405
204.134225
205.317475
205.467975
205.472825
206.4159
206.525625
208.2507
208.868525
208.89865
209.927025
209.969225
211.707725
211.8986
213.457775
215.213525
215.554025
215.55795
215.845675
218.4601
218.730775
219.159925
221.915575
222.673225
223.2513
223.7412
223.753975
224.613225
225.91435
226.104575
226.42065
226.7664
228.5222
229.921025
229.9251
229.939225
230.174025
231.6848
232.7786
234.5339
234.6558
235.0531
235.386175
236.24205
236.346725
237.564675
237.6924
238.891875
239.2433
239.6914
239.737175
