0.12075
0.2274
0.3913
0.47755
0.513975
0.52515
0.596925
0.61695
0.61875
0.624225
0.628175
0.671125
0.8441
0.9789
0.9857
0.995175
1.083575
1.244525
1.273475
1.37915
1.382575
1.4143
1.626225
1.7807
1.855175
1.936125
1.93905
2.108175
2.16305
2.17015
2.25785
2.2641
2.817275
2.85495
2.85895
2.9957
3.14675
3.1957
3.20055
3.2751
3.338625
3.342775
3.349725
3.358225
3.4453
3.449175
3.454875
3.4715
3.54725
3.568
3.589925
3.591825
3.593625
3.595825
3.598475
3.6083
3.610825
3.655975
3.659325
3.685075
3.765875
3.769775
3.80685
3.832275
3.870375
3.874025
3.8763
3.89655
3.898425
3.901125
3.90405
3.909025
4.126125
4.204725
4.20695
4.208675
4.21495
4.22145
4.2286
4.2419
4.279625
4.289525
4.378375
4.49715
4.528
4.53175
4.9135
4.9175
4.994575
5.280575
5.4387
5.44245
5.46315
5.477275
5.489775
5.494125
5.522825
5.524625
5.526525
5.534925
5.663825
5.678
5.715675
5.720575
5.72255
5.729325
5.733275
5.736525
5.743925
5.7629
5.766275
5.7687
5.7747
5.7996
5.835
5.837675
5.857
5.8694
5.874425
5.922075
5.932625
6.339475
6.64805
6.65015
6.655875
6.8194
7.0099
7.0163
7.113
7.117875
7.19875
7.591325
7.76005
7.770425
7.860225
7.8667
7.885075
8.08995
8.17845
8.194675
8.2531
8.27505
8.485375
8.597975
8.687325
8.73615
8.768925
8.887125
8.891925
8.9444
9.0382
9.056075
9.084775
9.1367
9.156975
9.1611
9.1874
9.1928
9.229775
9.236175
9.238575
9.2452
9.35205
9.464275
9.47455
9.5742
9.57615
9.651975
9.654925
9.66725
9.79515
10.03815
10.2166
10.218775
10.221625
10.22315
10.465225
10.467875
10.490275
10.494975
10.50555
10.51565
10.755675
10.7585
10.76325
10.765125
10.773
10.781925
10.7877
10.78865
10.791775
10.94715
10.9495
10.952275
10.9583
10.966575
10.9746
11.31815
11.574775
11.581325
11.598675
11.6021
11.774875
11.87455
11.87715
11.9575
12.290675
12.5372
12.54
12.57955
12.581325
12.583675
12.589025
12.594175
12.82975
12.851375
12.85515
12.8942
12.897125
12.9124
12.944475
12.9526
12.95525
12.957125
12.959225
12.9615
12.964275
12.966975
12.972925
13.28375
13.651925
13.6537
13.6555
13.67525
13.693775
13.700175
13.711775
13.99865
14.12255
14.165525
14.21815
14.28175
14.509125
14.515375
14.554225
14.901625
14.95545
14.959225
14.97045
14.981825
14.98485
15.00215
15.023275
15.0256
15.038325
15.284525
15.351975
15.35475
15.3737
15.3754
15.3776
15.3801
15.3872
15.3951
15.410975
15.421325
15.4344
15.618075
15.7639
15.920925
15.9993
16.009775
16.20705
16.270475
16.5884
16.75735
16.802925
16.93805
17.023925
17.02785
17.034575
17.102875
17.104625
17.10625
17.10865
17.1117
17.11945
17.295825
17.308725
17.318825
17.3996
17.4489
17.452725
17.460975
17.463375
17.471925
17.4773
17.518725
17.52715
17.554225
17.7907
17.796775
17.95045
17.952525
17.957275
17.9829
18.010375
18.03365
18.0366
18.0426
18.077125
18.0998
18.105825
18.22755
18.281825
18.39345
18.3963
18.412125
18.418725
18.425075
18.6763
18.6792
18.8962
18.89985
18.9704
18.9725
19.01
19.012875
19.02855
19.041625
19.1854
19.399875
19.489475
19.49345
19.69345
19.79005
19.7924
19.79815
19.8011
19.958625
20.126075
20.213925
20.215225
20.395525
20.953125
21.259825
21.380825
21.38365
21.395375
21.7156
21.8021
21.8457
21.957175
21.962475
22.1325
22.2657
22.436175
22.50305
22.505475
22.61075
22.7661
22.8713
22.886225
22.890125
22.9588
23.11525
23.42985
23.455825
23.671775
24.09655
24.48185
24.525575
24.75015
24.81865
24.89745
24.89955
25.400375
25.614325
25.6556
25.658375
25.8651
26.0248
26.0529
26.0721
26.2348
26.241525
26.551175
26.555525
26.87325
26.95435
26.9585
27.07885
27.172075
27.2535
27.256725
27.418675
27.42585
27.509675
27.5124
27.522475
27.612925
27.6152
27.70855
27.87565
27.891625
28.23415
28.375275
28.59455
28.73135
28.7349
29.0013
29.003875
29.163475
29.38155
29.597975
29.69755
29.7039
29.729325
29.733375
29.8113
30.1372
30.190825
30.314675
30.318525
30.319525
30.53005
30.61685
30.61905
30.629875
30.798125
30.80695
30.856275
30.907475
31.02
31.08215
31.310275
31.312325
31.3178
31.333125
31.3704
31.37365
31.37845
31.569225
31.6353
31.64305
31.6451
31.6478
31.6497
31.652275
31.65915
31.67065
31.682625
31.82425
31.833225
31.83825
32.065475
32.11145
32.1482
32.160625
32.1629
32.165075
32.1696
32.175025
32.2244
32.36205
32.4237
32.52285
32.628575
32.65685
32.658825
32.66095
32.792975
32.954675
32.973625
33.132125
33.304275
33.31685
33.32115
33.384725
33.38875
33.4741
33.478825
33.49675
33.740225
33.753475
33.7784
33.783675
33.787225
33.78955
33.798325
33.933075
33.9389
33.98635
34.209075
34.455625
34.602725
34.6429
34.6845
34.6966
34.725275
34.73145
34.844875
34.973
34.983725
35.11455
35.252325
35.3309
35.334075
35.34235
35.3451
35.765325
35.7953
35.8
35.805175
35.92435
35.966775
36.041075
36.08795
36.294075
36.382
36.384225
36.403125
36.4117
36.42245
36.42775
36.429675
36.433325
36.436525
36.440075
36.45035
36.552525
36.5546
36.56985
36.6408
36.699175
36.7223
36.754075
36.781525
36.824875
36.8266
36.828425
36.832
36.834875
36.846475
36.87005
36.87305
36.8823
36.927175
36.936525
36.939775
36.947425
36.95615
36.9602
36.99095
36.9935
37.004875
37.010275
37.012925
37.015
37.0299
37.086775
37.122375
37.27345
37.285025
37.31905
37.3335
37.3361
37.34795
37.349875
37.358575
37.361425
37.365875
37.367925
37.373675
37.377875
37.61625
37.618125
37.6211
37.655375
37.6584
37.661825
37.66675
37.928575
38.09415
38.17395
38.176
38.1783
38.583075
38.629675
38.719775
38.9715
39.068775
39.100525
39.1107
39.113425
39.17495
39.226675
39.230625
39.6159
39.6206
39.637875
39.64105
39.675225
39.684525
39.686975
39.689275
39.8329
40.077175
40.09415
40.09585
40.0988
40.1008
40.1041
40.110325
40.11845
40.125325
40.180075
40.1826
40.18795
40.217425
40.220975
40.22945
40.2882
40.29715
40.30725
40.39095
40.393625
40.39595
40.406
40.408725
40.46835
40.471775
40.474175
40.47845
40.4868
41.1713
41.1731
41.17625
41.255275
41.258575
41.482075
41.8225
41.931775
41.991875
42.130575
42.3523
42.581225
42.588475
42.76725
43.0631
43.21315
43.226975
43.3291
43.6932
43.699025
43.709225
43.715575
43.7185
43.72745
43.905775
43.980475
44.040225
44.04395
44.15945
44.177475
44.190425
44.2157
44.21795
44.24035
44.278875
44.281475
44.2861
44.288475
44.2951
44.667275
44.669
44.670825
44.673125
44.6754
44.6811
44.725625
44.730675
44.745925
44.74965
44.778375
44.78325
44.863
44.92705
44.931475
44.9342
44.955275
44.96185
44.965175
44.971575
44.9743
44.98415
45.009675
45.287325
45.3014
45.4197
45.444825
45.711
45.71395
45.81515
45.9016
46.035375
46.19005
46.275925
46.278075
46.29605
46.306325
46.381925
46.7195
46.72145
46.72635
47.019175
47.02635
47.0296
47.0455
47.048525
47.060125
47.235425
47.2401
47.31565
47.5841
47.59005
47.86875
47.8913
47.91135
47.915575
47.934525
47.936725
47.939375
47.94735
47.955225
48.1053
48.651325
48.781625
48.941325
49.332925
49.46125
49.467
49.599075
49.59995
49.60345
49.6153
49.633275
49.64845
49.65705
49.69125
49.706625
49.710275
49.754375
49.756175
49.75925
49.7641
49.8747
49.931175
49.933275
49.972825
50.280325
50.2886
50.440225
50.9347
50.94555
51.1278
51.2422
51.2595
51.26205
51.2814
51.32945
51.3489
51.36125
51.404125
51.4068
51.56925
51.616375
51.6812
51.840375
51.844875
52.082725
52.17505
52.201225
52.212725
52.279475
52.374825
52.3756
52.37785
52.392425
52.610325
52.666925
52.8342
52.97125
53.0645
53.10535
53.11305
53.229825
53.381725
53.40795
53.64785
53.743925
53.751475
53.786325
53.837125
53.891225
53.9199
54.1391
54.141125
54.143325
54.145875
54.15825
54.164975
54.224075
54.233425
54.46035
54.7578
54.878525
54.892475
54.9907
55.032475
55.1279
55.135525
55.138975
55.4416
55.444575
55.572675
55.84335
55.952275
56.209075
56.325025
56.452225
56.454625
56.485775
56.487725
56.496725
56.5012
56.51115
56.517725
56.527175
56.618325
56.733175
56.737625
57.0817
57.08455
57.232775
57.2834
57.304125
57.307975
57.3276
57.43995
57.57335
57.583075
57.693225
57.830825
57.833425
57.97
58.1307
58.135825
58.211175
58.339875
58.469075
58.7453
58.7492
58.80675
58.813725
58.815725
58.81835
58.823275
59.04135
59.046475
59.16915
59.217175
59.372275
59.462325
59.584375
59.592
59.632475
59.77825
59.872625
60.0695
60.149475
60.28685
60.333075
60.346125
60.421675
60.49885
60.616475
60.622475
60.639175
60.643125
60.706425
60.708975
60.823425
60.9329
60.933925
60.947075
60.95045
60.9687
60.992175
60.99575
60.998025
61.0002
61.002375
61.0047
61.006675
61.01355
61.022625
61.03485
61.14585
61.330675
61.3999
61.55755
61.605325
61.626275
61.660625
62.1126
62.28275
62.310625
62.314
62.3289
62.381275
62.435475
62.56495
62.574075
62.575875
62.5768
62.582075
62.585075
62.599675
62.602175
62.604125
62.60635
62.609125
62.6122
62.619
62.621175
62.626775
62.64185
62.6674
62.6722
62.724025
62.72775
62.73935
62.746475
62.7515
62.8017
62.8081
62.813125
62.8173
62.820175
62.8299
62.837025
62.85545
62.857625
62.871375
62.87725
62.8797
62.887525
62.898275
62.904375
62.927225
62.932275
62.95135
62.954
62.97015
62.97925
63.389625
63.4574
63.57495
63.581775
63.60565
63.609725
63.62535
63.6286
63.655875
63.839625
63.8492
63.889275
64.053075
64.056875
64.1567
64.259375
64.2616
64.267575
64.284475
64.288175
64.29305
64.36535
64.46155
64.46705
64.47605
64.4782
64.481025
64.48965
64.4924
64.5771
64.579225
64.588825
64.628175
64.63015
64.637125
64.6406
64.6455
64.6498
64.65655
64.6664
64.67465
64.67745
64.6827
64.706025
64.713925
64.724575
64.735875
64.741075
64.7453
64.756
64.7724
64.775725
64.79585
64.839925
64.84275
64.85815
64.8833
64.887
64.9267
64.92885
64.93265
64.941525
64.945625
64.989975
65.134975
65.17755
65.596875
65.6821
65.75385
65.760275
65.853975
66.033225
66.03575
66.09525
66.0974
66.103675
66.227075
66.231175
66.23445
66.241125
66.245125
66.250525
66.2602
66.3009
66.30355
66.3167
66.323375
66.335675
66.340125
66.349425
66.357975
66.373875
66.4378
66.4408
66.543825
66.571875
66.771925
66.874175
66.9655
67.010275
67.234275
67.31005
67.3312
67.342225
67.365175
67.512025
67.644
67.6914
67.8243
67.972725
68.013025
68.159375
68.16535
68.3083
68.32065
68.375725
68.647
68.64995
68.696
68.698225
68.721875
68.81375
68.85185
68.9212
68.953525
69.073325
69.155325
69.15925
69.219925
69.255275
69.265175
69.26605
69.269025
69.284475
69.296725
69.3092
69.312725
69.31735
69.344625
69.419775
69.423125
69.476175
69.487925
69.504075
69.516325
69.519675
69.53205
69.5446
69.57645
69.579575
69.582875
69.590075
69.62445
69.6272
69.6329
69.644325
69.64675
69.663725
69.676725
69.7912
69.794675
69.8646
69.881525
70.005025
70.0085
70.07685
70.079675
70.08365
70.15925
70.373275
70.496725
70.58925
70.590575
70.59245
70.6591
70.6621
70.67755
70.681025
70.68725
70.6899
70.6951
70.699725
70.75795
70.7791
70.782125
70.807125
70.87545
70.881325
70.899825
70.9024
71.130575
71.18155
71.330925
71.33275
71.35165
71.477425
71.593125
71.5952
71.59775
71.607675
71.611
71.6133
71.6383
71.690175
71.70835
71.712175
71.732
71.771725
71.780925
71.84345
71.919325
72.038575
72.27295
72.3665
72.369325
72.37775
72.383275
72.428975
72.43155
72.438775
72.444575
72.5511
72.5649
72.57625
72.578
72.5803
72.5838
72.586425
72.599525
72.6543
72.69655
72.70145
72.71085
72.77625
72.7792
72.78165
72.784925
72.801125
72.8221
72.833325
72.8369
72.84185
72.989875
73.272525
73.6397
73.6426
73.6881
73.694925
73.73395
73.749525
73.75615
73.75865
73.770475
73.959075
73.987475
73.99045
74.214925
74.232775
74.4745
74.477375
74.49405
74.495775
74.49775
74.503025
74.520875
74.52865
74.55615
74.575175
74.77725
74.799525
74.801325
74.802975
74.81185
74.81385
74.816275
75.041025
75.081775
75.22365
75.3224
75.355675
75.567475
75.576775
75.692025
75.89465
76.063075
76.06535
76.07745
76.098725
76.108925
76.11135
76.1134
76.117075
76.317925
76.32025
76.327175
76.3293
76.333825
76.339525
76.345975
76.363675
76.40415
76.406025
76.420125
76.4227
76.427875
76.430725
76.449575
76.453025
76.543475
76.592225
76.8405
77.09085
77.0944
77.159825
77.25955
77.39295
77.56055
77.581775
77.6518
77.7919
77.8686
77.87895
77.915475
77.91935
77.95105
77.96695
77.992825
77.995525
78.035675
78.050025
78.053125
78.0727
78.076825
78.081175
78.08615
78.1203
78.16045
78.286325
78.3083
78.458825
78.77735
78.82435
78.840325
78.904675
78.9075
79.01915
79.054375
79.060625
79.27245
79.348025
79.409125
79.4226
79.494575
79.560775
79.584375
79.59315
79.595775
79.5998
79.60495
79.791275
79.845125
79.862375
79.864275
79.867625
79.87625
79.88015
79.916275
79.92455
80.1147
80.2174
80.223375
80.304725
80.348
80.471125
80.529125
80.578275
80.60805
80.814975
80.8195
80.869175
80.874025
80.892275
81.0232
81.182575
81.192275
81.375175
81.458975
81.496225
81.51475
81.5441
81.58745
81.927725
81.960225
81.981625
81.9844
82.287775
82.297425
82.323525
82.359475
82.367
82.379275
82.6407
82.643925
82.6934
82.7217
83.2159
83.219575
83.273275
83.277825
83.31665
83.320475
83.348375
83.36655
83.755975
83.817425
83.8201
83.8947
83.91965
83.943175
84.0988
84.10145
84.121825
84.146925
84.15045
84.164075
84.184575
84.217525
84.219675
84.223025
84.2312
84.670675
84.7169
84.742725
84.795225
84.85485
84.93755
84.942875
84.9896
85.4548
85.459725
85.52375
85.52705
85.653125
85.6687
85.67295
85.686925
85.691875
85.711875
85.71845
85.728625
85.7308
85.733625
85.8201
85.865725
85.883975
86.048075
86.06265
86.06915
86.1932
86.21695
86.475325
86.479675
86.48685
86.519725
86.553425
86.56235
86.5799
86.59435
86.615425
86.631325
86.633375
86.640175
86.645825
86.654
86.8099
86.812275
86.9546
87.148975
87.151875
87.16865
87.179975
87.419625
87.42235
87.461525
87.464975
87.481475
87.5026
87.554325
87.556825
87.57045
88.028825
88.0586
88.2123
88.2213
88.423275
88.433125
88.643875
88.67145
88.85405
88.858925
89.045075
89.13345
89.135675
89.266025
89.3577
89.49065
89.515225
89.5227
89.523675
89.6612
89.9639
90.046225
90.225675
90.26705
90.2723
90.2779
90.30325
90.313825
90.31985
90.339225
90.36175
90.37935
90.440075
90.442325
90.461275
90.468125
90.5113
90.5143
90.527425
90.594675
90.64205
90.647725
90.654775
90.6577
90.660925
90.672
90.68235
90.7602
90.770575
90.79715
91.2684
91.270675
91.291725
91.4691
91.60285
91.745175
91.74835
91.750525
91.754075
91.756425
91.759425
91.8582
92.19115
92.3669
92.48345
92.78845
92.824525
92.8287
93.0463
93.058475
93.300775
93.304425
93.333375
93.3356
93.3396
93.358425
93.377325
93.389225
93.450425
93.51885
93.522275
93.557375
93.566975
93.59635
93.641925
93.644225
93.68055
93.68465
93.68705
93.74555
93.74845
93.75105
93.75935
93.765925
93.7687
93.7715
93.779075
93.9498
94.327875
94.385475
94.38765
94.417
94.418825
94.42125
94.423175
94.43075
94.4368
94.5556
94.55825
94.5867
94.8193
94.976975
95.02005
95.021775
95.023525
95.02795
95.0304
95.039075
95.04405
95.087325
95.0893
95.0932
95.09825
95.132025
95.154725
95.159575
95.1645
95.3252
95.330625
95.418875
95.48915
95.7011
95.744075
95.747
95.84675
95.974075
96.013525
96.13005
96.132775
96.3958
96.47045
96.6294
96.847875
96.86035
96.99495
97.0256
97.11745
97.169775
97.2327
97.299025
97.319175
97.4709
97.532325
97.541125
97.588625
97.5926
97.62005
97.653275
97.6633
97.686625
97.69815
97.701025
97.703475
97.711575
98.026375
98.132375
98.250375
98.328775
98.410775
98.413175
98.41995
98.443575
98.6078
98.654825
98.66595
98.818575
98.823875
98.826225
98.909275
98.911925
98.9375
98.940175
98.95275
98.957375
98.958575
98.960625
98.966125
98.97215
99.268025
99.28615
99.363025
99.424475
99.428175
99.505675
99.8484
99.853
100.047625
100.065
100.08475
100.250875
100.257525
100.365425
100.4108
100.413325
100.43035
100.578575
100.634875
100.636775
100.638825
100.6422
100.648175
100.651475
100.98085
100.999075
101.04995
101.10565
101.157175
101.184325
101.18895
101.506025
101.535075
101.5376
101.580675
101.59525
101.7295
101.739325
101.83605
102.049775
102.30185
102.33475
102.412325
102.465525
102.635625
102.75315
102.90415
103.019225
103.1376
103.14025
103.1488
103.403475
103.40975
103.4241
103.4261
103.43775
103.4738
103.47695
103.497275
103.502075
103.508525
104.0584
104.0672
104.0697
104.076575
104.1082
104.122175
104.160425
104.1648
104.60915
104.6164
104.926125
105.030125
105.232
105.52075
105.5236
105.54245
105.5727
105.57595
105.580175
105.585375
105.592925
105.6252
105.7642
105.766775
105.901225
105.968525
106.057
106.097025
106.12215
106.148875
106.1644
106.16745
106.16975
106.171925
106.175075
106.463975
106.467
106.4765
106.601625
106.609975
106.8953
106.95345
107.04035
107.04415
107.094075
107.098825
107.1045
107.106825
107.111625
107.1874
107.379
107.3808
107.38305
107.390225
107.41525
107.425325
107.428125
107.432
107.455825
107.457825
107.46235
107.46615
107.55565
107.60445
107.7071
107.7398
107.7426
107.774275
107.7817
107.786375
107.78905
107.793325
107.891725
108.263925
108.37145
108.433775
108.44035
108.471225
108.5266
108.5374
108.6397
108.73335
108.803525
108.806725
108.854475
109.044175
109.339175
109.42725
109.46205
109.518125
109.653025
109.6876
109.9597
110.2031
110.252175
110.2644
110.266575
110.270825
110.275475
110.30355
110.309425
110.38565
110.4454
110.4478
110.462225
110.483075
110.5353
110.53925
110.638175
110.832475
110.9145
111.26895
111.442175
111.55435
111.5994
111.7054
111.708225
111.80235
111.8385
111.841575
111.851975
111.868325
111.87705
111.886175
111.9346
112.011375
112.0722
112.077325
112.301225
112.471125
112.511825
112.51475
112.71305
112.790675
112.82145
112.82385
112.9371
113.013075
113.092475
113.1227
113.238925
113.5145
113.718275
113.787825
113.941125
113.94895
114.05065
114.46165
114.465175
114.4846
114.49165
114.499025
114.5011
114.503625
114.505775
114.509975
114.51925
114.6593
114.666525
114.679775
114.682
114.68405
114.686925
114.70255
114.761925
114.7657
115.1659
115.3043
115.39665
115.54105
115.5437
115.56965
115.593575
115.596275
115.601925
115.61015
115.680075
115.686825
115.91835
115.92165
116.0517
116.185575
116.2467
116.2513
116.304725
116.40225
116.41265
116.438575
116.46485
116.469775
116.480675
116.4882
116.52805
116.645425
116.699025
116.871
116.878
116.979125
117.331425
117.33375
117.42955
117.512825
117.6777
117.87795
118.013225
118.115625
118.129175
118.134075
118.176475
118.189075
118.210875
118.2601
118.27715
118.5939
118.77125
119.053875
119.0559
119.06015
119.26455
119.43775
119.44
119.453825
119.456125
119.5046
119.508875
119.525675
119.528525
119.57965
119.634825
119.67655
119.6939
119.696725
119.7784
119.93915
119.98125
119.9841
120.036625
120.4663
120.5014
120.5043
120.909525
120.92615
121.00575
121.24605
121.251075
121.496275
121.58645
121.603825
121.61115
121.665175
121.666975
121.66965
121.6719
121.6788
121.8321
121.83615
121.96895
122.380825
122.45535
122.4617
122.582525
122.736975
122.791175
122.9158
122.997125
122.998175
123.0744
123.0956
123.246925
123.4054
123.43995
123.443675
123.466275
123.49305
123.49555
123.501775
123.6742
123.7266
123.7704
123.85265
123.88775
123.890225
124.0478
124.12965
124.13405
124.299525
124.347625
124.353475
124.392425
124.447475
124.450825
124.512075
124.68005
124.742275
124.7472
124.75965
124.7617
124.773025
124.815975
124.819125
124.845475
124.847375
124.853975
124.85765
124.86905
124.8819
124.948375
125.09595
125.11665
125.158075
125.1615
125.196175
125.421975
125.53975
125.54245
125.547625
125.568175
125.582525
125.5851
125.5901
125.6002
125.69225
125.695675
125.700225
125.804175
125.90955
125.914325
125.91905
125.9309
125.933025
125.941625
126.0948
126.09645
126.098575
126.102
126.7948
126.865575
126.904775
126.908525
126.979375
126.981425
127.0258
127.08865
127.37625
127.4983
127.5006
127.533425
127.62775
127.631775
127.7203
127.75835
127.761025
127.765975
127.91295
127.9172
128.0264
128.06165
128.07055
128.08575
128.091375
128.1054
128.10815
128.111925
128.117325
128.127275
128.14625
128.16965
128.194375
128.197875
128.200425
128.21695
128.438425
128.445
128.453275
128.45785
128.460925
128.465075
128.716975
128.873625
129.352725
129.39705
129.564025
129.64405
129.65885
129.68955
129.787925
129.795625
129.8124
129.814375
129.84935
129.8744
129.8782
129.992075
130.0027
130.017525
130.066875
130.104075
130.1721
130.258675
130.575775
130.577725
130.580175
130.590225
130.703825
130.7169
130.745725
130.752575
130.768
130.807625
130.81425
130.8172
130.822975
131.0934
131.155025
131.166375
131.168725
131.175625
131.182125
131.314225
131.426775
131.4292
131.4418
131.455825
131.46315
131.518225
132.02505
132.10915
132.145725
132.14955
132.156625
132.616175
132.635175
132.707075
132.729675
132.747325
132.7711
132.916
133.145975
133.225675
133.284375
133.439025
133.621575
133.8859
134.00005
134.027125
134.135875
134.422675
134.425325
134.6134
134.64005
134.6424
134.76405
134.8021
134.904325
134.921875
134.932025
135.05005
135.12165
135.1532
135.30585
135.393075
135.66235
135.711425
135.7816
135.7842
135.883975
135.88705
135.89225
135.90095
136.07755
136.2498
136.403775
136.516625
136.520925
136.524175
136.56005
136.56225
136.58785
136.63505
136.678875
136.764025
136.8615
137.1515
137.3653
137.5275
137.65745
137.8506
137.877075
137.90725
137.92415
137.926225
137.9487
137.950725
137.954825
137.957275
137.96015
137.9633
138.109575
138.141825
138.14415
138.175975
138.19325
138.200375
138.2024
138.2052
138.2079
138.2101
138.2124
138.21465
138.288325
138.2941
138.35145
138.365175
138.36795
138.372275
138.379675
138.416625
138.420975
138.55515
138.598875
138.7411
138.8875
138.93745
139.10345
139.10955
139.440725
139.5218
139.544075
139.5467
139.55335
139.581875
139.6417
139.65135
139.67445
139.6805
139.68355
139.688575
139.6914
139.72845
139.730775
139.736825
139.746075
139.9141
140.13905
140.1563
140.15955
140.287875
140.489275
140.57715
140.627875
140.703875
140.708175
140.71865
140.7282
141.1808
141.219175
141.253175
141.58605
141.766425
142.053975
142.174775
142.20305
142.474825
142.4966
142.498525
142.501075
142.50375
142.517625
142.5221
142.5275
142.5772
142.600175
142.660675
142.669625
142.67205
142.674025
142.676575
142.67865
142.687225
142.707075
142.730275
142.74065
142.7432
142.774475
142.794625
142.83105
142.940175
143.220325
143.391425
143.540425
143.646625
143.7901
143.792325
143.79505
143.907275
143.9659
143.972425
144.061625
144.208775
144.266725
144.269925
144.48515
144.48905
144.658
145.4106
145.538675
145.54185
145.687875
145.759075
145.76405
145.769475
145.78155
145.819825
145.8422
145.8447
145.85015
145.85415
146.2718
146.364625
146.367
146.49815
146.580675
146.58535
146.58785
146.6827
147.0996
147.1831
147.2032
147.2234
147.246125
147.24805
147.25
147.25605
147.25795
147.260625
147.28585
147.48155
147.721875
148.121675
148.22875
148.687925
148.6906
148.7318
148.735825
148.782025
149.009825
149.05485
149.0908
149.133075
149.137275
149.1726
149.200625
149.203075
149.219625
149.2219
149.24505
149.3387
149.534625
149.61605
149.84545
150.19975
150.204325
150.211925
150.28465
150.291625
150.519075
150.587975
150.593775
151.126575
151.145525
151.15195
151.166575
151.1685
151.176475
151.184675
151.1958
151.20325
151.45025
151.613525
151.70285
151.707425
151.951575
151.954
152.10175
152.14265
152.374875
152.48
152.538225
152.62355
152.806125
152.949225
152.9698
152.97365
152.98475
153.1778
153.3718
153.427875
153.45775
153.464425
153.499825
153.505425
153.5097
153.511575
153.513575
153.515975
153.676925
153.749575
153.800975
153.844525
154.157875
154.163325
154.1725
154.205775
154.20805
154.215925
154.218525
154.221325
154.22895
154.235575
154.240475
154.255375
154.29235
154.4495
154.459275
154.47445
154.476875
154.479
154.49225
154.55615
154.566525
154.571925
154.578
154.585925
154.82985
154.966475
154.999925
155.123925
155.42395
155.476975
155.479675
155.488575
155.6269
155.75185
155.96495
156.0309
156.03365
156.1976
156.359625
156.439225
156.449075
156.481975
156.488725
156.50005
156.6537
156.655625
156.6648
156.6812
156.6849
156.68765
156.707475
156.7723
156.775025
156.7769
156.781725
156.787525
156.7951
156.8576
156.933275
157.107225
157.206425
157.2975
157.5415
157.546025
157.80665
157.886275
157.90395
157.906875
157.91225
157.937425
158.202925
158.398875
158.40345
158.79255
158.819525
158.82185
158.835525
159.47205
159.56835
159.834525
160.022875
160.0255
160.20255
160.513325
160.51575
160.526925
160.5556
160.5697
160.5734
160.575225
160.577275
160.5937
160.660775
160.67095
160.673525
160.7188
160.768075
160.780625
160.782825
160.7856
160.788225
160.790825
160.80185
160.96115
161.086925
161.17105
161.210675
161.213
161.217525
161.2349
161.236825
161.241625
161.2439
161.29775
161.30105
161.30715
161.315025
161.5154
161.581425
161.58795
161.59135
161.59585
161.6023
161.61475
161.980275
162.4485
162.454675
162.53255
162.58755
162.7343
162.876875
162.886825
162.915
163.157375
163.160775
163.311625
163.47755
163.57265
163.58965
163.60895
163.633825
163.678475
163.68015
163.68195
163.6839
163.687675
163.690375
163.703
163.8286
163.835925
163.839675
163.847175
163.849525
163.860575
163.864425
163.8993
163.905325
163.9078
163.913825
163.91815
164.02
164.022375
164.025025
164.043625
164.04645
164.10265
164.1113
164.334825
164.7859
164.787925
164.79595
164.89925
165.0097
165.0228
165.0255
165.149
165.153
165.3046
165.30745
165.313125
165.428675
165.43085
165.477075
165.478775
165.481825
165.490025
165.698375
165.73975
165.86935
165.872675
165.98655
166.02695
166.21745
166.3325
166.436275
166.564225
166.5693
167.060075
167.062475
167.07505
167.092175
167.09635
167.1375
167.13945
167.142125
167.170825
167.37945
167.398625
167.417725
167.425525
167.46295
167.7031
167.70675
167.866075
168.1817
168.187775
168.2373
168.260025
168.262725
168.27255
168.275325
168.280975
168.698325
168.764925
168.8891
168.897375
169.08155
169.0864
169.316175
169.590075
169.594725
169.5995
169.64165
169.64415
169.65675
169.662125
169.6674
169.671525
169.676975
169.885725
169.888725
169.924425
169.94875
169.952075
169.9568
169.961375
170.2356
170.237875
170.3129
170.315175
170.317025
170.32065
170.32615
170.3292
170.335775
170.460475
170.462975
170.786275
170.792075
171.0147
171.0688
171.081025
171.0828
171.0864
171.3042
171.6462
171.81875
171.932225
171.95585
171.98785
172.0452
172.57945
172.707425
173.069375
173.107275
173.2105
173.214425
173.671575
173.7464
173.97905
174.082175
174.326025
174.43045
174.433725
174.831675
175.01055
175.014875
175.113225
175.133975
175.301525
175.3143
175.39055
175.3937
175.40695
175.41485
175.416025
175.81065
176.02595
176.0457
176.0495
176.0529
176.069625
176.160325
176.164525
176.28875
176.292275
176.506525
176.711925
176.720725
176.7225
176.72455
176.732525
176.7591
176.7727
176.77595
176.792675
176.79735
176.835
176.83775
176.90285
176.965375
177.0322
177.035725
177.039225
177.448125
177.47845
177.48565
177.519475
177.658375
177.818475
177.831275
178.15585
178.16205
178.29545
178.63575
178.644075
178.675375
178.95875
178.960825
179.015225
179.017425
179.02095
179.036275
179.0759
179.077925
179.08185
179.09555
179.0975
179.099725
179.101525
179.103875
179.10965
179.1166
179.352225
179.456025
179.527775
179.71315
179.79685
179.826
179.91215
180.058025
180.3471
180.349825
180.4594
180.556125
180.644525
180.6827
180.705175
180.959475
181.058375
181.460925
181.556675
181.71125
181.86685
181.9459
181.9496
181.952825
182.077625
182.1489
182.161725
182.22
182.223875
182.23255
182.23695
182.335825
182.40165
182.438425
182.443025
182.47715
182.48005
182.695325
182.842275
182.856875
183.022525
183.1073
183.139375
183.2857
183.28965
183.33735
183.339925
183.343075
183.346875
183.3526
183.356675
183.44745
183.4538
183.47265
183.745525
183.82375
184.129225
184.13145
184.144275
184.150225
184.166425
184.17065
184.17545
184.210275
184.3286
184.62365
184.674575
184.677225
184.751625
185.17125
185.17545
185.49545
185.571325
185.574625
185.60525
185.608725
185.701175
185.82405
185.845575
186.017375
186.06
186.1917
186.196625
186.203575
186.255425
186.4838
186.48885
186.571275
186.574625
186.7522
186.887125
186.9435
187.216825
187.4295
187.62955
187.6836
187.68705
187.751425
187.754075
187.7794
187.803825
187.807725
187.972775
188.097
188.159
188.178525
188.180475
188.183875
188.23975
188.244225
188.253175
188.25745
188.26005
188.264075
188.27365
188.30435
188.462325
188.4672
188.4867
188.7445
188.747325
188.919325
188.922775
188.988625
189.138975
189.1448
189.173625
189.182825
189.200575
189.206825
189.218675
189.24605
189.255
189.2594
189.64575
189.763375
189.870225
189.995625
190.04585
190.193725
190.225425
190.2707
190.4141
190.654525
190.65535
190.71135
190.716325
190.88935
191.020275
191.0263
191.10235
191.1046
191.140675
191.379475
191.5022
191.50705
191.786125
192.04525
192.050375
192.285675
192.3568
192.472375
192.5537
192.62055
192.6242
192.677075
192.717475
192.72725
193.304875
193.342375
193.4177
193.8028
193.94785
194.16425
194.166575
194.225825
194.230425
194.318075
194.336575
194.514625
194.517475
194.71045
194.712775
194.715075
194.7174
194.7205
194.735625
194.863375
194.8666
194.978325
195.3107
195.3881
195.3926
195.53085
195.610725
195.616925
195.65535
195.72065
195.725775
195.840775
195.996325
196.328075
196.429275
196.514375
196.965825
197.027175
197.12775
197.282125
197.286625
197.42605
197.503275
197.574875
197.74285
197.76045
197.78825
197.8682
197.8708
197.9501
198.139525
198.142525
198.17835
198.181425
198.2908
198.292775
198.29465
198.29705
198.299375
198.303625
198.30995
198.347725
198.5452
198.547575
198.574425
198.577175
198.5792
198.5814
198.5845
198.587875
198.59335
198.609475
198.761
198.868475
198.872325
198.8855
199.106275
199.145675
199.220975
199.22535
199.468175
199.4957
199.545875
199.5802
199.896575
200.132675
200.28625
200.44155
200.5366
200.61295
200.980275
200.990475
201.00625
201.0083
201.0112
201.0164
201.063375
201.373375
201.37665
201.5202
201.57015
201.57225
201.592575
201.63865
201.86545
201.878475
201.91705
201.9247
201.927
201.92895
201.9329
201.935625
201.938
201.94525
202.013725
202.016575
202.09665
202.100925
202.105025
202.4122
202.731875
202.897325
203.0562
203.22025
203.46865
203.480075
203.48315
203.522475
203.524225
203.531525
203.53565
203.74085
203.743925
203.761025
203.763
203.766825
203.769075
203.772025
203.77445
203.782125
203.785
203.795225
203.8687
203.98175
204.025775
204.104425
204.106525
204.108875
204.1212
204.12345
204.132525
204.16605
204.181025
204.1859
204.191375
204.1945
204.197125
204.202675
204.211775
204.25505
204.257225
204.265575
204.4267
204.64885
204.667725
204.67365
204.7147
204.720425
204.7406
204.810875
204.812775
204.815025
204.8175
204.822
204.962725
205.30855
205.39095
205.445225
205.4591
205.462575
205.465175
205.468025
205.47385
205.476975
205.543125
205.737575
205.955775
205.9659
206.08115
206.1524
206.3169
206.331275
206.345175
206.3501
207.061925
207.2317
207.3218
207.42935
207.46765
207.53195
207.53585
207.663975
207.829525
207.833775
208.003
208.13125
208.148275
208.30315
208.307875
208.406725
208.42715
208.5852
208.58805
208.723225
208.725875
208.853975
208.86665
208.91015
208.951875
209.103125
209.604525
209.63785
209.85215
210.0079
210.028725
210.311075
210.40755
210.561175
210.6789
210.68485
210.707975
210.8822
210.884525
211.13625
211.178425
211.184375
211.274625
211.35785
211.468
211.72675
211.836725
212.0812
212.083175
212.085475
212.0895
212.343525
212.3487
212.519975
212.525525
212.605975
212.656875
212.661925
212.939525
213.1251
213.129075
213.2904
213.44365
213.8876
214.270325
214.2754
214.444625
214.451075
214.463675
214.565
214.5726
214.95105
214.986525
215.1726
215.1757
215.187125
215.203275
215.28935
215.4787
215.48245
215.5109
215.51385
215.530425
215.56235
215.59895
215.602
215.6299
215.738925
215.7853
215.78725
215.799525
215.806125
215.820275
215.831225
215.8351
215.89145
215.893575
215.89655
215.898875
215.904575
216.13525
216.16375
216.1661
216.16965
216.171875
216.177925
216.18135
216.206525
216.212925
216.2178
216.22935
216.23335
216.484525
216.49565
216.498
216.49985
216.5086
216.511175
216.5174
216.521425
216.538225
216.5441
216.5873
216.589625
216.592375
216.59885
216.79705
216.81855
216.82345
216.828875
216.8349
216.838925
216.86425
216.86655
216.87045
216.877325
216.928175
216.9354
217.193775
217.2094
217.211825
217.219925
217.222
217.228175
217.234725
217.24335
217.248875
217.268725
217.275375
217.285525
217.287825
217.29635
217.300375
217.303125
217.348175
217.35055
217.35395
217.3657
217.37645
217.3821
217.51185
217.51455
217.5175
217.519925
217.522125
217.5259
217.5284
217.5322
217.864
218.02065
218.023325
218.040475
218.105675
218.1074
218.110225
218.119875
218.1703
218.35575
218.512975
218.5302
218.695675
218.746375
218.756275
218.758625
218.76075
218.773875
218.8488
218.851225
218.8559
218.8618
219.184525
219.47825
219.684325
219.687125
219.723675
219.9286
219.93275
219.975375
219.978325
219.98015
219.9823
219.984625
219.988725
219.992475
220.00465
220.056175
220.058725
220.0609
220.065
220.075225
220.1226
220.1447
220.149525
220.178525
220.247325
220.2492
220.2578
220.2651
220.26885
220.2818
220.47915
220.595925
220.7603
221.12695
221.408825
221.4164
221.71295
221.715575
221.733675
221.77585
221.819825
222.19335
222.214275
222.2182
222.2255
222.233475
222.236
222.2765
222.278575
222.2817
222.2861
222.2912
222.485475
222.4889
222.4967
222.5007
222.7487
222.7512
222.761875
222.934
222.9377
223.111225
223.16495
223.22235
223.2263
223.241425
223.24365
223.259725
223.273375
223.2812
223.2838
223.2943
223.299075
223.339075
223.341625
223.380275
223.475275
223.477475
223.482525
223.558675
223.562625
223.572
223.577325
223.579725
223.5827
223.586275
223.5906
223.595575
223.652925
223.654775
223.6585
223.9334
224.018125
224.02095
224.04065
224.053475
224.056125
224.0589
224.0611
224.06885
224.0754
224.293875
224.297575
224.349775
224.5179
224.68855
224.6976
224.7001
224.709525
224.741625
224.74435
224.747475
224.7504
224.760475
224.767725
225.153525
225.155325
225.158225
225.161025
225.1677
225.17685
225.21235
225.273875
225.28155
225.867225
225.919975
226.209575
226.300425
226.459225
226.513525
226.64395
226.650275
226.6861
226.6903
227.0834
227.087075
227.1524
227.155575
227.172625
227.1895
227.285575
227.317875
227.32015
227.36415
227.401175
227.40715
227.409675
227.41275
227.4194
227.42165
227.42925
227.6194
227.622675
227.719475
227.99625
228.012325
228.0505
228.074825
228.0913
228.28035
228.454775
228.550175
229.009225
229.131575
229.133975
229.38725
229.3929
229.4007
229.462775
229.4933
229.4956
229.550475
229.561775
229.564275
229.666825
229.6875
229.68985
229.7075
229.79965
229.802
230.0185
230.034625
230.2365
230.352875
230.462
230.466675
230.5166
230.5676
230.570225
230.595325
230.64665
230.84145
230.88805
230.9579
230.962325
231.14695
231.177475
231.28945
231.302375
231.3159
231.317775
231.31985
231.322225
231.3244
231.327125
231.33385
231.414375
231.497475
231.89605
231.951225
231.955325
231.996775
232.003825
232.050675
232.337725
232.726975
232.929325
233.004375
233.083975
233.121975
233.269575
233.527125
233.832725
233.85155
233.89855
233.934725
234.101525
234.1792
234.1918
234.44315
234.59665
234.74925
234.763725
235.13395
235.137925
235.18465
235.389625
235.6514
235.722175
235.90395
235.905975
235.930725
235.94115
236.079825
236.082775
236.123725
236.1651
236.167175
236.18105
236.51615
236.592475
236.59915
237.1271
237.131025
237.1574
237.1836
237.3324
237.3347
237.33835
237.363575
237.3705
237.374375
237.381425
237.570425
237.67165
237.67655
237.933225
237.93585
237.952775
237.956275
238.175625
238.178125
238.195125
238.221525
238.2293
238.419925
238.469475
238.4919
238.49575
238.49775
238.500025
238.50235
238.5071
238.5173
238.5396
238.6837
238.8411
238.861525
238.892775
238.895375
238.904275
238.90935
238.919175
238.92835
239.006275
239.00885
239.074
239.076775
239.08155
239.085925
239.10605
239.238525
239.24025
239.310625
239.31265
239.314675
239.31705
239.31965
239.324825
239.33005
239.43445
239.734175
