0.6362
1.583075
1.58865
1.930025
1.940125
2.05835
3.33545
3.352875
3.392475
4.004525
4.01255
4.0499
7.716875
7.752325
7.7866
11.444725
11.450575
11.47185
11.477575
11.486775
11.50895
12.020875
12.2676
12.2737
12.2986
16.5969
16.602775
16.6332
18.178225
18.18415
18.206575
19.134025
19.14085
19.178475
19.666625
19.69255
21.758775
21.764725
21.790875
26.631875
26.63785
26.674025
29.33315
29.339875
31.37845
31.38465
31.39555
31.41985
31.758625
31.77825
32.290625
32.298375
32.3177
35.799875
35.80535
35.82945
35.85125
35.856875
35.870375
35.877225
35.88425
35.8947
35.904025
36.767
36.774125
36.797975
38.174425
38.180625
38.2034
40.024375
40.03015
40.052125
40.142
40.15195
40.163325
41.0752
41.081475
41.1218
41.14035
41.147775
41.17235
41.304475
41.31635
41.34445
43.632175
43.6385
43.66345
49.079675
49.085325
49.100425
49.47445
49.492075
50.659325
50.683275
52.364925
52.39075
54.10575
54.1149
54.123025
54.212475
54.225975
55.733475
55.740425
55.77135
56.14475
56.1591
56.52025
56.527
56.748925
56.76755
59.045775
59.0526
59.083575
59.87715
59.8915
63.024325
63.040525
64.7057
64.712275
64.73325
65.77145
65.778175
65.8084
66.4055
66.4138
66.42035
66.4292
66.439225
66.952575
66.959925
67.69555
67.705025
67.732175
67.7553
67.76215
67.77755
67.791675
69.6831
69.689425
69.7173
72.8343
72.840875
72.869625
74.103225
74.120625
76.25665
76.289625
76.325975
77.75065
77.770875
78.483625
78.489975
78.515975
80.33965
80.3558
81.806225
81.81225
81.840825
81.93535
81.943225
81.962725
82.2007
82.207875
82.233175
84.04565
84.05185
84.08695
84.9884
85.0052
85.33095
85.337975
86.411925
86.435625
86.611575
86.6196
87.94315
87.96645
93.668
93.67405
93.712
93.816425
93.823275
93.852825
93.86115
93.86965
93.8782
93.88495
93.89265
93.902075
93.9117
94.627525
94.632625
94.64135
94.665
94.667575
94.681475
94.68825
94.721775
95.8321
95.8503
97.79555
97.8013
97.815625
97.9246
97.934575
98.016325
100.76005
100.766075
100.7866
101.0635
101.2233
101.2419
104.8601
104.865925
104.876
104.920925
110.540625
110.54635
110.571425
110.60405
112.0806
116.5198
116.526
116.558175
117.587875
117.612525
117.619125
117.639775
119.306725
120.6643
120.67015
120.680625
120.6936
122.77915
122.792425
122.881475
122.89135
123.791575
124.377275
126.17645
126.18295
126.211625
126.2232
126.229225
126.237725
126.250975
126.26465
126.404225
126.423375
134.26275
134.268825
134.275625
134.283475
134.2941
134.317225
142.685825
144.7674
144.77315
144.782475
144.804375
145.83865
145.845025
145.870725
150.22535
150.23075
150.2543
154.101925
154.107925
154.13455
154.678875
154.685975
155.730075
155.73575
155.771775
155.7928
155.79825
155.818175
158.2992
158.307375
158.31385
158.321275
158.32945
158.349625
160.21685
160.2234
160.250675
161.77585
161.782825
161.81645
161.822375
161.831925
161.842925
161.8719
163.3905
163.78915
163.796225
163.83005
169.01465
169.0212
169.0554
174.183275
174.189025
174.200025
174.2162
176.625075
179.154825
179.16075
179.188675
179.415875
179.429675
181.789975
181.811725
185.9194
185.9253
185.949525
