0.6431
0.646
0.790025
0.79675
0.803925
1.177975
1.1843
1.202175
1.57585
1.636675
1.65905
1.669075
1.68655
1.906025
2.1405
2.503125
3.35575
4.9215
5.149275
5.56195
5.8264
6.10835
6.13035
6.743425
6.75275
7.1483
7.377575
7.75845
8.011875
8.606775
9.529925
9.553
10.183275
10.19525
10.964825
11.720125
11.744275
12.021275
12.4459
12.597275
12.604825
12.938625
13.60185
13.649275
14.30495
15.00005
15.0118
15.02465
15.20615
15.432475
16.465325
16.744575
16.754475
17.5013
18.64515
19.363375
21.27495
21.28205
21.296475
21.319425
21.3358
21.494025
21.503
21.784275
21.79335
22.587425
25.421475
25.426775
25.4362
26.209075
26.217425
26.27185
26.293825
27.045425
27.801625
28.395325
28.406975
28.914075
28.969225
29.4208
29.794675
31.361975
31.372225
31.38135
31.58635
31.59385
32.87535
32.889175
33.057525
34.119925
34.6548
35.87195
35.88695
35.988775
36.7469
36.767275
36.801325
36.8129
37.0755
37.348175
37.35815
37.823275
38.717525
38.72465
38.806025
39.090675
39.0997
39.511125
39.76125
40.143075
41.416725
41.461775
42.59515
42.6023
43.25545
43.588325
43.8471
44.288775
44.315625
44.322575
44.660875
45.357525
46.2089
47.33565
47.507
48.6625
48.669875
48.6972
50.2493
50.3095
50.715225
50.73775
50.8578
51.699875
52.082025
54.46045
54.78665
55.017225
56.90085
56.919125
57.11735
57.1397
57.676125
57.771525
58.380825
59.1521
59.220875
59.23635
60.182275
60.1937
60.2214
61.17425
61.8837
62.042125
62.06685
62.07325
62.086325
62.110175
62.560775
64.6163
64.62105
64.63185
64.65025
64.916525
64.9187
64.938
65.3348
65.917575
66.440375
67.04535
67.053375
67.897175
67.918475
70.2078
70.221225
72.276525
72.901875
73.51575
73.615425
73.6441
74.425675
74.837475
75.89095
75.900025
75.938075
76.7852
77.983425
77.9904
77.998775
78.032525
79.5827
79.608175
80.340325
80.628175
80.64345
82.00935
82.017775
82.662575
82.670825
83.564975
83.58045
84.2017
85.46575
85.47065
86.297675
86.311025
88.84595
88.8509
88.862675
88.8706
91.066075
91.073775
91.242725
91.9261
92.525825
92.53115
92.573
92.9938
93.427475
93.682
93.687275
93.68945
93.712175
93.788725
93.815075
93.83565
94.497325
94.734825
94.74315
95.506175
95.51915
96.0626
97.103725
97.1259
97.346275
97.7994
97.805375
97.955875
98.28175
100.17295
100.1915
100.2564
101.006325
101.87865
101.884875
101.91075
101.938375
101.98315
102.084375
102.097975
102.1157
102.39515
103.31015
103.7264
103.743425
103.766775
104.304075
105.093825
105.419875
106.873675
106.9297
107.54135
107.554775
108.3058
108.311425
108.3687
108.723225
109.6988
109.716725
110.921525
110.9286
110.941425
112.07615
112.0816
112.08875
112.14645
112.647
114.0251
114.1307
114.7238
115.907125
116.311025
116.3258
117.6238
117.62865
117.630625
117.63605
117.64515
118.1506
118.1571
118.162875
119.302
119.316125
119.43225
119.4475
120.362475
120.372175
121.756675
121.801425
121.90475
122.864025
123.329775
123.342575
123.792075
123.797175
123.802325
123.8807
124.940725
124.96175
125.12335
126.10845
126.18505
126.37305
126.41405
126.55425
126.875175
127.2218
127.348525
127.372825
128.313925
129.902
129.9079
129.9167
130.345875
130.8723
130.8923
131.9623
133.108775
133.6522
133.66375
134.414975
134.45455
136.077325
136.98355
138.420725
138.610325
138.621875
139.07105
139.077875
140.424725
142.372975
142.382825
142.69715
144.26095
144.883
145.422625
145.568375
145.5761
145.8682
147.5196
147.548825
147.734725
147.87005
147.889
147.969075
147.995525
148.008125
148.02525
148.3882
150.756225
150.771325
152.08705
152.110775
152.12945
152.139175
153.6604
153.71155
153.726075
154.10285
155.633375
155.641375
155.650075
156.159875
156.1839
157.789275
157.79825
158.1481
158.3747
158.68985
158.703775
159.040125
159.85375
160.217875
160.244925
160.644925
161.142775
161.957425
162.1285
162.86875
164.5581
164.902
164.908525
164.9298
166.231325
166.973
166.9909
167.29305
167.3274
167.521775
167.586675
168.149
168.159525
168.19335
168.618
169.58245
170.2125
170.22875
170.23685
170.261475
170.41715
170.592725
171.578225
171.8338
172.177075
172.561725
172.619525
173.748825
174.383325
174.91915
175.08825
175.155825
176.3073
176.384125
177.31105
177.3206
177.341525
178.2152
178.228
179.11675
179.124025
179.528625
181.550275
181.5568
181.56405
181.7934
182.550825
182.897425
183.698525
183.85935
183.868475
184.23845
185.1107
185.1167
185.14705
185.848275
185.85725
185.881475
186.49685
187.204775
187.2127
187.229625
187.94705
187.974
188.3102
188.3201
188.47495
188.52015
189.48835
189.5324
189.538025
191.573975
191.58045
192.435575
