0.634075
0.64105
0.654275
0.7986
1.17155
1.17845
1.38835
1.396425
1.435425
1.57495
2.843275
3.15905
4.777025
4.89875
5.144225
6.735125
7.153375
7.223025
7.3688
7.713275
7.73435
7.735875
7.7481
8.140125
9.077875
9.520575
11.022725
11.112425
12.01995
12.027225
12.70755
13.8725
14.164675
14.878325
14.987775
15.00195
15.00355
15.285025
17.23455
17.3455
17.48675
17.5492
17.7998
18.647075
20.94045
21.273575
21.32635
22.6947
22.700775
22.70735
22.715
22.725925
23.652
23.658975
23.668475
23.776825
24.124575
25.4192
26.0131
26.023275
26.218075
26.2781
27.043725
28.402825
28.75755
28.91205
28.928225
31.377875
31.452475
31.858225
32.5713
33.34905
33.961975
35.6136
35.86365
36.354175
36.745075
36.748775
36.82185
37.3488
37.684325
39.08985
39.098625
39.435875
39.501925
39.7067
41.7476
42.55
42.6595
43.274625
43.634575
44.321975
44.59895
44.657925
45.36445
45.435025
45.936225
47.1034
47.577075
47.9645
48.657125
49.909525
50.2512
51.5506
51.689125
52.444125
53.20555
54.067475
54.1371
55.455925
56.37075
56.3754
56.382575
56.745825
56.7538
57.1157
57.576525
57.67625
58.50135
59.2243
61.080975
61.0937
61.861575
61.86815
61.87595
62.0666
62.092425
62.162075
62.851175
63.683275
63.695275
64.064475
66.3757
66.382025
66.43
66.436675
67.052475
67.656975
69.6715
69.691425
72.2314
72.24645
72.250925
72.252075
73.5137
73.529825
73.6149
73.8123
74.7737
75.9016
76.226475
76.67945
78.173475
78.680125
80.076125
80.083275
81.475975
82.68545
83.638525
84.1299
84.1948
84.225675
84.388825
84.671825
84.748675
85.464325
85.7928
86.5328
87.2764
87.28555
87.96915
88.47135
88.84715
89.33895
89.3513
91.245875
91.25115
91.272025
91.631225
93.42915
93.68895
93.69235
93.7007
93.713575
93.792075
94.495675
94.7234
94.74825
95.496175
95.929975
96.06865
96.257275
96.84405
97.09145
97.10325
98.958325
99.61525
99.6468
100.164175
101.007075
101.014475
101.0471
101.588725
102.115
102.2055
103.7456
104.06375
104.4012
104.533375
105.98405
106.87735
107.5397
108.07435
108.093625
108.6214
110.009175
110.022275
110.94305
112.082725
112.0878
112.0946
112.103875
112.147325
112.271075
112.283
113.064
113.456575
113.74465
114.432625
114.4527
116.309825
116.324725
117.606475
117.61465
117.61795
118.163975
118.307975
118.6892
119.2978
119.304975
119.31365
119.322925
119.76685
119.804375
120.16735
120.361625
120.367
120.6306
121.062775
121.752725
121.762975
122.894325
123.08245
123.328525
123.33535
123.788425
124.5534
124.853525
125.8561
126.25045
126.881475
126.903275
127.187625
127.212275
127.360675
127.722325
128.037975
129.124875
129.135075
129.66445
129.8979
130.8219
131.492025
131.627675
133.886075
133.902575
135.0225
135.273775
136.09845
137.1365
138.095425
138.605125
138.6149
139.0767
139.0851
139.108975
140.432575
140.87415
141.86715
142.6997
143.393575
143.514925
144.25015
144.31785
144.719175
144.736225
145.1613
145.5679
145.57925
145.86725
146.5941
147.733225
147.79015
147.830125
147.871925
147.96425
147.97645
147.995175
149.0767
149.085675
150.11985
150.757325
152.081025
152.131825
152.141525
152.1506
152.412475
152.70565
153.28695
153.3016
153.460275
153.64815
153.65615
153.71445
154.701825
155.2398
155.636575
155.706
157.08545
158.1476
158.4523
158.852525
160.045075
160.0553
160.0875
160.09045
160.2134
160.259775
160.64225
160.92355
161.600625
162.114425
162.14155
162.39315
162.7478
162.866975
162.8865
164.0566
164.3907
164.925225
166.3629
167.3194
167.32425
167.481925
168.560575
169.36245
170.229025
170.235375
170.410625
171.57575
171.582075
173.351875
176.3823
176.455475
176.47895
176.882425
177.302225
177.8331
177.857025
178.20985
178.4092
178.615375
178.622325
178.629975
179.1315
181.061525
181.5515
181.552975
181.5581
181.8169
183.862225
184.240275
184.250825
184.28045
185.11005
185.256375
185.696525
185.856675
186.502
186.78605
187.9909
188.30415
188.7247
188.734625
190.32715
190.33515
191.22095
191.452175
192.120875
193.209775
