9.14545
16.981825
23.718625
24.185375
32.708225
33.2109
37.572225
42.526625
44.9645
47.5128
49.29665
49.30405
49.316925
56.00165
58.480975
61.1412
61.32485
71.3471
71.3595
82.035725
88.2984
94.515825
94.5337
100.832425
112.054975
124.290175
124.3042
128.387075
128.672525
141.534075
141.54685
146.409075
146.47515
149.88085
151.71055
153.50595
157.982375
157.992225
158.521025
160.4516
164.22455
168.564125
168.8854
169.825875
170.959825
170.970125
170.988625
176.3186
177.1268
179.731875
188.116925
188.5675
189.9585
189.968325
189.9803
189.9936
190.835425
190.842875
